"Time (s)","Acceleration x (m/s^2)","Acceleration y (m/s^2)","Acceleration z (m/s^2)"
4.821777000E-3,1.090887451E1,-3.785446167E0,1.459382629E1
7.232666000E-3,1.090887451E1,-3.785446167E0,1.459382629E1
9.643554000E-3,9.978073120E0,-5.182861328E0,1.709193420E1
1.205444300E-2,1.014796448E1,-4.524826050E0,1.785763550E1
1.446533200E-2,1.018624878E1,-4.122833252E0,1.840798950E1
1.687622000E-2,1.008096313E1,-3.713653564E0,1.883151245E1
1.928710900E-2,1.021017456E1,-4.074981689E0,1.876451111E1
2.169799800E-2,1.037767029E1,-4.785644531E0,1.858027649E1
2.410888600E-2,1.038485718E1,-5.312072754E0,1.840319824E1
2.648925800E-2,1.041595459E1,-5.788238525E0,1.836730957E1
2.886962900E-2,1.034895325E1,-5.986846924E0,1.849412537E1
3.125000000E-2,1.019821167E1,-5.924636841E0,1.847499084E1
3.366088800E-2,1.007377625E1,-5.824127197E0,1.857548523E1
3.604126000E-2,9.956542969E0,-5.625518799E0,1.842234802E1
3.845214800E-2,9.867996216E0,-5.410171509E0,1.825723267E1
4.086303700E-2,9.690933228E0,-5.369491577E0,1.796531677E1
4.327392600E-2,8.520843506E0,-6.142379761E0,1.776910400E1
4.565429700E-2,9.083160400E0,-6.017944336E0,1.709432983E1
4.806518500E-2,1.013839722E1,-5.568099976E0,1.367498779E1
5.047607400E-2,9.877578735E0,-4.934005737E0,1.324188232E1
5.288696300E-2,9.719650269E0,-4.254440308E0,1.284945679E1
5.529785100E-2,9.442077637E0,-3.347564697E0,1.242353821E1
5.770874000E-2,9.482757568E0,-2.699096680E0,1.062652588E1
6.011962900E-2,9.241088867E0,-3.263809204E0,1.019581604E1
6.253051700E-2,9.257827759E0,-3.909866333E0,1.013121033E1
6.494140600E-2,9.444473267E0,-4.278366089E0,9.808181763E0
6.732177700E-2,9.808181763E0,-4.374084473E0,9.427719116E0
6.973266600E-2,1.033221436E1,-4.340576172E0,8.992233276E0
7.214355400E-2,1.028674316E1,-3.850051880E0,8.836700439E0
7.455444300E-2,1.012881470E1,-3.165710449E0,8.487335205E0
7.693481400E-2,9.803390503E0,-2.854644775E0,8.573486328E0
7.934570300E-2,9.358322144E0,-2.962310791E0,9.035293579E0
8.175659200E-2,9.183654785E0,-3.304489136E0,9.415756226E0
8.416748000E-2,9.123840332E0,-3.615554810E0,9.310470581E0
8.654785100E-2,9.011367798E0,-3.902694702E0,9.276977539E0
8.895874000E-2,9.145370483E0,-4.091720581E0,9.322433472E0
9.136962900E-2,9.528213501E0,-4.067794800E0,9.030517578E0
9.378051700E-2,9.427719116E0,-4.012756348E0,9.023330688E0
9.619140600E-2,9.631118774E0,-3.850051880E0,7.984848022E0
9.857177700E-2,9.470794678E0,-3.342773438E0,6.336196899E0
1.009826660E-1,9.375076294E0,-2.756530762E0,4.158721924E0
1.033935540E-1,9.025726318E0,-2.277969360E0,3.067596436E0
1.058044430E-1,8.800796509E0,-2.177474976E0,2.904891968E0
1.081848140E-1,8.618942261E0,-2.474182129E0,3.646667480E0
1.105957030E-1,8.635696411E0,-3.012557983E0,4.701904297E0
1.130065920E-1,8.997009277E0,-3.491134644E0,5.465209961E0
1.154174800E-1,9.370300293E0,-3.871582031E0,6.235702515E0
1.177978510E-1,9.700500488E0,-4.254440308E0,6.673583984E0
1.202087400E-1,1.037287903E1,-4.400405884E0,6.876968384E0
1.226196290E-1,1.067677307E1,-4.352539062E0,6.556335449E0
1.250305170E-1,1.057148743E1,-4.141983032E0,6.570693970E0
1.274414060E-1,1.054039001E1,-3.763916016E0,6.546768188E0
1.298217770E-1,1.046859741E1,-3.309280396E0,6.391235352E0
1.322326660E-1,1.026042175E1,-2.979064941E0,6.317047119E0
1.346435540E-1,9.741180420E0,-2.945571899E0,6.183059692E0
1.370544430E-1,9.329620361E0,-3.089126587E0,6.680755615E0
1.394348140E-1,9.049652100E0,-3.235092163E0,6.726226807E0
1.418457030E-1,8.901306152E0,-3.596405029E0,6.757324219E0
1.442565920E-1,8.956329346E0,-3.866806030E0,6.470199585E0
1.466674800E-1,8.906082153E0,-3.847656250E0,6.087341309E0
1.490478510E-1,8.733810425E0,-3.632308960E0,6.163909912E0
1.514587400E-1,8.812759399E0,-3.352340698E0,6.266799927E0
1.538696290E-1,8.769699097E0,-3.148956299E0,6.419937134E0
1.562805170E-1,8.145172119E0,-2.620147705E0,7.128219604E0
1.586914060E-1,6.640075684E0,-1.799407959E0,7.475173950E0
1.610717770E-1,8.535202026E0,-3.773483276E0,7.496719360E0
1.634826660E-1,8.563919067E0,-4.132400513E0,7.752746582E0
1.658935540E-1,8.271987915E0,-4.225723267E0,7.039688110E0
1.683044430E-1,7.800598145E0,-4.508071899E0,6.903289795E0
1.706848140E-1,7.881958008E0,-3.811767578E0,6.149551392E0
1.730957030E-1,6.862609863E0,-3.428909302E0,6.362518311E0
1.755065920E-1,7.290924072E0,-3.153747559E0,7.613967896E0
1.779174800E-1,7.642669678E0,-2.368896484E0,6.434295654E0
1.802978510E-1,6.675979614E0,-8.518524170E-1,6.211761475E0
1.827087400E-1,7.077972412E0,-1.076766968E0,4.646865845E0
1.851196290E-1,7.420150757E0,-9.786682129E-1,4.424331665E0
1.875305170E-1,7.829315186E0,-3.751953125E0,5.245071411E0
1.899414060E-1,7.515853882E0,-3.460021973E0,5.017745972E0
1.923217770E-1,6.809967041E0,-2.885742188E0,3.414550781E0
1.947326660E-1,6.652053833E0,-2.493316650E0,3.170486450E0
1.971435540E-1,6.568298340E0,-2.165512085E0,3.108276367E0
1.995544430E-1,6.742980957E0,-1.746765137E0,3.139389038E0
2.019348140E-1,6.838684082E0,-1.320831299E0,3.055633545E0
2.043457030E-1,6.896118164E0,-1.148559570E0,3.127426147E0
2.067565920E-1,6.850646973E0,-1.165298462E0,3.287734985E0
2.091674800E-1,7.056427002E0,-1.179656982E0,3.361923218E0
2.115478510E-1,7.144973755E0,-1.203582764E0,3.488739014E0
2.139587400E-1,6.793228149E0,-1.201202393E0,3.672988892E0
2.163696290E-1,6.611373901E0,-1.083953857E0,3.780654907E0
2.187805170E-1,6.051452637E0,-1.938171387E-1,4.299896240E0
2.211914060E-1,4.101303101E0,1.588836670E0,4.388442993E0
2.235717770E-1,5.592025757E0,4.307098389E-1,4.785644531E0
2.259826660E-1,6.606582642E0,-9.379882812E-1,5.044067383E0
2.283935540E-1,5.850448608E0,-2.890533447E0,4.847854614E0
2.308044430E-1,4.644470215E0,-3.979263306E0,4.752151489E0
2.331848140E-1,2.880966187E0,-3.739974976E0,5.108673096E0
2.355957030E-1,2.179855347E0,-3.649047852E0,5.615951538E0
2.380065920E-1,2.122436523E0,-3.369094849E0,6.525222778E0
2.404174800E-1,2.184646606E0,-2.914459229E0,7.441680908E0
2.427978510E-1,2.266006470E0,-2.557922363E0,8.185852051E0
2.452087400E-1,2.244461060E0,-2.462219238E0,8.819946289E0
2.476196290E-1,2.091323853E0,-2.622528076E0,9.092727661E0
2.500305170E-1,1.938186646E0,-2.935989380E0,9.181259155E0
2.524414060E-1,1.768295288E0,-3.182449341E0,9.152542114E0
2.548217770E-1,1.682159424E0,-3.280563354E0,8.908477783E0
2.572326660E-1,1.615158081E0,-3.294921875E0,8.640487671E0
2.596435540E-1,1.414154053E0,-3.194412231E0,8.362915039E0
2.620544430E-1,1.304092407E0,-3.050842285E0,8.128417969E0
2.644348140E-1,1.148559570E0,-2.967102051E0,7.984848022E0
2.668457030E-1,1.191619873E0,-2.835494995E0,7.779067993E0
2.692565920E-1,1.258621216E0,-2.720642090E0,7.520645142E0
2.716674800E-1,1.251449585E0,-2.691925049E0,7.446456909E0
2.740478510E-1,1.239486694E0,-2.675170898E0,7.195220947E0
2.764587400E-1,1.550552368E0,-2.778060913E0,6.991821289E0
2.788696290E-1,1.234695435E0,-3.065200806E0,7.219146729E0
2.812805170E-1,1.962112427E0,-2.909667969E0,6.984649658E0
2.836914060E-1,1.945358276E0,-3.055633545E0,6.652053833E0
2.860717770E-1,2.110473633E0,-3.225524902E0,6.635299683E0
2.884826660E-1,2.026718140E0,-3.783050537E0,7.154541016E0
2.908935540E-1,2.792419434E0,-3.689727783E0,6.999008179E0
2.933044430E-1,2.991027832E0,-3.878768921E0,6.735794067E0
2.956848140E-1,2.933593750E0,-4.323837280E0,6.865005493E0
2.980957030E-1,3.043670654E0,-4.682754517E0,7.101898193E0
3.005065920E-1,3.498306274E0,-4.541580200E0,6.405578613E0
3.029174800E-1,3.574874878E0,-4.608581543E0,6.044265747E0
3.052978510E-1,3.256637573E0,-5.058425903E0,6.185440063E0
3.077087400E-1,4.204193115E0,-4.582260132E0,5.302490234E0
3.101196290E-1,4.082153320E0,-4.249649048E0,4.833496094E0
3.125305170E-1,3.878768921E0,-4.685150146E0,4.989028931E0
3.149414060E-1,4.747360229E0,-3.979263306E0,4.058227539E0
3.173217770E-1,5.094314575E0,-2.940780640E0,3.452850342E0
3.197326660E-1,4.180267334E0,-3.761520386E0,3.364303589E0
3.221435540E-1,4.567901611E0,-3.227920532E0,2.754135132E0
3.245544430E-1,5.127822876E0,-1.586441040E0,1.899902344E0
3.269348140E-1,2.531600952E0,-3.991226196E0,2.098510742E0
3.293457030E-1,3.651443481E0,-3.005386353E0,1.201202393E0
3.317565920E-1,5.730804443E0,6.819610596E-1,3.828582764E-1
3.341674800E-1,4.510467529E0,5.264282227E-2,9.786682129E-1
3.365783690E-1,3.500701904E0,-2.297058105E-1,1.710861206E0
3.389892580E-1,2.531600952E0,-8.015899658E-1,2.562713623E0
3.414001460E-1,3.567703247E0,-4.785156250E-2,3.041275024E0
3.438110350E-1,3.333206177E0,-1.045669556E0,3.792617798E0
3.461914060E-1,3.792617798E0,-2.574676514E0,4.984252930E0
3.486022950E-1,4.283157349E0,-3.072387695E0,6.049057007E0
3.510131830E-1,4.383651733E0,-3.704086304E0,7.077972412E0
3.534240720E-1,4.412368774E0,-4.120437622E0,8.544769287E0
3.558349610E-1,4.051055908E0,-5.584854126E0,9.745971680E0
3.582153320E-1,3.696914673E0,-7.546966553E0,1.046380615E1
3.606262200E-1,3.156127930E0,-8.705093384E0,1.034417725E1
3.630371090E-1,3.237487793E0,-8.300704956E0,1.046620178E1
3.654479980E-1,3.541381836E0,-7.027725220E0,1.053080750E1
3.678283690E-1,3.780654907E0,-6.142379761E0,1.089451599E1
3.702392580E-1,3.713653564E0,-6.510864258E0,1.162432861E1
3.726501460E-1,3.826126099E0,-7.685745239E0,1.151666260E1
3.750610350E-1,3.474380493E0,-9.176467896E0,1.118165588E1
3.774414060E-1,3.010177612E0,-9.755538940E0,1.109072876E1
3.798522950E-1,2.127212524E0,-1.018624878E1,1.164347839E1
3.822631830E-1,1.720443726E0,-1.010249329E1,1.163868713E1
3.846740720E-1,1.299301147E0,-1.003788757E1,1.134197998E1
3.870849610E-1,1.493118286E0,-9.793823242E0,1.071266174E1
3.894653320E-1,1.861618042E0,-9.657424927E0,1.005464172E1
3.918762200E-1,2.277969360E0,-9.444473267E0,9.628723145E0
3.942871090E-1,2.658432007E0,-9.597610474E0,9.207580566E0
3.966979980E-1,3.074783325E0,-9.717254639E0,8.772094727E0
3.990783690E-1,3.136993408E0,-9.841674805E0,8.248062134E0
4.014892580E-1,3.292526245E0,-9.958923340E0,7.767105103E0
4.039001460E-1,3.641876221E0,-1.004507446E1,7.369888306E0
4.063110350E-1,4.247253418E0,-9.949356079E0,7.164108276E0
4.087219240E-1,4.876571655E0,-1.004028320E1,6.855438232E0
4.111022950E-1,5.249847412E0,-9.590438843E0,6.647262573E0
4.135131830E-1,5.434097290E0,-9.099899292E0,6.388839722E0
4.159240720E-1,5.522628784E0,-9.016159058E0,6.072982788E0
4.183349610E-1,5.702102661E0,-8.606979370E0,5.592025757E0
4.207153320E-1,5.819351196E0,-8.750549316E0,5.245071411E0
4.231262200E-1,5.867202759E0,-8.587844849E0,4.929214478E0
4.255371090E-1,5.714065552E0,-8.317459106E0,4.704284668E0
4.279479980E-1,5.654235840E0,-7.901107788E0,4.455429077E0
4.303283690E-1,5.809768677E0,-7.700103760E0,4.213760376E0
4.327392580E-1,5.761917114E0,-7.590026855E0,4.058227539E0
4.351501460E-1,5.816955566E0,-7.575683594E0,3.842880249E0
4.375610350E-1,5.714065552E0,-8.166702271E0,3.814163208E0
4.399414060E-1,5.623138428E0,-8.638092041E0,3.670593262E0
4.423522950E-1,5.252243042E0,-9.217147827E0,3.888336182E0
4.447631830E-1,4.986648560E0,-9.767501831E0,4.252044678E0
4.471740720E-1,4.953140259E0,-9.975677490E0,4.565505981E0
4.495849610E-1,4.979461670E0,-1.002832031E1,4.747360229E0
4.519653320E-1,5.161315918E0,-1.044706726E1,5.106277466E0
4.543762200E-1,5.211563110E0,-1.074617004E1,5.391036987E0
4.567871090E-1,5.405380249E0,-1.094238281E1,5.766708374E0
4.591979980E-1,5.570495605E0,-1.103091431E1,6.039489746E0
4.615783690E-1,5.649459839E0,-1.137786865E1,6.422332764E0
4.639892580E-1,5.575271606E0,-1.178944397E1,6.876968384E0
4.664001460E-1,5.730804443E0,-1.204307556E1,7.365112305E0
4.688110350E-1,5.771484375E0,-1.246661377E1,7.764709473E0
4.711914060E-1,5.556137085E0,-1.308634949E1,8.171493530E0
4.736022950E-1,5.386245728E0,-1.344049072E1,8.413162231E0
4.760131830E-1,5.201995850E0,-1.380180359E1,8.748153687E0
4.784240720E-1,5.070388794E0,-1.406022644E1,9.011367798E0
4.808349610E-1,4.840682983E0,-1.415354919E1,9.257827759E0
4.832153320E-1,4.756927490E0,-1.384965515E1,9.195617676E0
4.856262200E-1,4.819152832E0,-1.315574646E1,8.707489014E0
4.880371090E-1,5.333602905E0,-1.263888550E1,8.477767944E0
4.904479980E-1,5.862411499E0,-1.229432678E1,7.561325073E0
4.928283690E-1,5.599212646E0,-1.150947571E1,7.444076538E0
4.952392580E-1,6.778869629E0,-1.272741699E1,7.281356812E0
4.976501460E-1,7.726425171E0,-1.325144958E1,6.704696655E0
5.000610350E-1,7.197616577E0,-1.260299683E1,5.759521484E0
5.024414060E-1,7.010971069E0,-1.264846802E1,6.467803955E0
5.048522950E-1,7.317245483E0,-1.279681396E1,6.443878174E0
5.072631830E-1,6.769302368E0,-1.218904114E1,5.682952881E0
5.096740720E-1,5.288131714E0,-1.050210571E1,6.532409668E0
5.120849610E-1,4.948364258E0,-9.930221558E0,7.094726562E0
5.144653320E-1,5.788238525E0,-1.031306458E1,7.322036743E0
5.168762200E-1,7.503890991E0,-1.339262390E1,6.632904053E0
5.192871090E-1,6.798004150E0,-1.401954651E1,6.424728394E0
5.216979980E-1,6.745361328E0,-1.507238770E1,5.905487061E0
5.240783690E-1,5.592025757E0,-1.400997925E1,6.723831177E0
5.264892580E-1,2.483749390E0,-1.045423889E1,8.281555176E0
5.289001460E-1,6.228515625E0,-1.266999817E1,9.298507690E0
5.313110350E-1,4.742568970E0,-1.119601440E1,1.066960144E1
5.336914060E-1,7.362716675E0,-1.423490906E1,9.655044556E0
5.361022950E-1,6.305084229E0,-1.480679321E1,9.863220215E0
5.385131830E-1,5.982055664E0,-1.557489014E1,9.205184937E0
5.409240720E-1,5.393417358E0,-1.500778198E1,9.784255981E0
5.433349610E-1,4.931610107E0,-1.424925232E1,1.007377625E1
5.457153320E-1,4.677963257E0,-1.330648804E1,1.067677307E1
5.481262200E-1,4.620544434E0,-1.277049255E1,1.066960144E1
5.505371090E-1,4.144363403E0,-1.226321411E1,1.033221436E1
5.529479980E-1,3.292526245E0,-1.208854675E1,9.968505859E0
5.553283690E-1,2.730209351E0,-1.209811401E1,9.312866211E0
5.577392580E-1,2.390426636E0,-1.200239563E1,8.717056274E0
5.601501460E-1,2.263610840E0,-1.193061829E1,8.276779175E0
5.625610350E-1,2.316253662E0,-1.162672424E1,7.862808228E0
5.649414060E-1,2.577072144E0,-1.150468445E1,7.453643799E0
5.673522950E-1,3.081954956E0,-1.131805420E1,6.805191040E0
5.697631830E-1,3.311660767E0,-1.119361877E1,6.597015381E0
5.721740720E-1,3.273376465E0,-1.036331177E1,6.774078369E0
5.745849610E-1,3.881164551E0,-1.031785583E1,6.831512451E0
5.769653320E-1,4.271194458E0,-1.004028320E1,6.611373901E0
5.793762200E-1,4.369293213E0,-9.595214844E0,6.372085571E0
5.817871090E-1,4.417144775E0,-9.293716431E0,6.163909912E0
5.841979980E-1,4.417144775E0,-9.399002075E0,5.998809814E0
5.865783690E-1,3.984054565E0,-9.116653442E0,5.888732910E0
5.889892580E-1,3.476776123E0,-8.906082153E0,5.680557251E0
5.914001460E-1,3.366699219E0,-8.812759399E0,5.079956055E0
5.938110350E-1,3.330810547E0,-8.394027710E0,5.156539917E0
5.961914060E-1,3.505477905E0,-7.860427856E0,5.127822876E0
5.986022950E-1,4.007980347E0,-7.460815430E0,4.704284668E0
6.010131830E-1,3.830902100E0,-6.982254028E0,5.113464355E0
6.034240720E-1,4.175476074E0,-6.465408325E0,5.371887207E0
6.058349610E-1,4.194625854E0,-7.369888306E0,7.697708130E0
6.082153320E-1,3.196807861E0,-7.776672363E0,1.015753174E1
6.106262200E-1,3.644271851E0,-7.613967896E0,1.047338867E1
6.130371090E-1,3.340377808E0,-7.027725220E0,1.065763855E1
6.154479980E-1,3.649047852E0,-5.900695801E0,9.250656128E0
6.178283690E-1,3.127426147E0,-5.723632812E0,9.528213501E0
6.202392580E-1,2.880966187E0,-5.079956055E0,6.192626953E0
6.226501460E-1,2.431106567E0,-4.996215820E0,5.778671265E0
6.250610350E-1,1.342376709E0,-4.457824707E0,7.288543701E0
6.274719240E-1,7.609100342E-1,-5.692520142E0,1.218664551E1
6.298828120E-1,-5.623168945E-1,-4.926818848E0,1.764706421E1
6.322937010E-1,5.335998535E-1,-1.928619385E0,1.251446533E1
6.347045900E-1,2.555541992E0,-1.947753906E0,5.900695801E0
6.371154780E-1,2.914459229E0,-2.309066772E0,2.608169556E0
6.394958490E-1,1.438079834E0,-1.014556885E0,2.072189331E0
6.419067380E-1,4.791259766E-3,1.268157959E-1,9.619140625E-1
6.443176270E-1,-6.364898682E-1,1.055236816E0,3.517456055E-1
6.467285150E-1,-5.718841553E-1,1.366302490E0,-1.131805420E0
6.491088860E-1,-5.312042236E-1,2.112869263E0,-1.698898315E0
6.515197750E-1,-3.972015381E-1,2.646469116E0,-1.619934082E0
6.539306640E-1,-3.110656738E-1,3.113067627E0,-8.470611572E-1
6.563415520E-1,-2.392578125E-2,3.141769409E0,-1.263412476E0
6.587219240E-1,5.838470459E-1,2.687133789E0,-7.824554443E-1
6.611328120E-1,1.284942627E0,2.701492310E0,-1.292114258E-1
6.635437010E-1,1.131805420E0,3.017349243E0,1.636688232E0
6.659545900E-1,9.714813232E-1,2.806777954E0,3.495910645E0
6.683654780E-1,2.340179443E0,4.132400513E0,1.615158081E0
6.707458490E-1,7.585296631E-1,2.773284912E0,5.874374390E0
6.731567380E-1,4.067993164E-2,3.062820435E0,7.733596802E0
6.755676270E-1,1.287338257E0,3.821334839E0,6.290725708E0
6.779785150E-1,1.880752563E0,4.323837280E0,5.601593018E0
6.803588860E-1,1.591232300E0,4.881362915E0,5.144561768E0
6.827697750E-1,1.483551025E0,4.950744629E0,5.017745972E0
6.851806640E-1,9.786682129E-1,5.029708862E0,4.670791626E0
6.875915520E-1,7.704925537E-1,4.778472900E0,4.496109009E0
6.899719240E-1,5.886383057E-1,4.441085815E0,4.177871704E0
6.923828120E-1,3.278198242E-1,4.017547607E0,4.570297241E0
6.947937010E-1,-2.871704102E-2,3.572479248E0,4.649261475E0
6.972045900E-1,-2.703857422E-1,3.280563354E0,5.175674438E0
6.996154780E-1,-3.876342773E-1,2.940780640E0,5.443664551E0
7.019958490E-1,-4.283142090E-1,2.744567871E0,5.781066895E0
7.044067380E-1,-4.402770996E-1,2.782852173E0,6.307479858E0
7.068176270E-1,-3.876342773E-1,2.617752075E0,6.482162476E0
7.092285150E-1,-1.483612061E-1,2.280364990E0,6.726226807E0
7.116088860E-1,3.972015381E-1,1.653442383E0,6.709472656E0
7.140197750E-1,8.781585693E-1,5.431671143E-1,6.264404297E0
7.164306640E-1,1.328018188E0,4.791259766E-3,5.735595703E0
7.188415520E-1,1.418945312E0,-3.230285645E-1,5.321640015E0
7.212219240E-1,1.524230957E0,-5.216369629E-1,4.967498779E0
7.236328120E-1,1.792221069E0,-5.168457031E-1,4.620544434E0
7.260437010E-1,2.024322510E0,1.962127686E-1,4.120437622E0
7.284545900E-1,2.182250977E0,1.409378052E0,3.395416260E0
7.308349610E-1,2.567504883E0,3.065200806E0,2.589035034E0
7.332458490E-1,3.177673340E0,4.843078613E0,7.322082520E-1
7.356567380E-1,3.651443481E0,5.529815674E0,1.258621216E0
7.380676270E-1,4.165908813E0,6.333801270E0,1.713256836E0
7.404785150E-1,2.079360962E0,2.203796387E0,4.792816162E0
7.428588860E-1,3.893127441E0,1.349548340E0,3.938583374E0
7.452697750E-1,4.570297241E0,-7.657012939E-1,3.613159180E0
7.476806640E-1,3.299697876E0,-3.984054565E0,4.113265991E0
7.500915520E-1,1.615158081E0,-5.505889893E0,4.644470215E0
7.524719240E-1,1.842498779E-1,-6.173477173E0,4.723434448E0
7.548828120E-1,-1.914978027E-2,-6.427124023E0,4.969894409E0
7.572937010E-1,-1.914978027E-2,-6.448654175E0,4.962707520E0
7.597045900E-1,-4.785614014E-1,-6.544372559E0,5.407775879E0
7.621154780E-1,3.397827148E-1,-6.240478516E0,5.881561279E0
7.644958490E-1,-4.761657715E-1,-6.752548218E0,5.941375732E0
7.669067380E-1,-1.062408447E0,-7.812561035E0,5.850448608E0
7.693176270E-1,-4.091796875E-1,-8.583053589E0,5.551345825E0
7.717285150E-1,-4.929199219E-1,-8.965911865E0,5.994018555E0
7.741088860E-1,-1.040878296E0,-9.578475952E0,9.099899292E0
7.765197750E-1,-1.596008301E0,-1.038485718E1,9.918243408E0
7.789306640E-1,-1.304092407E0,-1.079402161E1,7.707275391E0
7.813415520E-1,-7.848510742E-1,-1.210050964E1,6.068191528E0
7.837219240E-1,7.968139648E-1,-1.217468262E1,6.647262573E0
7.861328120E-1,1.249053955E0,-1.303131104E1,5.771484375E0
7.885437010E-1,1.088729858E0,-1.294277954E1,8.137985229E0
7.909545900E-1,5.455627441E-1,-1.291645813E1,5.831314087E0
7.933654780E-1,1.674957275E-1,-1.522552490E1,7.470397949E0
7.957458490E-1,1.418945312E0,-1.604626465E1,5.036895752E0
7.981567380E-1,2.407180786E0,-1.535713196E1,6.582656860E0
8.005676270E-1,1.899902344E0,-1.341656494E1,5.903091431E0
8.029785150E-1,1.655838013E0,-1.297866821E1,5.960525513E0
8.053588860E-1,5.144500732E-1,-1.309352112E1,4.730606079E0
8.077697750E-1,-4.977111816E-1,-1.313659668E1,2.665603638E0
8.101806640E-1,4.785156250E-2,-1.326341248E1,1.686935425E0
8.125915520E-1,3.254241943E-1,-1.401954651E1,6.388854980E-1
8.149719240E-1,1.603240967E-1,-1.410568237E1,-1.366302490E0
8.173828120E-1,4.642028809E-1,-1.460578918E1,-2.967071533E-1
8.197937010E-1,1.473983765E0,-1.300978088E1,1.359130859E0
8.222045900E-1,1.172485352E0,-1.289970398E1,-1.794586182E-1
8.246154780E-1,1.191619873E0,-1.231585693E1,1.177261353E0
8.269958490E-1,8.518524170E-1,-1.177508545E1,3.517456055E0
8.294067380E-1,3.469543457E-1,-1.136590576E1,1.720443726E0
8.318176270E-1,1.158126831E0,-1.107876587E1,2.550750732E0
8.342285150E-1,1.433303833E0,-1.155972290E1,4.381256104E0
8.366088860E-1,1.263412476E0,-1.188993835E1,3.522232056E0
8.390197750E-1,1.861618042E0,-1.141375732E1,3.354736328E0
8.414306640E-1,7.657012939E-1,-1.054277039E1,3.637084961E0
8.438415520E-1,5.718841553E-1,-1.008813477E1,6.010772705E0
8.462219240E-1,1.435699463E0,-1.104766846E1,3.917053223E0
8.486328120E-1,2.399993896E0,-1.104048157E1,4.826324463E0
8.510437010E-1,2.026718140E0,-1.030110168E1,5.441284180E0
8.534545900E-1,1.397415161E0,-9.449264526E0,5.764312744E0
8.558349610E-1,1.270584106E0,-8.843872070E0,7.125823975E0
8.582458490E-1,9.331970215E-1,-8.528015137E0,4.608581543E0
8.606567380E-1,1.636688232E0,-8.374877930E0,5.024932861E0
8.630676270E-1,6.580200195E-1,-7.625930786E0,4.888534546E0
8.654785150E-1,-8.015899658E-1,-6.496520996E0,4.598999023E0
8.678588860E-1,-9.403839111E-1,-6.199798584E0,4.357330322E0
8.702697750E-1,-8.350982666E-1,-6.278762817E0,4.182647705E0
8.726806640E-1,-1.902297974E0,-6.096908569E0,3.476776123E0
8.750915520E-1,-2.249252319E0,-5.900695801E0,3.309280396E0
8.774719240E-1,-1.933395386E0,-5.941375732E0,3.230316162E0
8.798828120E-1,-1.734802246E0,-5.903091431E0,2.998199463E0
8.822937010E-1,-1.172485352E-1,-6.539581299E0,2.821136475E0
8.847045900E-1,6.986999512E-1,-7.199996948E0,2.679962158E0
8.870849610E-1,9.164581299E-1,-7.530212402E0,2.842666626E0
8.894958490E-1,7.585296631E-1,-7.458435059E0,2.979064941E0
8.919067380E-1,2.081756592E0,-7.939392090E0,3.182449341E0
8.943176270E-1,2.273178101E0,-8.080566406E0,2.768493652E0
8.967285150E-1,2.143966675E0,-8.018356323E0,2.876174927E0
8.991088860E-1,2.007583618E0,-8.159530640E0,2.450256348E0
9.015197750E-1,1.124633789E0,-8.262420654E0,2.443069458E0
9.039306640E-1,4.283142090E-1,-7.901107788E0,2.452636719E0
9.063415520E-1,7.776641846E-1,-7.659423828E0,2.397613525E0
9.087524410E-1,1.675415039E-2,-7.211975098E0,2.266006470E0
9.111633300E-1,-5.527496338E-1,-7.173675537E0,2.196609497E0
9.135742190E-1,-1.160522461E0,-6.862609863E0,2.854644775E0
9.159851070E-1,2.368927002E-1,-6.187835693E0,4.084548950E0
9.183654780E-1,8.374938965E-1,-6.501296997E0,3.821334839E0
9.207763670E-1,4.498443604E-1,-7.441680908E0,4.096511841E0
9.231872560E-1,2.392883301E-1,-7.977676392E0,4.632507324E0
9.255981440E-1,2.177429199E-1,-8.267196655E0,4.929214478E0
9.280090330E-1,-3.278198242E-1,-7.910675049E0,5.225921631E0
9.303894040E-1,-4.426727295E-1,-7.788635254E0,5.505889893E0
9.328002930E-1,-2.991027832E-1,-7.573287964E0,5.347961426E0
9.352111810E-1,1.172485352E-1,-7.149749756E0,5.218750000E0
9.376220700E-1,5.479583740E-1,-6.740585327E0,5.039291382E0
9.400024410E-1,5.048828125E-1,-6.350555420E0,4.630111694E0
9.424133300E-1,1.184448242E0,-6.738189697E0,4.362121582E0
9.448242190E-1,1.648651123E0,-7.130615234E0,4.216156006E0
9.472351070E-1,2.682357788E0,-8.126022339E0,4.500900269E0
9.496154780E-1,4.615753174E0,-9.367904663E0,5.046463013E0
9.520263670E-1,9.399002075E0,-1.098783875E1,5.548950195E0
9.544372560E-1,1.554138184E1,-1.256231689E1,5.170883179E0
9.568481440E-1,2.101615906E1,-1.378027344E1,4.017547607E0
9.592590330E-1,2.564149475E1,-1.565145874E1,3.352340698E0
9.616394040E-1,2.814437866E1,-1.663011169E1,1.842468262E0
9.640502930E-1,2.844348145E1,-1.595533752E1,8.853454590E-1
9.664611810E-1,2.774238586E1,-1.384965515E1,3.469543457E-1
9.688720700E-1,2.528735352E1,-1.062173462E1,1.287338257E0
9.712524410E-1,2.213360596E1,-8.817550659E0,2.682357788E0
9.736633300E-1,2.017628479E1,-8.018356323E0,3.361923218E0
9.760742190E-1,1.933639526E1,-8.224136353E0,3.634704590E0
9.784851070E-1,1.997288513E1,-9.528213501E0,4.539184570E0
9.808654780E-1,2.018345642E1,-9.879959106E0,4.419540405E0
9.832763670E-1,1.921676636E1,-1.077249146E1,4.510467529E0
9.856872560E-1,1.767098999E1,-1.132762146E1,5.146957397E0
9.880981440E-1,1.653918457E1,-1.136590576E1,5.563308716E0
9.905090330E-1,1.549830627E1,-1.106680298E1,5.685348511E0
9.928894040E-1,1.422532654E1,-1.057867432E1,5.242675781E0
9.953002930E-1,1.287817383E1,-9.803390503E0,4.998611450E0
9.977111810E-1,1.161955261E1,-8.886947632E0,4.934005737E0
1.000122070E0,1.071745300E1,-8.410766602E0,4.536788940E0
1.002502441E0,9.824935913E0,-7.956130981E0,4.086944580E0
1.004913330E0,8.647659302E0,-7.599609375E0,3.859619141E0
1.007324219E0,7.499099731E0,-7.214355469E0,3.728012085E0
1.009735107E0,6.372085571E0,-6.774078369E0,3.498306274E0
1.012115478E0,5.419738770E0,-6.386444092E0,3.199203491E0
1.014526367E0,4.577468872E0,-6.510864258E0,2.866607666E0
1.016937256E0,3.651443481E0,-6.482162476E0,2.615356445E0
1.019348144E0,2.699096680E0,-6.034698486E0,2.538787842E0
1.021759033E0,1.811370850E0,-5.704483032E0,2.608169556E0
1.024139404E0,1.148559570E0,-5.295318604E0,2.469390869E0
1.026550293E0,5.096740723E-1,-5.015350342E0,2.356933594E0
1.028961181E0,2.608184814E-1,-4.699508667E0,2.366500854E0
1.031372070E0,1.746826172E-1,-4.488937378E0,2.143966675E0
1.033752441E0,3.158569336E-1,-4.228118896E0,1.804183960E0
1.036163330E0,5.024871826E-1,-4.019943237E0,1.418945312E0
1.038574219E0,9.284210205E-1,-4.067794800E0,1.505081177E0
1.040985107E0,1.368698120E0,-4.388442993E0,1.959716797E0
1.043365478E0,1.816146851E0,-4.594223022E0,2.213363647E0
1.045776367E0,2.242080688E0,-4.706680298E0,2.615356445E0
1.048187256E0,2.545959473E0,-4.838287354E0,3.053237915E0
1.050598144E0,2.660812378E0,-4.993820190E0,3.467193604E0
1.053009033E0,2.708679199E0,-5.180465698E0,3.905090332E0
1.055389404E0,2.639282227E0,-5.268997192E0,4.340576172E0
1.057800293E0,2.522033691E0,-5.273788452E0,4.558334351E0
1.060211181E0,2.416748047E0,-5.271392822E0,4.752151489E0
1.062622070E0,2.256439209E0,-5.134994507E0,4.919647217E0
1.065002441E0,2.024322510E0,-5.034500122E0,5.273788452E0
1.067413330E0,1.835296631E0,-5.075180054E0,5.515457153E0
1.069824219E0,1.703689575E0,-5.132598877E0,5.608779907E0
1.072235107E0,1.562515259E0,-5.096710205E0,5.740386963E0
1.074615478E0,1.347152710E0,-4.953140259E0,5.647064209E0
1.077026367E0,1.167694092E0,-4.852645874E0,5.613555908E0
1.079437256E0,1.014556885E0,-4.718643188E0,5.580062866E0
1.081848144E0,8.039855957E-1,-4.666000366E0,5.467605591E0
1.084259033E0,6.508483887E-1,-4.529617310E0,5.369491577E0
1.086639404E0,5.503540039E-1,-4.409973145E0,5.257034302E0
1.089050293E0,5.024871826E-1,-4.331008911E0,5.123031616E0
1.091461181E0,2.847442627E-1,-5.163711548E0,5.520248413E0
1.093872070E0,1.244201660E-1,-7.527816772E0,6.305084229E0
1.096252441E0,2.321014404E-1,-9.085556030E0,6.922439575E0
1.098663330E0,3.254241943E-1,-8.516052246E0,6.350555420E0
1.101074219E0,2.727813721E-1,-8.006378174E0,5.979660034E0
1.103485107E0,3.014984131E-1,-8.011169434E0,5.702102661E0
1.105865478E0,2.823486328E-1,-7.750350952E0,5.484344482E0
1.108276367E0,1.555328369E-1,-7.097106934E0,5.125427246E0
1.110687256E0,1.196289062E-2,-6.465408325E0,4.680358887E0
1.113098144E0,-1.316070557E-1,-6.041870117E0,4.225723267E0
1.115509033E0,-1.794586182E-1,-5.740386963E0,3.878768921E0
1.117889404E0,-1.124572754E-1,-5.486740112E0,3.567703247E0
1.120300293E0,-1.268157959E-1,-5.290527344E0,3.261413574E0
1.122711181E0,-3.182525635E-1,-5.063217163E0,2.823532104E0
1.125122070E0,-6.149597168E-1,-5.082351685E0,2.122436523E0
1.127502441E0,-1.009765625E0,-5.091934204E0,1.600799561E0
1.129913330E0,-1.244262695E0,-5.015350342E0,9.667053223E-1
1.132324219E0,-1.797012329E0,-5.096710205E0,5.527496338E-1
1.134735107E0,-2.172683716E0,-5.063217163E0,-1.435852051E-2
1.137115478E0,-2.246856689E0,-4.981857300E0,-3.541412354E-1
1.139526367E0,-2.084152222E0,-4.790435791E0,-5.383911133E-1
1.141937256E0,-2.160720825E0,-4.733001709E0,-3.445739746E-1
1.144348144E0,-2.110473633E0,-4.534393311E0,-3.110656738E-1
1.146759033E0,-2.036285400E0,-4.433898926E0,-8.613586426E-2
1.149139404E0,-1.983642578E0,-4.441085815E0,1.196441650E-1
1.151550293E0,-2.208572388E0,-4.479370117E0,4.067840576E-1
1.153961181E0,-2.031509399E0,-4.598999023E0,9.523468018E-1
1.156372070E0,-1.794616699E0,-4.756927490E0,1.799407959E0
1.158752441E0,-1.337585449E0,-4.862213135E0,2.665603638E0
1.161163330E0,-9.331970215E-1,-5.058425903E0,3.381057739E0
1.163574219E0,-6.316986084E-1,-5.345565796E0,4.220932007E0
1.165985107E0,-8.207397461E-1,-5.936599731E0,3.766296387E0
1.168365478E0,-1.277770996E0,-7.341186523E0,2.297058105E-1
1.170776367E0,-1.349548340E0,-1.128454590E1,-5.168457031E-1
1.173187256E0,-7.154541016E-1,-1.543132019E1,3.445663452E0
1.175598144E0,8.613586426E-2,-1.903251648E1,5.273788452E0
1.178009033E0,-3.110656738E-1,-2.356211853E1,6.257232666E0
1.180389404E0,-8.614196777E-1,-2.684747314E1,6.546768188E0
1.182800293E0,-2.943115234E-1,-2.992225647E1,7.994415283E0
1.185211181E0,7.752685547E-1,-3.248974609E1,1.121516418E1
1.187622070E0,1.435699463E0,-3.421736145E1,1.356011963E1
1.190002441E0,1.179656982E0,-3.483711243E1,1.406022644E1
1.192413330E0,2.048263550E0,-3.524867249E1,1.529252625E1
1.194824219E0,2.349746704E0,-3.532284546E1,1.657508850E1
1.197235107E0,2.289932251E0,-3.516014099E1,1.703929138E1
1.199645996E0,2.177474976E0,-3.456910706E1,1.699861145E1
1.202056885E0,2.313858032E0,-3.382493591E1,1.618983459E1
1.204467773E0,3.778274536E0,-3.067837524E1,1.450050354E1
1.206878662E0,5.637496948E0,-2.648136902E1,1.242353821E1
1.209289551E0,6.778869629E0,-2.216950989E1,1.085623169E1
1.211669922E0,6.817153931E0,-1.873341370E1,9.683746338E0
1.214080810E0,6.185440063E0,-1.599841309E1,8.812759399E0
1.216491699E0,5.233108521E0,-1.370608521E1,8.118850708E0
1.218902588E0,4.029510498E0,-1.180140686E1,7.389038086E0
1.221282959E0,2.658432007E0,-1.010249329E1,5.879165649E0
1.223693847E0,1.335189819E0,-8.604583740E0,3.835693359E0
1.226104736E0,4.785614014E-1,-7.317245483E0,2.313858032E0
1.228515625E0,5.503845215E-2,-6.233306885E0,7.346038818E-1
1.230895996E0,-2.488555908E-1,-5.283355713E0,-7.226257324E-1
1.233306885E0,-2.991027832E-1,-4.541580200E0,-1.684539795E0
1.235717773E0,-2.273254395E-1,-3.926620483E0,-2.187042236E0
1.238128662E0,-1.172485352E-1,-3.527023315E0,-2.423934937E0
1.240509033E0,-1.435852051E-2,-3.239883423E0,-2.249252319E0
1.242919922E0,3.588867188E-2,-3.074783325E0,-1.808975220E0
1.245330810E0,2.033843994E-1,-3.072387695E0,-1.220336914E0
1.247741699E0,4.091796875E-1,-3.211166382E0,-5.623168945E-1
1.250152588E0,6.939239502E-1,-3.476776123E0,4.785156250E-2
1.252532959E0,1.024124146E0,-3.869201660E0,6.915283203E-1
1.254943847E0,1.351943970E0,-4.481750488E0,1.296905518E0
1.257354736E0,1.552947998E0,-5.113464355E0,1.885543823E0
1.259765625E0,1.619934082E0,-5.814559937E0,2.426315308E0
1.262145996E0,1.550552368E0,-6.553939819E0,2.892929077E0
1.264556885E0,1.371093750E0,-7.255035400E0,3.270996094E0
1.266967773E0,1.229904175E0,-7.929809570E0,3.574874878E0
1.269378662E0,1.107879639E0,-8.518447876E0,3.783050537E0
1.271759033E0,1.009765625E0,-9.018554688E0,3.919448853E0
1.274169922E0,9.906311035E-1,-9.461227417E0,3.962509155E0
1.276580810E0,1.031311035E0,-9.848861694E0,3.929016113E0
1.278991699E0,1.069595337E0,-1.010009766E1,3.806976318E0
1.281402588E0,1.167694092E0,-1.030349731E1,3.603591919E0
1.283782959E0,1.203582764E0,-1.037527466E1,3.359527588E0
1.286193847E0,1.277770996E0,-1.033699036E1,3.081954956E0
1.288604736E0,1.304092407E0,-1.015753174E1,2.857025146E0
1.291015625E0,1.246658325E0,-9.908676147E0,2.672790527E0
1.293395996E0,1.232299805E0,-9.643081665E0,2.565109253E0
1.295806885E0,1.249053955E0,-9.449264526E0,2.562713623E0
1.298217773E0,1.272979736E0,-9.341583252E0,2.651245117E0
1.300628662E0,1.138977051E0,-8.793624878E0,2.768493652E0
1.303009033E0,6.460571289E-1,-7.456039429E0,3.046066284E0
1.305419922E0,3.517456055E-1,-6.955932617E0,3.239883423E0
1.307830810E0,1.722869873E-1,-6.721435547E0,3.436096191E0
1.310241699E0,1.986083984E-1,-6.702301025E0,3.598800659E0
1.312652588E0,2.321014404E-1,-6.845870972E0,3.783050537E0
1.315032959E0,3.876342773E-1,-7.350753784E0,4.012756348E0
1.317443847E0,6.604156494E-1,-8.149948120E0,4.240081787E0
1.319854736E0,9.140625000E-1,-8.982650757E0,4.472183228E0
1.322265625E0,1.217941284E0,-9.791427612E0,4.699508667E0
1.324645996E0,1.502685547E0,-1.058106995E1,4.876571655E0
1.327056885E0,1.701293945E0,-1.119601440E1,4.993820190E0
1.329467773E0,1.974075317E0,-1.159083557E1,5.084747314E0
1.331878662E0,2.213363647E0,-1.160279846E1,5.185241699E0
1.334259033E0,2.325820923E0,-1.135873413E1,5.209182739E0
1.336669922E0,2.409576416E0,-1.093998718E1,5.216354370E0
1.339080810E0,2.476577759E0,-1.044946289E1,5.237884521E0
1.341491699E0,2.641677856E0,-1.015274048E1,5.237884521E0
1.343902588E0,2.706283569E0,-9.700500488E0,5.261810303E0
1.346282959E0,2.600997925E0,-9.348754883E0,5.273788452E0
1.348693847E0,2.742172241E0,-9.678970337E0,5.292922974E0
1.351104736E0,2.758926392E0,-9.623931885E0,5.206787109E0
1.353515625E0,2.352142334E0,-9.097518921E0,5.125427246E0
1.355895996E0,2.017150879E0,-8.719451904E0,5.032104492E0
1.358306885E0,1.978866577E0,-8.784057617E0,4.977066040E0
1.360717773E0,2.120040894E0,-9.030517578E0,4.905288696E0
1.363128662E0,2.321044922E0,-9.272186279E0,4.850250244E0
1.365509033E0,2.584243774E0,-9.458831787E0,4.716247559E0
1.367919922E0,2.907272339E0,-9.614364624E0,4.596618652E0
1.370330810E0,3.125030518E0,-9.588043213E0,4.441085815E0
1.372741699E0,3.256637573E0,-9.516250610E0,4.287933350E0
1.375152588E0,3.215957642E0,-9.248260498E0,4.192230225E0
1.377532959E0,3.058029175E0,-9.119049072E0,4.113265991E0
1.379943847E0,2.909667969E0,-9.066406250E0,4.048660278E0
1.382354736E0,2.833099365E0,-9.087936401E0,3.924224854E0
1.384765625E0,2.794815063E0,-9.150161743E0,3.845260620E0
1.387145996E0,2.847457886E0,-9.300903320E0,3.778274536E0
1.389556885E0,2.907272339E0,-9.379867554E0,3.751953125E0
1.391967773E0,2.900100708E0,-9.415756226E0,3.773483276E0
1.394378662E0,2.902496338E0,-9.437286377E0,3.749557495E0
1.396759033E0,2.902496338E0,-9.432510376E0,3.799804688E0
1.399169922E0,2.885742188E0,-9.439682007E0,3.823730469E0
1.401580810E0,2.916854858E0,-9.501892090E0,3.893127441E0
1.403991699E0,2.909667969E0,-9.576080322E0,3.943374634E0
1.406402588E0,2.895309448E0,-9.530609131E0,3.950546265E0
1.408782959E0,2.866607666E0,-9.470794678E0,3.929016113E0
1.411193847E0,2.780456543E0,-9.468399048E0,3.931411743E0
1.413604736E0,2.624923706E0,-9.626327515E0,3.933807373E0
1.416015625E0,2.490921021E0,-9.650253296E0,3.919448853E0
1.418395996E0,2.450256348E0,-9.645462036E0,3.905090332E0
1.420806885E0,2.388031006E0,-9.611968994E0,3.895507812E0
1.423217773E0,2.445465088E0,-9.602401733E0,3.881164551E0
1.425628662E0,2.438293457E0,-9.611968994E0,3.881164551E0
1.428009033E0,2.612960815E0,-9.968505859E0,3.926620483E0
1.430419922E0,2.933593750E0,-1.010488892E1,3.991226196E0
1.432830810E0,3.132202148E0,-1.014796448E1,4.070190430E0
1.435241699E0,3.177673340E0,-9.875183105E0,4.098907471E0
1.437652588E0,3.120239258E0,-9.485153198E0,4.134796143E0
1.440032959E0,2.979064941E0,-9.052047729E0,4.158721924E0
1.442443847E0,2.732604980E0,-8.752944946E0,4.141983032E0
1.444854736E0,2.526824951E0,-8.468200684E0,4.096511841E0
1.447265625E0,2.318649292E0,-8.240875244E0,4.015151978E0
1.449645996E0,2.084152222E0,-8.102096558E0,3.979263306E0
1.452056885E0,1.907073975E0,-8.003997803E0,3.917053223E0
1.454467773E0,1.787445068E0,-7.886749268E0,3.871582031E0
1.456878662E0,1.813766479E0,-7.635498047E0,3.936187744E0
1.459259033E0,1.770690918E0,-7.410568237E0,3.948150635E0
1.461669922E0,1.653442383E0,-7.372283936E0,3.873977661E0
1.464080810E0,1.567306519E0,-7.290924072E0,3.854843140E0
1.466491699E0,1.538589478E0,-7.207183838E0,3.878768921E0
1.468902588E0,1.497909546E0,-7.250259399E0,3.931411743E0
1.471282959E0,1.464401245E0,-7.338790894E0,3.986450195E0
1.473693847E0,1.493118286E0,-7.453643799E0,4.034301758E0
1.476104736E0,1.540985107E0,-7.494323730E0,4.063018799E0
1.478515625E0,1.588836670E0,-7.558929443E0,4.149154663E0
1.480926513E0,1.588836670E0,-7.664215088E0,4.254440308E0
1.483337402E0,1.617553711E0,-7.709671021E0,4.381256104E0
1.485748291E0,1.615158081E0,-7.824523926E0,4.448257446E0
1.488159179E0,1.653442383E0,-7.846069336E0,4.534393311E0
1.490539551E0,1.686935425E0,-7.953735352E0,4.666000366E0
1.492950439E0,1.780258179E0,-8.008773804E0,4.814361572E0
1.495361328E0,1.931015015E0,-7.929809570E0,5.029708862E0
1.497772217E0,2.017150879E0,-7.831710815E0,5.228317261E0
1.500183105E0,2.079360962E0,-7.786239624E0,5.316848755E0
1.502563476E0,2.191818237E0,-7.606781006E0,5.443664551E0
1.504974365E0,2.277969360E0,-7.293319702E0,5.371887207E0
1.507385254E0,2.378463745E0,-6.903289795E0,5.405380249E0
1.509796142E0,2.136795044E0,-6.776473999E0,5.651840210E0
1.512176513E0,1.883148193E0,-6.905685425E0,5.699707031E0
1.514587402E0,1.727615356E0,-7.190429688E0,5.706878662E0
1.516998291E0,1.648651123E0,-7.475173950E0,6.431915283E0
1.519409179E0,1.440475464E0,-7.817352295E0,6.474975586E0
1.521789551E0,1.308868408E0,-8.327026367E0,5.371887207E0
1.524200439E0,1.356735229E0,-8.592620850E0,4.335800171E0
1.526611328E0,1.442871094E0,-8.934799194E0,3.706481934E0
1.529022217E0,1.524230957E0,-9.131011963E0,3.206375122E0
1.531433105E0,1.627120972E0,-9.071197510E0,2.758926392E0
1.533813476E0,1.631912231E0,-8.961120605E0,2.780456543E0
1.536224365E0,1.538589478E0,-8.913269043E0,2.962310791E0
1.538635254E0,1.306488037E0,-8.827117920E0,3.290130615E0
1.541046142E0,1.105484009E0,-8.841476440E0,3.428909302E0
1.543426513E0,1.071990967E0,-8.827117920E0,3.723236084E0
1.545837402E0,1.083953857E0,-9.037689209E0,4.110870361E0
1.548248291E0,1.064804077E0,-9.128616333E0,4.139587402E0
1.550659179E0,1.048049927E0,-9.083160400E0,4.118041992E0
1.553039551E0,1.103088379E0,-9.080764771E0,4.134796143E0
1.555450439E0,1.182052612E0,-9.075973511E0,4.268798828E0
1.557861328E0,1.127014160E0,-9.028121948E0,4.421936035E0
1.560272217E0,1.083953857E0,-8.891723633E0,4.555938721E0
1.562683105E0,1.110275269E0,-8.748153687E0,4.579864502E0
1.565063476E0,1.165298462E0,-8.647659302E0,4.615753174E0
1.567474365E0,1.196411133E0,-8.482559204E0,4.668395996E0
1.569885254E0,1.258621216E0,-8.252853394E0,4.744964600E0
1.572296142E0,1.390228271E0,-8.183456421E0,4.730606079E0
1.574676513E0,1.478759766E0,-8.181060791E0,4.709075928E0
1.577087402E0,1.581649780E0,-8.197814941E0,4.733001709E0
1.579498291E0,1.653442383E0,-8.164306641E0,4.713867188E0
1.581909179E0,1.715652466E0,-8.154739380E0,4.737792969E0
1.584289551E0,1.797012329E0,-8.114059448E0,4.701904297E0
1.586700439E0,1.942977905E0,-8.248062134E0,4.673187256E0
1.589111328E0,2.060226440E0,-8.279159546E0,4.651641846E0
1.591522217E0,2.076965332E0,-8.204986572E0,4.601394653E0
1.593933105E0,1.763504028E0,-6.886550903E0,4.364501953E0
1.596313476E0,1.744369507E0,-7.314865112E0,4.539184570E0
1.598724365E0,1.751541138E0,-7.525421143E0,4.685150146E0
1.601135254E0,1.847259521E0,-7.506286621E0,4.730606079E0
1.603546142E0,1.890335083E0,-7.704895020E0,4.740188599E0
1.605926513E0,1.919036865E0,-7.798202515E0,4.816757202E0
1.608337402E0,1.823333740E0,-7.549362183E0,4.828720093E0
1.610748291E0,1.773086548E0,-7.338790894E0,4.845458984E0
1.613159179E0,1.770690918E0,-7.319641113E0,4.843078613E0
1.615539551E0,1.744369507E0,-7.207183838E0,4.895721436E0
1.617950439E0,1.725219727E0,-7.049255371E0,4.977066040E0
1.620361328E0,1.720443726E0,-6.963119507E0,4.984252930E0
1.622772217E0,1.715652466E0,-6.884155273E0,5.048858643E0
1.625152588E0,1.780258179E0,-6.173477173E0,5.295318604E0
1.627563476E0,1.646255493E0,-6.410369873E0,5.400604248E0
1.629974365E0,1.529006958E0,-6.960723877E0,5.347961426E0
1.632385254E0,1.397415161E0,-7.183258057E0,5.319244385E0
1.634796142E0,1.428512573E0,-7.271789551E0,5.388641357E0
1.637176513E0,1.557723999E0,-7.283752441E0,5.484344482E0
1.639587402E0,1.751541138E0,-7.290924072E0,5.570495605E0
1.641998291E0,2.012359619E0,-7.355529785E0,5.608779907E0
1.644409179E0,2.282745361E0,-7.472778320E0,5.659027100E0
1.646789551E0,2.584243774E0,-7.609176636E0,5.656631470E0
1.649200439E0,2.809173584E0,-7.702499390E0,5.644668579E0
1.651611328E0,2.988632202E0,-7.721633911E0,5.656631470E0
1.654022217E0,3.046066284E0,-7.714462280E0,5.642272949E0
1.656402588E0,3.072387695E0,-7.685745239E0,5.678161621E0
1.658813476E0,3.127426147E0,-7.680953979E0,5.637496948E0
1.661224365E0,3.048461914E0,-7.649856567E0,5.529815674E0
1.663635254E0,2.921630859E0,-7.767105103E0,5.455642700E0
1.666046142E0,2.715850830E0,-7.379470825E0,5.544174194E0
1.668426513E0,2.560317993E0,-7.233505249E0,5.627914429E0
1.670837402E0,2.648849487E0,-6.908081055E0,5.927017212E0
1.673248291E0,2.725418091E0,-6.680755615E0,6.209381104E0
1.675659179E0,2.857025146E0,-6.625732422E0,6.446258545E0
1.678039551E0,3.036499023E0,-6.752548218E0,6.506088257E0
1.680450439E0,3.160919189E0,-6.903289795E0,6.470199585E0
1.682861328E0,3.251846313E0,-7.008575439E0,6.429519653E0
1.685272217E0,3.242279053E0,-7.125823975E0,6.381652832E0
1.687683105E0,3.180068970E0,-7.192825317E0,6.309875488E0
1.690063476E0,3.086746216E0,-7.166503906E0,6.171096802E0
1.692474365E0,3.010177612E0,-7.101898193E0,6.020339966E0
1.694885254E0,2.926422119E0,-7.056427002E0,5.917449951E0
1.697296142E0,2.924026489E0,-7.099502563E0,5.905487061E0
1.699676513E0,2.988632202E0,-7.243072510E0,5.833694458E0
1.702087402E0,2.981460571E0,-7.326828003E0,5.771484375E0
1.704498291E0,2.845062256E0,-7.262222290E0,5.840881348E0
1.706909179E0,2.739776611E0,-7.221542358E0,5.850448608E0
1.709289551E0,2.553146362E0,-7.111465454E0,5.881561279E0
1.711700439E0,2.404785156E0,-6.960723877E0,5.871994019E0
1.714111328E0,2.309066772E0,-6.891326904E0,5.785842896E0
1.716522217E0,2.244461060E0,-6.831512451E0,5.685348511E0
1.718902588E0,2.208572388E0,-6.896118164E0,5.529815674E0
1.721313476E0,2.242080688E0,-6.975082397E0,5.410171509E0
1.723724365E0,2.335388184E0,-7.082748413E0,5.345565796E0
1.726135254E0,2.457427979E0,-7.154541016E0,5.300109863E0
1.728546142E0,2.488540649E0,-7.401000977E0,5.285751343E0
1.730926513E0,2.572280884E0,-7.764709473E0,5.235488892E0
1.733337402E0,2.706283569E0,-8.200210571E0,5.199600220E0
1.735748291E0,2.919250488E0,-8.602203369E0,5.113464355E0
1.738159179E0,3.175277710E0,-9.020935059E0,5.029708862E0
1.740539551E0,3.507873535E0,-9.355941772E0,4.945968628E0
1.742950439E0,3.835693359E0,-9.552154541E0,4.840682983E0
1.745361328E0,4.125228882E0,-9.607177734E0,4.756927490E0
1.747772217E0,4.299896240E0,-9.600006104E0,4.694717407E0
1.750152588E0,4.328613281E0,-9.477966309E0,4.661224365E0
1.752563476E0,4.173080444E0,-9.293716431E0,4.670791626E0
1.754974365E0,3.897903442E0,-8.968292236E0,4.740188599E0
1.757385254E0,3.620346069E0,-8.638092041E0,4.888534546E0
1.759796142E0,3.527023315E0,-8.444274902E0,5.056030273E0
1.762176513E0,3.469589233E0,-8.255233765E0,5.297714233E0
1.764587402E0,3.402587891E0,-8.025527954E0,5.517852783E0
1.766998291E0,3.359527588E0,-7.831710815E0,5.826522827E0
1.769409179E0,3.345169067E0,-7.604385376E0,6.123229980E0
1.771820068E0,3.302093506E0,-7.338790894E0,6.384048462E0
1.774230957E0,3.211166382E0,-7.049255371E0,6.592224121E0
1.776641845E0,3.115447998E0,-6.819549561E0,6.671188354E0
1.779052734E0,3.096313477E0,-6.742980957E0,6.671188354E0
1.781433105E0,3.084350586E0,-6.747756958E0,6.575469971E0
1.783843994E0,3.101104736E0,-6.759719849E0,6.319442749E0
1.786254883E0,3.091522217E0,-6.855438232E0,6.053848267E0
1.788665771E0,3.050842285E0,-6.836288452E0,5.766708374E0
1.791076660E0,3.000595093E0,-6.872192383E0,5.491531372E0
1.793457031E0,2.962310791E0,-6.977478027E0,5.237884521E0
1.795867920E0,2.902496338E0,-7.034896851E0,5.012969971E0
1.798278808E0,2.871383667E0,-7.195220947E0,4.838287354E0
1.800689697E0,2.825927734E0,-7.314865112E0,4.661224365E0
1.803070068E0,2.778060913E0,-7.448852539E0,4.469787598E0
1.805480957E0,2.727813721E0,-7.511077881E0,4.345367432E0
1.807891845E0,2.646469116E0,-7.532608032E0,4.170684814E0
1.810302734E0,2.567504883E0,-7.580459595E0,4.063018799E0
1.812683105E0,2.478958130E0,-7.633102417E0,3.991226196E0
1.815093994E0,2.392822266E0,-7.692932129E0,3.976867676E0
1.817504883E0,2.333007812E0,-7.850845337E0,3.940979004E0
1.819915771E0,2.187042236E0,-8.090133667E0,3.852447510E0
1.822326660E0,2.043472290E0,-8.437088013E0,3.692123413E0
1.824707031E0,1.899902344E0,-8.121246338E0,4.000793457E0
1.827117920E0,1.655838013E0,-7.680953979E0,4.359725952E0
1.829528808E0,1.610366821E0,-7.735992432E0,4.541580200E0
1.831939697E0,1.619934082E0,-7.779067993E0,4.644470215E0
1.834320068E0,1.622329712E0,-7.855636597E0,4.740188599E0
1.836730957E0,1.603195190E0,-7.934600830E0,4.701904297E0
1.839141845E0,1.636688232E0,-8.051849365E0,4.656433105E0
1.841552734E0,1.720443726E0,-8.178665161E0,4.618148804E0
1.843933105E0,1.758728027E0,-8.281555176E0,4.577468872E0
1.846343994E0,1.765899658E0,-8.405990601E0,4.570297241E0
1.848754883E0,1.801788330E0,-8.535202026E0,4.543975830E0
1.851165771E0,1.864013672E0,-8.628524780E0,4.594223022E0
1.853576660E0,1.938186646E0,-8.740982056E0,4.622940063E0
1.855957031E0,1.978866577E0,-8.851058960E0,4.766510010E0
1.858367920E0,2.062606812E0,-8.987442017E0,4.914855957E0
1.860778808E0,2.146362305E0,-9.121444702E0,5.091934204E0
1.863189697E0,2.273178101E0,-9.250656128E0,5.333602905E0
1.865570068E0,2.366500854E0,-9.377471924E0,5.625518799E0
1.867980957E0,2.502899170E0,-9.530609131E0,5.994018555E0
1.870391845E0,2.665603638E0,-9.678970337E0,6.434295654E0
1.872802734E0,2.840286255E0,-9.777069092E0,6.920043945E0
1.875183105E0,3.069992065E0,-9.978073120E0,7.432113647E0
1.877593994E0,3.330810547E0,-1.022453308E1,7.858032227E0
1.880004883E0,3.653839111E0,-1.055712891E1,8.312667847E0
1.882415771E0,4.036697388E0,-1.094238281E1,8.738586426E0
1.884826660E0,4.419540405E0,-1.136351013E1,9.123840332E0
1.887207031E0,4.814361572E0,-1.178704834E1,9.513870239E0
1.889617920E0,5.118240356E0,-1.226081848E1,9.822540283E0
1.892028808E0,5.261810303E0,-1.269392395E1,9.980468750E0
1.894439697E0,5.338394165E0,-1.305284119E1,1.006181335E1
1.896820068E0,5.335998535E0,-1.330888367E1,1.002114868E1
1.899230957E0,5.302490234E0,-1.333998108E1,9.805786133E0
1.901641845E0,5.123031616E0,-1.298106384E1,9.343978882E0
1.904052734E0,4.843078613E0,-1.222732544E1,8.673980713E0
1.906433105E0,4.654037476E0,-1.135873413E1,7.956130981E0
1.908843994E0,4.613357544E0,-1.053559875E1,7.164108276E0
1.911254883E0,4.668395996E0,-9.812973022E0,6.345764160E0
1.913665771E0,4.654037476E0,-9.250656128E0,5.489135742E0
1.916076660E0,4.515258789E0,-8.796020508E0,4.596618652E0
1.918457031E0,4.261611938E0,-8.432312012E0,3.570098877E0
1.920867920E0,3.862014771E0,-8.197814941E0,2.502899170E0
1.923278808E0,3.345169067E0,-8.137985229E0,1.450057983E0
1.925689697E0,2.744567871E0,-8.219345093E0,4.713897705E-1
1.928070068E0,2.136795044E0,-8.477767944E0,-2.057800293E-1
1.930480957E0,1.572082520E0,-8.879760742E0,-5.551300049E-1
1.932891845E0,1.012161255E0,-9.267395020E0,-5.934143066E-1
1.935302734E0,5.192413330E-1,-9.530609131E0,-4.809570312E-1
1.937683105E0,1.507415771E-1,-9.669403076E0,-3.110656738E-1
1.940093994E0,-2.153015137E-2,-9.705291748E0,-5.743408203E-2
1.942504883E0,-2.105712891E-1,-9.681365967E0,2.871398926E-1
1.944915771E0,-4.091796875E-1,-9.592819214E0,5.479583740E-1
1.947326660E0,-5.359954834E-1,-9.504287720E0,7.896270752E-1
1.949707031E0,-6.460571289E-1,-9.461227417E0,9.499511719E-1
1.952117920E0,-6.508483887E-1,-9.451644897E0,1.069595337E0
1.954528808E0,-5.623168945E-1,-9.547363281E0,1.220336914E0
1.956939697E0,-3.948211670E-1,-9.597610474E0,1.395019531E0
1.959320068E0,-8.613586426E-2,-9.650253296E0,1.634292603E0
1.961730957E0,4.642028809E-1,-9.619140625E0,2.108078003E0
1.964141845E0,1.098312378E0,-9.489929199E0,2.600997925E0
1.966552734E0,1.335189819E0,-9.396621704E0,2.809173584E0
1.968933105E0,1.270584106E0,-9.298507690E0,2.900100708E0
1.971343994E0,1.148559570E0,-9.276977539E0,2.854644775E0
1.973754883E0,1.112655640E0,-9.248260498E0,2.799606323E0
1.976165771E0,1.196411133E0,-9.198013306E0,2.758926392E0
1.978576660E0,9.882354736E-1,-9.212371826E0,2.596206665E0
1.980957031E0,8.997039795E-1,-9.209976196E0,2.620147705E0
1.983367920E0,7.944183350E-1,-9.255432129E0,2.510070801E0
1.985778808E0,5.240325928E-1,-9.281753540E0,2.409576416E0
1.988189697E0,3.182525635E-1,-9.305694580E0,2.476577759E0
1.990570068E0,1.076812744E-1,-9.353546143E0,2.572280884E0
1.992980957E0,-1.196441650E-1,-9.456436157E0,2.600997925E0
1.995391845E0,-1.842498779E-1,-9.528213501E0,2.684753418E0
1.997802734E0,-2.392883301E-1,-9.633499146E0,2.682357788E0
2.000183105E0,-1.627044678E-1,-9.729217529E0,2.730209351E0
2.002593994E0,7.171630859E-3,-9.882354736E0,2.809173584E0
2.005004883E0,1.004943848E-1,-1.012881470E1,2.842666626E0
2.007415771E0,1.890258789E-1,-1.029393005E1,2.780456543E0
2.009796142E0,3.134613037E-1,-1.045184326E1,2.811569214E0
2.012207031E0,2.751770020E-1,-1.063609314E1,2.837890625E0
2.014617920E0,3.349914551E-1,-1.076530457E1,2.794815063E0
2.017028808E0,5.814514160E-1,-1.085862732E1,2.804382324E0
2.019439697E0,6.173553467E-1,-1.093519592E1,2.744567871E0
2.021820068E0,6.819610596E-1,-1.097109985E1,2.739776611E0
2.024230957E0,9.044799805E-1,-1.093998718E1,2.792419434E0
2.026641845E0,1.150955200E0,-1.081555176E1,2.797210693E0
2.029052734E0,1.203582764E0,-1.065284729E1,2.809173584E0
2.031433105E0,1.150955200E0,-1.044946289E1,2.806777954E0
2.033843994E0,1.055236816E0,-1.024845886E1,2.830703735E0
2.036254883E0,8.733825684E-1,-9.987640381E0,2.847457886E0
2.038665771E0,5.862426758E-1,-9.803390503E0,2.790023804E0
2.041046142E0,4.498443604E-1,-9.655044556E0,2.708679199E0
2.043457031E0,4.283142090E-1,-9.516250610E0,2.730209351E0
2.045867920E0,2.991027832E-1,-9.451644897E0,2.672790527E0
2.048278808E0,-1.698913574E-1,-9.384643555E0,2.569885254E0
2.050689697E0,-3.397827148E-1,-9.178863525E0,2.591430664E0
2.053100586E0,6.700134277E-2,-8.997009277E0,2.514862061E0
2.055511474E0,-5.168457031E-1,-9.032897949E0,2.577072144E0
2.057922363E0,-5.527496338E-1,-9.018554688E0,2.904891968E0
2.060333252E0,-1.890258789E-1,-8.968292236E0,3.203994751E0
2.062713623E0,2.560272217E-1,-8.803192139E0,3.266204834E0
2.065124511E0,7.992095947E-1,-8.535202026E0,3.266204834E0
2.067535400E0,1.359130859E0,-8.317459106E0,3.247055054E0
2.069946289E0,2.050643921E0,-8.090133667E0,3.218353271E0
2.072357177E0,2.464614868E0,-7.759918213E0,3.172882080E0
2.074737549E0,2.380859375E0,-7.527816772E0,3.151351929E0
2.077148437E0,2.289932251E0,-7.616348267E0,3.299697876E0
2.079559326E0,2.139190674E0,-7.501495361E0,3.457626343E0
2.081970215E0,1.529006958E0,-7.458435059E0,3.608383179E0
2.084350586E0,5.670928955E-1,-7.690536499E0,3.529418945E0
2.086761474E0,1.914978027E-2,-8.121246338E0,3.622726440E0
2.089172363E0,8.375549316E-2,-8.532806396E0,3.797409058E0
2.091583252E0,2.344970703E-1,-8.915664673E0,3.873977661E0
2.093963623E0,1.986083984E-1,-9.169296265E0,3.649047852E0
2.096374511E0,1.603240967E-1,-9.159729004E0,3.522232056E0
2.098785400E0,-2.129669189E-1,-9.238693237E0,3.625122070E0
2.101196289E0,-6.747741699E-1,-9.370300293E0,3.651443481E0
2.103576660E0,-9.762725830E-1,-9.461227417E0,3.457626343E0
2.105987549E0,-9.332275391E-2,-9.638290405E0,3.177673340E0
2.108398437E0,-1.450057983E0,-9.911071777E0,2.866607666E0
2.110809326E0,-3.483947754E0,-1.006181335E1,2.644073486E0
2.113220215E0,-4.625320435E0,-1.021974182E1,2.687133789E0
2.115600586E0,-4.957931519E0,-1.039682007E1,2.667999268E0
2.118011474E0,-4.998611450E0,-1.057867432E1,2.665603638E0
2.120422363E0,-4.948364258E0,-1.069113159E1,2.919250488E0
2.122833252E0,-5.199600220E0,-1.078923035E1,3.225524902E0
2.125213623E0,-5.388641357E0,-1.097109985E1,3.287734985E0
2.127624511E0,-5.331207275E0,-1.114576721E1,3.347564697E0
2.130035400E0,-5.084747314E0,-1.121994019E1,3.409774780E0
2.132446289E0,-4.941177368E0,-1.127976990E1,3.498306274E0
2.134826660E0,-4.673187256E0,-1.125584412E1,3.586837769E0
2.137237549E0,-4.400405884E0,-1.121994019E1,3.732803345E0
2.139648437E0,-4.199401855E0,-1.121755981E1,3.864410400E0
2.142059326E0,-4.003189087E0,-1.119841003E1,3.885940552E0
2.144470215E0,-3.708877563E0,-1.118884277E1,3.857223511E0
2.146850586E0,-3.491134644E0,-1.121516418E1,3.778274536E0
2.149261474E0,-3.227920532E0,-1.121516418E1,3.677764893E0
2.151672363E0,-2.979064941E0,-1.121516418E1,3.584442139E0
2.154083252E0,-2.735000610E0,-1.122233582E1,3.419342041E0
2.156463623E0,-2.476577759E0,-1.121276855E1,3.208770752E0
2.158874511E0,-2.208572388E0,-1.117687988E1,2.943176270E0
2.161285400E0,-1.873580933E0,-1.123190308E1,2.660812378E0
2.163696289E0,-1.538589478E0,-1.125584412E1,2.361709595E0
2.166076660E0,-1.160522461E0,-1.125344849E1,2.057830811E0
2.168487549E0,-7.202453613E-1,-1.117926025E1,1.887939453E0
2.170898437E0,-3.517456055E-1,-1.107398987E1,1.789825439E0
2.173309326E0,-8.613586426E-2,-1.089930725E1,1.816146851E0
2.175720215E0,-8.613586426E-2,-1.069352722E1,2.165512085E0
2.178100586E0,-1.722869873E-1,-1.055235291E1,2.445465088E0
2.180511474E0,-6.460571289E-2,-1.036570740E1,2.543563843E0
2.182922363E0,1.076812744E-1,-1.011685181E1,2.703887939E0
2.185333252E0,2.847442627E-1,-9.877578735E0,2.895309448E0
2.187713623E0,4.642028809E-1,-9.657424927E0,2.983856201E0
2.190124511E0,5.335998535E-1,-9.432510376E0,3.024520874E0
2.192535400E0,6.412811279E-1,-9.245864868E0,2.993423462E0
2.194946289E0,7.322082520E-1,-9.054443359E0,2.950347900E0
2.197326660E0,8.207397461E-1,-8.891723633E0,2.902496338E0
2.199737549E0,8.566284180E-1,-8.745773315E0,2.861816406E0
2.202148437E0,8.973083496E-1,-8.561523438E0,2.768493652E0
2.204559326E0,9.092712402E-1,-8.451446533E0,2.713455200E0
2.206970215E0,9.762725830E-1,-8.360519409E0,2.660812378E0
2.209350586E0,1.069595337E0,-8.260025024E0,2.656036377E0
2.211761474E0,1.174880981E0,-8.195419312E0,2.617752075E0
2.214172363E0,1.323226929E0,-8.121246338E0,2.569885254E0
2.216583252E0,1.440475464E0,-8.075775146E0,2.565109253E0
2.218963623E0,1.524230957E0,-8.020736694E0,2.543563843E0
2.221374511E0,1.562515259E0,-7.970489502E0,2.548355103E0
2.223785400E0,1.545761108E0,-7.929809570E0,2.557922363E0
2.226196289E0,1.502685547E0,-7.903488159E0,2.596206665E0
2.228576660E0,1.435699463E0,-7.901107788E0,2.641677856E0
2.230987549E0,1.414154053E0,-7.896316528E0,2.632110596E0
2.233398437E0,1.416549683E0,-7.905883789E0,2.598602295E0
2.235809326E0,1.404586792E0,-7.960922241E0,2.620147705E0
2.238220215E0,1.418945312E0,-7.996810913E0,2.598602295E0
2.240600586E0,1.433303833E0,-8.068603516E0,2.574676514E0
2.243011474E0,1.390228271E0,-8.063812256E0,2.572280884E0
2.245422363E0,1.339981079E0,-8.109283447E0,2.579467773E0
2.247833252E0,1.287338257E0,-8.178665161E0,2.598602295E0
2.250213623E0,1.272979736E0,-8.238494873E0,2.632110596E0
2.252624511E0,1.270584106E0,-8.310272217E0,2.639282227E0
2.255035400E0,1.239486694E0,-8.372482300E0,2.663208008E0
2.257446289E0,1.179656982E0,-8.439483643E0,2.737396240E0
2.259826660E0,1.222732544E0,-8.559127808E0,2.775680542E0
2.262237549E0,1.265808105E0,-8.671585083E0,2.821136475E0
2.264648437E0,1.304092407E0,-8.740982056E0,2.818740845E0
2.267059326E0,1.318450928E0,-8.781661987E0,2.794815063E0
2.269470215E0,1.318450928E0,-8.779266357E0,2.830703735E0
2.271850586E0,1.289733887E0,-8.796020508E0,2.864212036E0
2.274261474E0,1.311264038E0,-8.810379028E0,2.854644775E0
2.276672363E0,1.313659668E0,-8.903686523E0,2.837890625E0
2.279083252E0,1.299301147E0,-8.939590454E0,2.816345215E0
2.281463623E0,1.210769653E0,-8.961120605E0,2.811569214E0
2.283874511E0,1.158126831E0,-8.982650757E0,2.778060913E0
2.286285400E0,1.098312378E0,-9.020935059E0,2.758926392E0
2.288696289E0,1.074371338E0,-9.049652100E0,2.711074829E0
2.291076660E0,1.069595337E0,-9.102294922E0,2.644073486E0
2.293487549E0,1.069595337E0,-9.159729004E0,2.596206665E0
2.295898437E0,1.064804077E0,-9.202789307E0,2.550750732E0
2.298309326E0,1.038482666E0,-9.214767456E0,2.514862061E0
2.300720215E0,1.014556885E0,-9.245864868E0,2.478958130E0
2.303100586E0,1.014556885E0,-9.250656128E0,2.481353760E0
2.305511474E0,9.930267334E-1,-9.248260498E0,2.440673828E0
2.307922363E0,9.762725830E-1,-9.279373169E0,2.388031006E0
2.310333252E0,9.714813232E-1,-9.262619019E0,2.347366333E0
2.312713623E0,9.810638428E-1,-9.317657471E0,2.263610840E0
2.315124511E0,9.954071045E-1,-9.317657471E0,2.225326538E0
2.317535400E0,9.571228027E-1,-9.351150513E0,2.146362305E0
2.319946289E0,9.571228027E-1,-9.372680664E0,2.112869263E0
2.322326660E0,9.044799805E-1,-9.382263184E0,2.043472290E0
2.324737549E0,8.518524170E-1,-9.391830444E0,1.954940796E0
2.327148437E0,8.135528564E-1,-9.389434814E0,1.942977905E0
2.329559326E0,7.920227051E-1,-9.406188965E0,1.899902344E0
2.331970215E0,7.130584717E-1,-9.394226074E0,1.852050781E0
2.334350586E0,6.915283203E-1,-9.389434814E0,1.808975220E0
2.336761474E0,6.269226074E-1,-9.379867554E0,1.761123657E0
2.339172363E0,5.647125244E-1,-9.379867554E0,1.725219727E0
2.341583252E0,5.024871826E-1,-9.403793335E0,1.665405273E0
2.343994140E0,4.283142090E-1,-9.446868896E0,1.634292603E0
2.346405029E0,3.876342773E-1,-9.480361938E0,1.607971191E0
2.348815918E0,3.397827148E-1,-9.544967651E0,1.615158081E0
2.351226806E0,2.919311523E-1,-9.604797363E0,1.646255493E0
2.353607177E0,2.153472900E-1,-9.686141968E0,1.715652466E0
2.356018066E0,1.124572754E-1,-9.736389160E0,1.744369507E0
2.358428955E0,4.785156250E-2,-9.808181763E0,1.818542480E0
2.360839844E0,9.567260742E-3,-9.848861694E0,1.907073975E0
2.363250732E0,-5.264282227E-2,-9.918243408E0,2.053039551E0
2.365631103E0,-1.148529053E-1,-9.934997559E0,2.182250977E0
2.368041992E0,-2.010040283E-1,-9.930221558E0,2.321044922E0
2.370452881E0,-2.967071533E-1,-9.932601929E0,2.462219238E0
2.372863769E0,-4.546356201E-1,-9.913467407E0,2.600997925E0
2.375244140E0,-5.575256348E-1,-9.903900146E0,2.735000610E0
2.377655029E0,-6.101684570E-1,-9.889541626E0,2.813964844E0
2.380065918E0,-6.221313477E-1,-9.899108887E0,2.924026489E0
2.382476806E0,-6.843414307E-1,-9.920639038E0,3.079559326E0
2.384857177E0,-6.747741699E-1,-9.956542969E0,3.194412231E0
2.387268066E0,-6.580200195E-1,-9.980468750E0,3.335601807E0
2.389678955E0,-7.130584717E-1,-9.961318970E0,3.505477905E0
2.392089844E0,-7.417755127E-1,-9.906280518E0,3.680160522E0
2.394470215E0,-7.322082520E-1,-9.913467407E0,3.835693359E0
2.396881103E0,-7.417755127E-1,-9.903900146E0,4.031906128E0
2.399291992E0,-7.106628418E-1,-9.925430298E0,4.256835938E0
2.401702881E0,-7.704925537E-1,-9.903900146E0,4.448257446E0
2.404113769E0,-8.590240479E-1,-9.867996216E0,4.591827393E0
2.406494140E0,-9.236297607E-1,-9.836898804E0,4.814361572E0
2.408905029E0,-9.738769531E-1,-9.760330200E0,4.981857300E0
2.411315918E0,-1.083953857E0,-9.623931885E0,5.166107178E0
2.413726806E0,-1.146163940E0,-9.547363281E0,5.295318604E0
2.416107177E0,-1.280166626E0,-9.463607788E0,5.467605591E0
2.418518066E0,-1.414154053E0,-9.339187622E0,5.599212646E0
2.420928955E0,-1.545761108E0,-9.221939087E0,5.659027100E0
2.423339844E0,-1.564910889E0,-9.190826416E0,5.647064209E0
2.425720215E0,-1.636688232E0,-9.152542114E0,5.580062866E0
2.428131103E0,-1.749160767E0,-9.126220703E0,5.558532715E0
2.430541992E0,-1.928619385E0,-9.097518921E0,5.458023071E0
2.432952881E0,-2.122436523E0,-9.083160400E0,5.328811646E0
2.435363769E0,-2.230117798E0,-9.121444702E0,5.218750000E0
2.437744140E0,-2.397613525E0,-9.140579224E0,5.118240356E0
2.440155029E0,-2.512466431E0,-9.195617676E0,5.060821533E0
2.442565918E0,-2.622528076E0,-9.243469238E0,5.053634644E0
2.444976806E0,-2.737396240E0,-9.341583252E0,5.053634644E0
2.447357177E0,-2.699096680E0,-9.458831787E0,5.051254272E0
2.449768066E0,-2.730209351E0,-9.552154541E0,5.185241699E0
2.452178955E0,-2.622528076E0,-9.726821899E0,5.369491577E0
2.454589844E0,-2.388031006E0,-9.990036011E0,5.522628784E0
2.457000732E0,-2.100891113E0,-1.028674316E1,5.699707031E0
2.459381103E0,-1.741973877E0,-1.058824158E1,5.912658691E0
2.461791992E0,-1.316055298E0,-1.084906006E1,6.075378418E0
2.464202881E0,-9.786682129E-1,-1.108595276E1,6.273986816E0
2.466613769E0,-6.556396484E-1,-1.127258301E1,6.482162476E0
2.468994140E0,-3.637084961E-1,-1.142333984E1,6.632904053E0
2.471405029E0,-1.100769043E-1,-1.151666260E1,6.740585327E0
2.473815918E0,9.332275391E-2,-1.154058838E1,6.776473999E0
2.476226806E0,2.416687012E-1,-1.141615295E1,6.790832520E0
2.478607177E0,2.608184814E-1,-1.113140869E1,6.714263916E0
2.481018066E0,2.368927002E-1,-1.077009583E1,6.539581299E0
2.483428955E0,2.081756592E-1,-1.030827332E1,6.305084229E0
2.485839844E0,2.392883301E-1,-9.930221558E0,5.943771362E0
2.488250732E0,3.014984131E-1,-9.607177734E0,5.568099976E0
2.490631103E0,4.163513184E-1,-9.370300293E0,5.173278809E0
2.493041992E0,5.623168945E-1,-9.193222046E0,4.814361572E0
2.495452881E0,7.393798828E-1,-9.035293579E0,4.467407227E0
2.497863769E0,9.906311035E-1,-8.953948975E0,4.084548950E0
2.500244140E0,1.201202393E0,-8.884552002E0,3.795013428E0
2.502655029E0,1.459625244E0,-8.812759399E0,3.512664795E0
2.505065918E0,1.686935425E0,-8.709869385E0,3.266204834E0
2.507476806E0,1.907073975E0,-8.590240479E0,3.048461914E0
2.509857177E0,2.108078003E0,-8.410766602E0,2.928817749E0
2.512268066E0,2.289932251E0,-8.216949463E0,2.833099365E0
2.514678955E0,2.469390869E0,-8.025527954E0,2.785247803E0
2.517089844E0,2.605789185E0,-7.836486816E0,2.799606323E0
2.519470215E0,2.696716309E0,-7.602005005E0,2.890533447E0
2.521881103E0,2.691925049E0,-7.365112305E0,2.983856201E0
2.524291992E0,2.718246460E0,-7.101898193E0,3.117843628E0
2.526702881E0,2.861816406E0,-6.893722534E0,3.268600464E0
2.529113769E0,3.113067627E0,-6.711868286E0,3.369094849E0
2.531494140E0,3.419342041E0,-6.575469971E0,3.550949097E0
2.533905029E0,3.651443481E0,-6.419937134E0,3.646667480E0
2.536315918E0,3.759124756E0,-6.360122681E0,3.728012085E0
2.538726806E0,3.732803345E0,-6.283554077E0,3.739974976E0
2.541107177E0,3.558120728E0,-6.266799927E0,3.747161865E0
2.543518066E0,3.421737671E0,-6.206985474E0,3.682556152E0
2.545928955E0,3.292526245E0,-6.195022583E0,3.594024658E0
2.548339844E0,3.158523560E0,-6.163909912E0,3.448059082E0
2.550720215E0,2.998199463E0,-6.135192871E0,3.263809204E0
2.553131103E0,2.902496338E0,-6.128021240E0,3.093917847E0
2.555541992E0,2.794815063E0,-6.106491089E0,2.900100708E0
2.557952881E0,2.699096680E0,-6.128021240E0,2.677566528E0
2.560363769E0,2.574676514E0,-6.202194214E0,2.478958130E0
2.562744140E0,2.493316650E0,-6.340972900E0,2.277969360E0
2.565155029E0,2.388031006E0,-6.527618408E0,2.122436523E0
2.567565918E0,2.277969360E0,-6.788436890E0,2.009963989E0
2.569976806E0,2.129608154E0,-7.075576782E0,1.873580933E0
2.572357177E0,1.954940796E0,-7.415359497E0,1.837692261E0
2.574768066E0,1.737182617E0,-7.822143555E0,1.741973877E0
2.577178955E0,1.402191162E0,-8.260025024E0,1.734802246E0
2.579589844E0,1.045669556E0,-8.807983398E0,1.713256836E0
2.581970215E0,6.364898682E-1,-9.375076294E0,1.588836670E0
2.584381103E0,2.536315918E-1,-9.987640381E0,1.514663696E0
2.586791992E0,-1.148529053E-1,-1.058824158E1,1.404586792E0
2.589202881E0,-4.953155518E-1,-1.120080566E1,1.308868408E0
2.591613769E0,-7.944183350E-1,-1.184446716E1,1.177261353E0
2.593994140E0,-1.016952515E0,-1.250010681E1,1.050445557E0
2.596405029E0,-1.227523804E0,-1.322991943E1,1.004989624E0
2.598815918E0,-1.217941284E0,-1.392382812E1,9.451599121E-1
2.601226806E0,-1.387832642E0,-1.456990051E1,1.052841187E0
2.603607177E0,-1.304092407E0,-1.525663757E1,1.205978394E0
2.606018066E0,-1.172485352E0,-1.597448730E1,1.328018188E0
2.608428955E0,-9.499511719E-1,-1.667558289E1,1.505081177E0
2.610839844E0,-8.231353760E-1,-1.731207275E1,1.703689575E0
2.613220215E0,-7.010955811E-1,-1.793659973E1,1.883148193E0
2.615631103E0,-6.556396484E-1,-1.844866943E1,2.093719482E0
2.618041992E0,-6.699829102E-1,-1.886502075E1,2.249252319E0
2.620452881E0,-6.053771973E-1,-1.914497375E1,2.261215210E0
2.622863769E0,-6.149597168E-1,-1.926939392E1,2.201400757E0
2.625274658E0,-6.604156494E-1,-1.931965637E1,2.199005127E0
2.627685547E0,-8.566284180E-1,-1.926701355E1,2.124832153E0
2.630096435E0,-1.098312378E0,-1.916889954E1,2.076965332E0
2.632507324E0,-1.158126831E0,-1.906840515E1,2.026718140E0
2.634887695E0,-1.210769653E0,-1.891766357E1,1.940582275E0
2.637298584E0,-1.289733887E0,-1.874777222E1,1.914260864E0
2.639709472E0,-1.332809448E0,-1.864009094E1,1.871185303E0
2.642120361E0,-1.272979736E0,-1.848216248E1,1.806579590E0
2.644500732E0,-1.239486694E0,-1.826681519E1,1.730010986E0
2.646911621E0,-1.313659668E0,-1.794139099E1,1.612762451E0
2.649322510E0,-1.167694092E0,-1.761357117E1,1.435699463E0
2.651733398E0,-1.150955200E0,-1.715653992E1,1.282546997E0
2.654144287E0,-1.067199707E0,-1.667079163E1,1.124633789E0
2.656524658E0,-9.475555420E-1,-1.613002014E1,1.026519775E0
2.658935547E0,-7.465667725E-1,-1.550788879E1,8.781585693E-1
2.661346435E0,-4.689941406E-1,-1.495036316E1,7.441711426E-1
2.663757324E0,-1.387786865E-1,-1.438804626E1,6.245269775E-1
2.666137695E0,5.503845215E-2,-1.382333374E1,5.168457031E-1
2.668548584E0,1.363983154E-1,-1.330648804E1,3.302154541E-1
2.670959472E0,1.028900146E-1,-1.277767944E1,4.307556152E-2
2.673370361E0,5.264282227E-2,-1.232781982E1,-1.938171387E-1
2.675750732E0,-1.196289062E-2,-1.194735718E1,-4.235229492E-1
2.678161621E0,-1.148529053E-1,-1.168655396E1,-5.670928955E-1
2.680572510E0,-2.584228516E-1,-1.139462280E1,-7.010955811E-1
2.682983398E0,-3.756713867E-1,-1.111944580E1,-8.805541992E-1
2.685394287E0,-4.307098389E-1,-1.085862732E1,-1.127014160E0
2.687774658E0,-3.493499756E-1,-1.062652588E1,-1.194015503E0
2.690185547E0,-3.062744141E-1,-1.035614014E1,-1.306488037E0
2.692596435E0,-2.201385498E-1,-1.010968018E1,-1.380661011E0
2.695007324E0,-1.651000977E-1,-9.925430298E0,-1.426116943E0
2.697387695E0,-1.052856445E-1,-9.765106201E0,-1.445266724E0
2.699798584E0,2.871704102E-2,-9.635894775E0,-1.414154053E0
2.702209472E0,1.722869873E-1,-9.494720459E0,-1.361511230E0
2.704620361E0,3.134613037E-1,-9.430114746E0,-1.225128174E0
2.707000732E0,4.689941406E-1,-9.303298950E0,-1.160522461E0
2.709411621E0,6.101684570E-1,-9.176467896E0,-1.086334229E0
2.711822510E0,7.992095947E-1,-9.123840332E0,-9.427795410E-1
2.714233398E0,9.667053223E-1,-9.044876099E0,-8.829498291E-1
2.716644287E0,1.098312378E0,-8.975479126E0,-8.135528564E-1
2.719024658E0,1.153335571E0,-8.953948975E0,-7.274169922E-1
2.721435547E0,1.182052612E0,-8.882156372E0,-6.149597168E-1
2.723846435E0,1.143768311E0,-8.860626221E0,-5.312042236E-1
2.726257324E0,1.182052612E0,-8.896514893E0,-3.541412354E-1
2.728637695E0,1.418945312E0,-8.851058960E0,-2.560272217E-1
2.731048584E0,1.538589478E0,-8.781661987E0,-1.746826172E-1
2.733459472E0,1.651046753E0,-8.676376343E0,-5.024719238E-2
2.735870361E0,1.844863892E0,-8.616561890E0,2.057800293E-1
2.738250732E0,2.012359619E0,-8.523239136E0,3.397827148E-1
2.740661621E0,2.024322510E0,-8.401199341E0,4.642028809E-1
2.743072510E0,1.921432495E0,-8.305480957E0,6.604156494E-1
2.745483398E0,1.739578247E0,-8.204986572E0,8.685913086E-1
2.747894287E0,1.557723999E0,-8.121246338E0,1.115051270E0
2.750274658E0,1.478759766E0,-8.027923584E0,1.359130859E0
2.752685547E0,1.363906860E0,-7.982452393E0,1.696517944E0
2.755096435E0,1.406982422E0,-7.917846680E0,1.978866577E0
2.757507324E0,1.483551025E0,-7.869995117E0,2.232498169E0
2.759887695E0,1.548156738E0,-7.838882446E0,2.505279541E0
2.762298584E0,1.550552368E0,-7.774276733E0,2.751739502E0
2.764709472E0,1.605590820E0,-7.740783691E0,3.005386353E0
2.767120361E0,1.634292603E0,-7.668991089E0,3.213562012E0
2.769500732E0,1.653442383E0,-7.592422485E0,3.393020630E0
2.771911621E0,1.655838013E0,-7.503890991E0,3.479156494E0
2.774322510E0,1.670196533E0,-7.410568237E0,3.495910645E0
2.776733398E0,1.677368164E0,-7.288543701E0,3.527023315E0
2.779113769E0,1.674972534E0,-7.255035400E0,3.555740356E0
2.781524658E0,1.660614014E0,-7.197616577E0,3.572479248E0
2.783935547E0,1.734802246E0,-7.135391235E0,3.558120728E0
2.786346435E0,1.832901001E0,-7.125823975E0,3.471984863E0
2.788757324E0,1.919036865E0,-7.161712646E0,3.426528931E0
2.791137695E0,2.086547852E0,-7.199996948E0,3.385848999E0
2.793548584E0,2.246856689E0,-7.262222290E0,3.321243286E0
2.795959472E0,2.490921021E0,-7.341186523E0,3.213562012E0
2.798370361E0,2.639282227E0,-7.401000977E0,3.177673340E0
2.800750732E0,2.512466431E0,-7.479965210E0,3.251846313E0
2.803161621E0,2.220535278E0,-7.511077881E0,3.304489136E0
2.805572510E0,1.902297974E0,-7.554138184E0,3.340377808E0
2.807983398E0,1.485946655E0,-7.563705444E0,3.440872192E0
2.810363769E0,1.033706665E0,-7.549362183E0,3.536590576E0
2.812774658E0,5.503540039E-1,-7.563705444E0,3.625122070E0
2.815185547E0,2.057800293E-1,-7.568496704E0,3.665802002E0
2.817596435E0,-2.608184814E-1,-7.556533813E0,3.641876221E0
2.820007324E0,-7.202453613E-1,-7.398605347E0,3.670593262E0
2.822387695E0,-3.230285645E-1,-7.190429688E0,3.663406372E0
2.824798584E0,1.675415039E-2,-7.302902222E0,3.852447510E0
2.827209472E0,7.656860352E-2,-7.422531128E0,4.043869019E0
2.829620361E0,4.881286621E-1,-7.556533813E0,4.366897583E0
2.832000732E0,5.335998535E-1,-7.786239624E0,4.268798828E0
2.834411621E0,5.503845215E-2,-7.846069336E0,4.031906128E0
2.836822510E0,-2.344970703E-1,-7.771881104E0,3.921829224E0
2.839233398E0,-4.378814697E-1,-7.640289307E0,3.835693359E0
2.841644287E0,-5.001068115E-1,-7.465606689E0,3.665802002E0
2.844024658E0,-5.335998535E-1,-7.324432373E0,3.491134644E0
2.846435547E0,-5.886383057E-1,-7.197616577E0,3.335601807E0
2.848846435E0,-6.316986084E-1,-7.089935303E0,3.278167725E0
2.851257324E0,-6.939239502E-1,-6.996612549E0,3.237487793E0
2.853637695E0,-7.393798828E-1,-6.888931274E0,3.182449341E0
2.856048584E0,-7.154541016E-1,-6.786041260E0,3.187240601E0
2.858459472E0,-6.939239502E-1,-6.647262573E0,3.146560669E0
2.860870361E0,-6.388854980E-1,-6.541976929E0,3.170486450E0
2.863250732E0,-6.173553467E-1,-6.412765503E0,3.172882080E0
2.865661621E0,-5.575256348E-1,-6.340972900E0,3.141769409E0
2.868072510E0,-5.072784424E-1,-6.266799927E0,3.160919189E0
2.870483398E0,-4.139556885E-1,-6.192626953E0,3.153747559E0
2.872894287E0,-3.684997559E-1,-6.118453979E0,3.144165039E0
2.875274658E0,-2.967071533E-1,-6.101699829E0,3.144165039E0
2.877685547E0,-2.225341797E-1,-6.099304199E0,3.151351929E0
2.880096435E0,-1.507415771E-1,-6.056228638E0,3.187240601E0
2.882507324E0,-1.363983154E-1,-6.053848267E0,3.227920532E0
2.884887695E0,-6.939697266E-2,-6.080169678E0,3.268600464E0
2.887298584E0,9.567260742E-3,-6.106491089E0,3.359527588E0
2.889709472E0,2.153015137E-2,-6.166305542E0,3.419342041E0
2.892120361E0,6.460571289E-2,-6.252441406E0,3.479156494E0
2.894500732E0,9.092712402E-2,-6.343368530E0,3.527023315E0
2.896911621E0,1.340026855E-1,-6.427124023E0,3.519836426E0
2.899322510E0,1.794586182E-1,-6.508483887E0,3.507873535E0
2.901733398E0,2.081756592E-1,-6.618545532E0,3.428909302E0
2.904113769E0,2.656097412E-1,-6.735794067E0,3.354736328E0
2.906524658E0,3.517456055E-1,-6.812362671E0,3.280563354E0
2.908935547E0,4.355010986E-1,-6.920043945E0,3.201599121E0
2.911346435E0,4.905242920E-1,-7.030120850E0,3.117843628E0
2.913757324E0,5.670928955E-1,-7.128219604E0,3.098709106E0
2.916168213E0,6.699829102E-1,-7.231109619E0,3.072387695E0
2.918579101E0,7.585296631E-1,-7.348358154E0,3.091522217E0
2.920989990E0,8.494567871E-1,-7.458435059E0,3.110671997E0
2.923400879E0,9.427795410E-1,-7.549362183E0,3.211166382E0
2.925781250E0,1.045669556E0,-7.652252197E0,3.347564697E0
2.928192138E0,1.155731201E0,-7.731216431E0,3.491134644E0
2.930603027E0,1.296905518E0,-7.834106445E0,3.663406372E0
2.933013916E0,1.454833984E0,-7.886749268E0,3.912261963E0
2.935394287E0,1.619934082E0,-7.951354980E0,4.201797485E0
2.937805176E0,1.792221069E0,-7.994415283E0,4.520034790E0
2.940216064E0,1.990829468E0,-8.051849365E0,4.850250244E0
2.942626953E0,2.249252319E0,-8.094924927E0,5.197204590E0
2.945037842E0,2.507675171E0,-8.130813599E0,5.580062866E0
2.947418213E0,2.797210693E0,-8.169097900E0,5.979660034E0
2.949829101E0,3.108276367E0,-8.209777832E0,6.355331421E0
2.952239990E0,3.457626343E0,-8.200210571E0,6.795623779E0
2.954650879E0,3.783050537E0,-8.216949463E0,7.231109619E0
2.957031250E0,4.115661621E0,-8.231307983E0,7.633102417E0
2.959442138E0,4.381256104E0,-8.243270874E0,8.023132324E0
2.961853027E0,4.682754517E0,-8.226531982E0,8.410766602E0
2.964263916E0,4.910064697E0,-8.269592285E0,8.752944946E0
2.966644287E0,5.194824219E0,-8.276779175E0,9.040084839E0
2.969055176E0,5.455642700E0,-8.315063477E0,9.298507690E0
2.971466064E0,5.714065552E0,-8.348556519E0,9.487548828E0
2.973876953E0,5.958129883E0,-8.405990601E0,9.623931885E0
2.976287842E0,6.185440063E0,-8.458633423E0,9.674179077E0
2.978668213E0,6.400802612E0,-8.520843506E0,9.686141968E0
2.981079101E0,6.659225464E0,-8.621337891E0,9.621536255E0
2.983489990E0,6.862609863E0,-8.700302124E0,9.564117432E0
2.985900879E0,7.089935303E0,-8.807983398E0,9.444473267E0
2.988281250E0,7.259826660E0,-8.918045044E0,9.317657471E0
2.990692138E0,7.398605347E0,-9.044876099E0,9.154937744E0
2.993103027E0,7.518249512E0,-9.162124634E0,9.020935059E0
2.995513916E0,7.640289307E0,-9.288940430E0,8.853439331E0
2.997894287E0,7.673782349E0,-9.434906006E0,8.688339233E0
3.000305176E0,7.678573608E0,-9.547363281E0,8.556732178E0
3.002716064E0,7.635498047E0,-9.652648926E0,8.384445190E0
3.005126953E0,7.496719360E0,-9.710067749E0,8.216949463E0
3.007537842E0,7.336395264E0,-9.726821899E0,8.042282104E0
3.009918213E0,7.142578125E0,-9.717254639E0,7.764709473E0
3.012329101E0,6.967895508E0,-9.705291748E0,7.288543701E0
3.014739990E0,6.774078369E0,-9.681365967E0,6.853042603E0
3.017150879E0,6.620941162E0,-9.678970337E0,6.472579956E0
3.019531250E0,6.508483887E0,-9.671783447E0,6.075378418E0
3.021942138E0,6.362518311E0,-9.638290405E0,5.733200073E0
3.024353027E0,6.226119995E0,-9.602401733E0,5.472381592E0
3.026763916E0,6.070587158E0,-9.547363281E0,5.283355713E0
3.029144287E0,5.900695801E0,-9.480361938E0,5.170883179E0
3.031555176E0,5.690139771E0,-9.413360596E0,5.139785767E0
3.033966064E0,5.453247070E0,-9.360717773E0,5.201995850E0
3.036376953E0,5.245071411E0,-9.276977539E0,5.316848755E0
3.038787842E0,4.984252930E0,-9.190826416E0,5.465209961E0
3.041168213E0,4.711471558E0,-9.078369141E0,5.635101318E0
3.043579101E0,4.393218994E0,-8.937194824E0,5.857635498E0
3.045989990E0,4.055831909E0,-8.784057617E0,6.025131226E0
3.048400879E0,3.675369263E0,-8.609375000E0,6.216552734E0
3.050781250E0,3.270996094E0,-8.427520752E0,6.367294312E0
3.053192138E0,2.809173584E0,-8.257629395E0,6.489334106E0
3.055603027E0,2.318649292E0,-8.094924927E0,6.553939819E0
3.058013916E0,1.832901001E0,-7.934600830E0,6.544372559E0
3.060394287E0,1.359130859E0,-7.814956665E0,6.482162476E0
3.062805176E0,9.571228027E-1,-7.726425171E0,6.297912598E0
3.065216064E0,6.221313477E-1,-7.664215088E0,6.070587158E0
3.067626953E0,3.421783447E-1,-7.688140869E0,5.685348511E0
3.070037842E0,9.092712402E-2,-7.779067993E0,5.178070068E0
3.072418213E0,-1.435699463E-1,-7.920242310E0,4.594223022E0
3.074829101E0,-3.302154541E-1,-8.102096558E0,3.938583374E0
3.077239990E0,-4.426727295E-1,-8.413162231E0,3.244674683E0
3.079650879E0,-4.809570312E-1,-8.798416138E0,2.608169556E0
3.082031250E0,-4.115600586E-1,-9.267395020E0,2.000396729E0
3.084442138E0,-2.416687012E-1,-9.777069092E0,1.457229614E0
3.086853027E0,2.153015137E-2,-1.032742310E1,1.150955200E0
3.089263916E0,3.469543457E-1,-1.093759155E1,1.007385254E0
3.091644287E0,6.915283203E-1,-1.154776001E1,1.107879639E0
3.094055176E0,1.064804077E0,-1.215792847E1,1.452438354E0
3.096466064E0,1.421340942E0,-1.277049255E1,2.024322510E0
3.098876953E0,1.868789673E0,-1.333520508E1,2.902496338E0
3.101287842E0,2.215759277E0,-1.378744507E1,3.976867676E0
3.103668213E0,2.519638062E0,-1.410330200E1,5.288131714E0
3.106079101E0,2.656036377E0,-1.418704224E1,6.601791382E0
3.108489990E0,2.591430664E0,-1.424447632E1,8.015960693E0
3.110900879E0,2.514862061E0,-1.419662476E1,9.320037842E0
3.113281250E0,2.450256348E0,-1.416551208E1,1.036091614E1
3.115692138E0,2.452636719E0,-1.423728943E1,1.110748291E1
3.118103027E0,2.447860718E0,-1.424687195E1,1.161236572E1
3.120513916E0,2.517242432E0,-1.412483215E1,1.191865540E1
3.122894287E0,2.507675171E0,-1.385922241E1,1.189710999E1
3.125305176E0,2.373687744E0,-1.325384521E1,1.152862549E1
3.127716064E0,2.120040894E0,-1.226560974E1,1.090170288E1
3.130126953E0,1.902297974E0,-1.096870422E1,9.942184448E0
3.132537842E0,2.009963989E0,-9.542572021E0,8.791229248E0
3.134918213E0,2.103286743E0,-8.267196655E0,7.518249512E0
3.137329101E0,1.921432495E0,-7.283752441E0,6.163909912E0
3.139739990E0,1.543365479E0,-6.640075684E0,4.711471558E0
3.142150879E0,9.164581299E-1,-6.321838379E0,3.156127930E0
3.144531250E0,2.703857422E-1,-6.171096802E0,1.452438354E0
3.146942138E0,-5.312042236E-1,-6.178268433E0,-4.283142090E-1
3.149353027E0,-1.397415161E0,-6.379272461E0,-2.373687744E0
3.151763916E0,-2.254043579E0,-6.733398438E0,-4.175476074E0
3.154144287E0,-3.022140503E0,-7.109069824E0,-5.618347168E0
3.156555176E0,-3.591629028E0,-7.446456909E0,-6.508483887E0
3.158966064E0,-3.926620483E0,-7.728820801E0,-6.841079712E0
3.161376953E0,-4.268798828E0,-8.008773804E0,-6.551544189E0
3.163757324E0,-4.488937378E0,-8.238494873E0,-5.864807129E0
3.166168213E0,-4.520034790E0,-8.420349121E0,-4.792816162E0
3.168579101E0,-4.247253418E0,-8.508880615E0,-3.562911987E0
3.170989990E0,-3.706481934E0,-8.516052246E0,-2.268402100E0
3.173370361E0,-3.299697876E0,-8.561523438E0,-1.229904175E0
3.175781250E0,-3.019744873E0,-8.609375000E0,-3.876342773E-1
3.178192138E0,-2.775680542E0,-8.664413452E0,2.273254395E-1
3.180603027E0,-2.545959473E0,-8.757736206E0,6.915283203E-1
3.183013916E0,-2.335388184E0,-8.779266357E0,1.210769653E0
3.185394287E0,-2.361709595E0,-8.853439331E0,1.598403931E0
3.187805176E0,-2.589035034E0,-8.903686523E0,1.883148193E0
3.190216064E0,-2.926422119E0,-8.994613647E0,2.117645264E0
3.192626953E0,-3.160919189E0,-9.209976196E0,2.318649292E0
3.195007324E0,-3.189636230E0,-9.353546143E0,2.670394897E0
3.197418213E0,-3.194412231E0,-9.442077637E0,2.919250488E0
3.199829101E0,-3.136993408E0,-9.533004761E0,3.101104736E0
3.202239990E0,-2.991027832E0,-9.626327515E0,3.199203491E0
3.204650879E0,-2.656036377E0,-9.664611816E0,3.488739014E0
3.207061767E0,-2.498107910E0,-9.772293091E0,3.646667480E0
3.209472656E0,-2.249252319E0,-9.860824585E0,3.842880249E0
3.211883545E0,-1.964508057E0,-1.000199890E1,3.991226196E0
3.214294433E0,-1.694122314E0,-1.012641907E1,4.182647705E0
3.216674804E0,-1.603195190E0,-1.021017456E1,4.134796143E0
3.219085693E0,-1.380661011E0,-1.035614014E1,4.130004883E0
3.221496582E0,-7.824554443E-1,-1.042074585E1,4.024734497E0
3.223907470E0,-3.661041260E-1,-1.049731445E1,3.933807373E0
3.226318359E0,-2.177429199E-1,-1.058106995E1,3.833297729E0
3.228698730E0,-2.368927002E-1,-1.065045166E1,3.859619141E0
3.231109619E0,-2.440643311E-1,-1.066241455E1,3.826126099E0
3.233520508E0,-1.435699463E-1,-1.075813293E1,3.716049194E0
3.235931396E0,-2.395629883E-3,-1.088494873E1,3.610763550E0
3.238311767E0,1.746826172E-1,-1.099023438E1,3.589233398E0
3.240722656E0,2.344970703E-1,-1.116969299E1,3.546157837E0
3.243133545E0,1.292114258E-1,-1.133958435E1,3.558120728E0
3.245544433E0,3.349304199E-2,-1.135394287E1,3.591629028E0
3.247924804E0,9.332275391E-2,-1.138265991E1,3.536590576E0
3.250335693E0,2.656097412E-1,-1.130369568E1,3.512664795E0
3.252746582E0,3.517456055E-1,-1.121516418E1,3.541381836E0
3.255157470E0,4.570312500E-1,-1.117448425E1,3.510269165E0
3.257537842E0,6.173553467E-1,-1.113380432E1,3.464813232E0
3.259948730E0,8.374938965E-1,-1.112901306E1,3.507873535E0
3.262359619E0,9.284210205E-1,-1.110031128E1,3.565307617E0
3.264770508E0,8.518524170E-1,-1.106680298E1,3.617950439E0
3.267181396E0,7.537384033E-1,-1.103808594E1,3.699310303E0
3.269561767E0,5.934143066E-1,-1.105004883E1,3.778274536E0
3.271972656E0,5.072784424E-1,-1.106919861E1,3.873977661E0
3.274383545E0,3.876342773E-1,-1.102134705E1,3.940979004E0
3.276794433E0,2.847442627E-1,-1.105484009E1,4.043869019E0
3.279174804E0,2.297058105E-1,-1.097109985E1,4.139587402E0
3.281585693E0,2.273254395E-1,-1.082752991E1,4.213760376E0
3.283996582E0,1.124572754E-1,-1.070549011E1,4.383651733E0
3.286407470E0,-3.158569336E-1,-1.067916870E1,4.699508667E0
3.288787842E0,1.076812744E-1,-1.071505737E1,5.046463013E0
3.291198730E0,6.699829102E-1,-1.052363586E1,5.185241699E0
3.293609619E0,7.441711426E-1,-1.037049866E1,5.123031616E0
3.296020508E0,6.316986084E-1,-1.025325012E1,5.130218506E0
3.298431396E0,3.948211670E-1,-1.010488892E1,5.094314575E0
3.300811767E0,1.363983154E-1,-9.937393188E0,4.941177368E0
3.303222656E0,-5.024719238E-2,-9.829711914E0,4.697113037E0
3.305633545E0,-2.560272217E-1,-9.772293091E0,4.345367432E0
3.308044433E0,-4.019927979E-1,-9.731613159E0,3.957733154E0
3.310424804E0,-5.024871826E-1,-9.757934570E0,3.476776123E0
3.312835693E0,-5.120697021E-1,-9.772293091E0,2.935989380E0
3.315246582E0,-4.785614014E-1,-9.822540283E0,2.275573730E0
3.317657470E0,-5.216369629E-1,-9.877578735E0,1.651046753E0
3.320037842E0,-6.053771973E-1,-9.894317627E0,1.100692749E0
3.322448730E0,-5.599212646E-1,-9.882354736E0,6.795654297E-1
3.324859619E0,-5.982055664E-1,-9.832107544E0,4.402770996E-1
3.327270508E0,-7.274169922E-1,-9.738784790E0,2.991027832E-1
3.329650879E0,-8.111724854E-1,-9.564117432E0,2.991027832E-1
3.332061767E0,-1.014556885E0,-9.415756226E0,4.833526611E-1
3.334472656E0,-1.402191162E0,-9.186050415E0,7.776641846E-1
3.336883545E0,-1.421340942E0,-8.956329346E0,1.172485352E0
3.339294433E0,-1.464401245E0,-8.676376343E0,1.607971191E0
3.341674804E0,-1.765899658E0,-8.410766602E0,2.067398071E0
3.344085693E0,-1.842468262E0,-8.183456421E0,2.447860718E0
3.346496582E0,-1.495513916E0,-7.841278076E0,2.919250488E0
3.348907470E0,-1.447662354E0,-7.326828003E0,3.553344727E0
3.351287842E0,-9.068756104E-1,-7.133010864E0,3.933807373E0
3.353698730E0,2.416687012E-1,-6.876968384E0,3.443267822E0
3.356109619E0,5.814514160E-1,-6.384048462E0,2.366500854E0
3.358520508E0,1.866455078E-1,-6.147155762E0,1.868789673E0
3.360900879E0,-7.728881836E-1,-6.391235352E0,2.337783813E0
3.363311767E0,-2.012359619E0,-6.348159790E0,3.127426147E0
3.365722656E0,-3.000595093E0,-6.510864258E0,4.036697388E0
3.368133545E0,-3.594024658E0,-6.841079712E0,4.534393311E0
3.370544433E0,-3.902694702E0,-7.357925415E0,4.627716064E0
3.372924804E0,-4.125228882E0,-7.951354980E0,4.778472900E0
3.375335693E0,-4.165908813E0,-8.547164917E0,4.953140259E0
3.377746582E0,-4.130004883E0,-9.238693237E0,4.960327148E0
3.380157470E0,-3.795013428E0,-9.791427612E0,4.718643188E0
3.382537842E0,-3.577270508E0,-1.043988037E1,4.352539062E0
3.384948730E0,-3.163314819E0,-1.091845703E1,3.981658936E0
3.387359619E0,-2.569885254E0,-1.116969299E1,3.598800659E0
3.389770508E0,-2.019546509E0,-1.125822449E1,3.299697876E0
3.392181396E0,-1.533798218E0,-1.113140869E1,3.239883423E0
3.394561767E0,-1.292129517E0,-1.099502563E1,3.163314819E0
3.396972656E0,-1.167694092E0,-1.080838013E1,3.168090820E0
3.399383545E0,-9.667053223E-1,-1.041835022E1,3.235092163E0
3.401794433E0,-7.106628418E-1,-1.014317322E1,3.290130615E0
3.404174804E0,-5.240325928E-1,-9.865615845E0,3.311660767E0
3.406585693E0,-8.183441162E-1,-9.662216187E0,3.474380493E0
3.408996582E0,-1.160522461E0,-9.592819214E0,3.409774780E0
3.411407470E0,-1.179656982E0,-9.475585938E0,3.127426147E0
3.413787842E0,-1.141372681E0,-9.542572021E0,2.852249146E0
3.416198730E0,-9.930267334E-1,-9.561721802E0,2.646469116E0
3.418609619E0,-7.728881836E-1,-9.497116089E0,2.533996582E0
3.421020508E0,-5.335998535E-1,-9.415756226E0,2.445465088E0
3.423431396E0,-3.469543457E-1,-9.351150513E0,2.416748047E0
3.425811767E0,-1.603240967E-1,-9.260223389E0,2.390426636E0
3.428222656E0,-2.395629883E-3,-9.090332031E0,2.364105225E0
3.430633545E0,2.703857422E-1,-8.961120605E0,2.323425293E0
3.433044433E0,4.211425781E-1,-8.750549316E0,2.275573730E0
3.435424804E0,5.407714844E-1,-8.571090698E0,2.199005127E0
3.437835693E0,6.795654297E-1,-8.446670532E0,2.098510742E0
3.440246582E0,9.547424316E-1,-8.386840820E0,1.897506714E0
3.442657470E0,1.198806763E0,-8.303100586E0,1.694122314E0
3.445037842E0,1.366302490E0,-8.214553833E0,1.600799561E0
3.447448730E0,1.533798218E0,-8.137985229E0,1.545761108E0
3.449859619E0,1.706085205E0,-8.102096558E0,1.483551025E0
3.452270508E0,1.741973877E0,-8.030319214E0,1.531402588E0
3.454681396E0,1.749160767E0,-7.939392090E0,1.572082520E0
3.457061767E0,1.663009644E0,-7.922637939E0,1.617553711E0
3.459472656E0,1.531402588E0,-7.917846680E0,1.701293945E0
3.461883545E0,1.438079834E0,-7.915451050E0,1.727615356E0
3.464294433E0,1.359130859E0,-7.855636597E0,1.751541138E0
3.466674804E0,1.301696777E0,-7.831710815E0,1.756332397E0
3.469085693E0,1.261016846E0,-7.779067993E0,1.787445068E0
3.471496582E0,1.205978394E0,-7.738388062E0,1.816146851E0
3.473907470E0,1.129409790E0,-7.702499390E0,1.864013672E0
3.476287842E0,1.048049927E0,-7.735992432E0,1.864013672E0
3.478698730E0,8.997039795E-1,-7.764709473E0,1.921432495E0
3.481109619E0,8.207397461E-1,-7.783859253E0,1.945358276E0
3.483520508E0,7.944183350E-1,-7.798202515E0,1.990829468E0
3.485931396E0,7.752685547E-1,-7.846069336E0,2.033905029E0
3.488342285E0,7.178497314E-1,-7.824523926E0,2.055435181E0
3.490753174E0,5.455627441E-1,-7.807785034E0,2.158325195E0
3.493164062E0,4.043884277E-1,-7.731216431E0,2.215759277E0
3.495574951E0,2.656097412E-1,-7.685745239E0,2.227722168E0
3.497955322E0,2.177429199E-1,-7.724029541E0,2.246856689E0
3.500366211E0,1.340026855E-1,-7.767105103E0,2.335388184E0
3.502777099E0,1.124572754E-1,-7.838882446E0,2.423934937E0
3.505187988E0,1.100769043E-1,-7.939392090E0,2.486145020E0
3.507568359E0,3.828430176E-2,-8.023132324E0,2.543563843E0
3.509979248E0,-4.785156250E-2,-8.130813599E0,2.682357788E0
3.512390136E0,-1.196441650E-1,-8.274383545E0,2.756530762E0
3.514801025E0,-1.507415771E-1,-8.408386230E0,2.849853516E0
3.517211914E0,-2.177429199E-1,-8.537597656E0,3.036499023E0
3.519592285E0,-2.751770020E-1,-8.671585083E0,3.201599121E0
3.522003174E0,-2.368927002E-1,-8.836700439E0,3.328414917E0
3.524414062E0,-3.541412354E-1,-8.975479126E0,3.558120728E0
3.526824951E0,-5.264282227E-1,-9.104690552E0,3.802200317E0
3.529205322E0,-6.699829102E-1,-9.190826416E0,4.098907471E0
3.531616211E0,-7.633056641E-1,-9.353546143E0,4.316650391E0
3.534027099E0,-8.494567871E-1,-9.456436157E0,4.484146118E0
3.536437988E0,-9.092712402E-1,-9.556930542E0,4.723434448E0
3.538818359E0,-9.595184326E-1,-9.695724487E0,4.912460327E0
3.541229248E0,-9.954071045E-1,-9.757934570E0,5.115859985E0
3.543640136E0,-1.000198364E0,-9.853637695E0,5.247467041E0
3.546051025E0,-8.901367188E-1,-9.954147339E0,5.376678467E0
3.548431396E0,-8.685913086E-1,-1.004507446E1,5.582458496E0
3.550842285E0,-7.585296631E-1,-1.011207581E1,5.769088745E0
3.553253174E0,-6.652069092E-1,-1.020060730E1,5.816955566E0
3.555664062E0,-5.814514160E-1,-1.026521301E1,5.929412842E0
3.558074951E0,-5.599212646E-1,-1.035374451E1,6.058624268E0
3.560455322E0,-4.809570312E-1,-1.044706726E1,6.070587158E0
3.562866211E0,-3.995971680E-1,-1.055235291E1,6.068191528E0
3.565277099E0,-3.828582764E-1,-1.065763855E1,6.044265747E0
3.567687988E0,-4.522399902E-1,-1.066720581E1,6.166305542E0
3.570068359E0,-5.694885254E-1,-1.076770020E1,6.252441406E0
3.572479248E0,-6.843414307E-1,-1.083230591E1,6.340972900E0
3.574890136E0,-8.470611572E-1,-1.087059021E1,6.367294312E0
3.577301025E0,-1.028915405E0,-1.083470154E1,6.434295654E0
3.579681396E0,-1.237091064E0,-1.084666443E1,6.539581299E0
3.582092285E0,-1.399795532E0,-1.082991028E1,6.623336792E0
3.584503174E0,-1.531402588E0,-1.074856567E1,6.757324219E0
3.586914062E0,-1.663009644E0,-1.054756165E1,6.774078369E0
3.589324951E0,-1.749160767E0,-1.031306458E1,6.786041260E0
3.591705322E0,-1.797012329E0,-1.005464172E1,6.888931274E0
3.594116211E0,-1.887939453E0,-9.863220215E0,6.905685425E0
3.596527099E0,-1.959716797E0,-9.614364624E0,6.975082397E0
3.598937988E0,-1.942977905E0,-9.334396362E0,6.989440918E0
3.601318359E0,-1.928619385E0,-9.037689209E0,6.977478027E0
3.603729248E0,-1.847259521E0,-8.745773315E0,6.982254028E0
3.606140136E0,-1.718048096E0,-8.506484985E0,6.970291138E0
3.608551025E0,-1.639083862E0,-8.264816284E0,6.939178467E0
3.610961914E0,-1.591232300E0,-8.056640625E0,6.908081055E0
3.613342285E0,-1.521835327E0,-7.917846680E0,6.893722534E0
3.615753174E0,-1.430908203E0,-7.838882446E0,6.843475342E0
3.618164062E0,-1.380661011E0,-7.810180664E0,6.798004150E0
3.620574951E0,-1.246658325E0,-7.855636597E0,6.819549561E0
3.622955322E0,-1.191619873E0,-7.963317871E0,6.891326904E0
3.625366211E0,-1.093521118E0,-8.118850708E0,7.027725220E0
3.627777099E0,-9.020996094E-1,-8.322235107E0,7.173675537E0
3.630187988E0,-7.178497314E-1,-8.449050903E0,7.362716675E0
3.632568359E0,-5.958099365E-1,-8.537597656E0,7.549362183E0
3.634979248E0,-5.240325928E-1,-8.535202026E0,7.652252197E0
3.637390136E0,-4.378814697E-1,-8.475372314E0,7.728820801E0
3.639801025E0,-2.991027832E-1,-8.410766602E0,7.697708130E0
3.642181396E0,-9.809875488E-2,-8.355743408E0,7.673782349E0
3.644592285E0,2.177429199E-1,-8.370086670E0,7.611572266E0
3.647003174E0,6.460571289E-1,-8.444274902E0,7.551742554E0
3.649414062E0,9.355926514E-1,-8.508880615E0,7.463211060E0
3.651824951E0,1.184448242E0,-8.544769287E0,7.329208374E0
3.654205322E0,1.301696777E0,-8.578262329E0,7.176071167E0
3.656616211E0,1.445266724E0,-8.547164917E0,7.039688110E0
3.659027099E0,1.615158081E0,-8.437088013E0,6.867401123E0
3.661437988E0,1.739578247E0,-8.305480957E0,6.714263916E0
3.663818359E0,1.964508057E0,-8.109283447E0,6.563507080E0
3.666229248E0,2.373687744E0,-7.984848022E0,6.396011353E0
3.668640136E0,2.823532104E0,-7.807785034E0,6.226119995E0
3.671051025E0,3.218353271E0,-7.609176636E0,6.075378418E0
3.673431396E0,3.608383179E0,-7.410568237E0,5.857635498E0
3.675842285E0,3.967300415E0,-7.183258057E0,5.649459839E0
3.678253174E0,4.304687500E0,-7.030120850E0,5.424530029E0
3.680664062E0,4.532012939E0,-6.884155273E0,5.211563110E0
3.683074951E0,4.682754517E0,-6.704696655E0,4.984252930E0
3.685455322E0,4.677963257E0,-6.539581299E0,4.728210449E0
3.687866211E0,4.639678955E0,-6.403198242E0,4.455429077E0
3.690277099E0,4.553543091E0,-6.242874146E0,4.086944580E0
3.692687988E0,4.467407227E0,-6.135192871E0,3.665802002E0
3.695068359E0,4.433898926E0,-6.025131226E0,3.270996094E0
3.697479248E0,4.431503296E0,-5.994018555E0,2.916854858E0
3.699890136E0,4.395614624E0,-5.974884033E0,2.615356445E0
3.702301025E0,4.314254761E0,-5.922241211E0,2.313858032E0
3.704681396E0,4.228118896E0,-5.977264404E0,2.096115112E0
3.707092285E0,4.134796143E0,-6.147155762E0,1.842468262E0
3.709503174E0,3.967300415E0,-6.419937134E0,1.739578247E0
3.711914062E0,3.732803345E0,-6.800399780E0,1.624725342E0
3.714324951E0,3.500701904E0,-7.223937988E0,1.433303833E0
3.716705322E0,3.160919189E0,-7.745559692E0,1.110275269E0
3.719116211E0,2.775680542E0,-8.317459106E0,7.082824707E-1
3.721527099E0,2.383255005E0,-8.898910522E0,3.517456055E-1
3.723937988E0,1.969299316E0,-9.530609131E0,1.531372070E-1
3.726318359E0,1.464401245E0,-1.031066895E1,8.853149414E-2
3.728729248E0,8.303070068E-1,-1.119841003E1,1.722869873E-1
3.731140136E0,2.344970703E-1,-1.230389404E1,3.876342773E-1
3.733551025E0,-3.230285645E-1,-1.363670349E1,6.412811279E-1
3.735931396E0,-9.188385010E-1,-1.503889465E1,9.020996094E-1
3.738342285E0,-1.572082520E0,-1.646261597E1,1.251449585E0
3.740753174E0,-2.201400757E0,-1.778823853E1,1.775466919E0
3.743164062E0,-2.423934937E0,-1.904447937E1,2.232498169E0
3.745574951E0,-2.318649292E0,-2.017628479E1,2.615356445E0
3.747955322E0,-2.172683716E0,-2.115733337E1,2.924026489E0
3.750366211E0,-2.201400757E0,-2.190869141E1,3.175277710E0
3.752777099E0,-2.344970703E0,-2.254518127E1,3.424133301E0
3.755187988E0,-2.526824951E0,-2.307638550E1,3.718444824E0
3.757568359E0,-2.670394897E0,-2.349034119E1,3.850051880E0
3.759979248E0,-2.780456543E0,-2.386123657E1,3.988830566E0
3.762390136E0,-2.828323364E0,-2.411726379E1,4.144363403E0
3.764801025E0,-2.931213379E0,-2.416271973E1,4.194625854E0
3.767181396E0,-3.079559326E0,-2.396411133E1,4.151550293E0
3.769592285E0,-3.321243286E0,-2.359562683E1,4.103683472E0
3.772003174E0,-3.486343384E0,-2.316252136E1,4.015151978E0
3.774414062E0,-3.452850342E0,-2.275096130E1,3.890731812E0
3.776824951E0,-3.378662109E0,-2.232981873E1,3.792617798E0
3.779235840E0,-2.938385010E0,-2.185842896E1,3.586837769E0
3.781646728E0,-2.510070801E0,-2.132962036E1,3.268600464E0
3.784057617E0,-2.153533936E0,-2.070269775E1,2.952743530E0
3.786468506E0,-1.904693604E0,-2.000399780E1,2.749359131E0
3.788848877E0,-1.842468262E0,-1.934358215E1,2.474182129E0
3.791259765E0,-1.986038208E0,-1.866162109E1,2.249252319E0
3.793670654E0,-2.122436523E0,-1.786482239E1,2.029113770E0
3.796081543E0,-1.962112427E0,-1.706800842E1,1.734802246E0
3.798461914E0,-1.875976562E0,-1.631666565E1,1.548156738E0
3.800872802E0,-1.732406616E0,-1.560359192E1,1.339981079E0
3.803283691E0,-1.797012329E0,-1.492881775E1,1.402191162E0
3.805694580E0,-1.964508057E0,-1.421096802E1,1.416549683E0
3.808105469E0,-2.112869263E0,-1.348355103E1,1.414154053E0
3.810485840E0,-2.091323853E0,-1.274656677E1,1.153335571E0
3.812896728E0,-2.000396729E0,-1.215792847E1,1.021728516E0
3.815307617E0,-1.909469604E0,-1.158604431E1,6.819610596E-1
3.817718506E0,-1.883148193E0,-1.112423706E1,3.972015381E-1
3.820098877E0,-1.842468262E0,-1.076770020E1,-4.307556152E-2
3.822509765E0,-1.651046753E0,-1.049012756E1,-5.910339355E-1
3.824920654E0,-1.270584106E0,-1.021017456E1,-1.256225586E0
3.827331543E0,-8.398742676E-1,-9.966110229E0,-1.739578247E0
3.829711914E0,-4.355010986E-1,-9.688537598E0,-2.495712280E0
3.832122802E0,-2.105712891E-1,-9.463607788E0,-3.304489136E0
3.834533691E0,7.177734375E-2,-9.317657471E0,-3.668197632E0
3.836944580E0,4.402770996E-1,-9.229110718E0,-3.936187744E0
3.839355469E0,7.465667725E-1,-9.171691895E0,-4.046264648E0
3.841735840E0,1.038482666E0,-9.080764771E0,-4.137191772E0
3.844146728E0,1.316055298E0,-8.973083496E0,-4.223327637E0
3.846557617E0,1.402191162E0,-8.941986084E0,-4.108474731E0
3.848968506E0,1.057632446E0,-8.855834961E0,-3.967300415E0
3.851348877E0,7.657012939E-1,-8.640487671E0,-3.850051880E0
3.853759765E0,1.292129517E0,-8.453842163E0,-3.290130615E0
3.856170654E0,2.237289429E0,-8.417953491E0,-2.476577759E0
3.858581543E0,2.957534790E0,-8.441879272E0,-1.859222412E0
3.860961914E0,3.192031860E0,-8.501693726E0,-1.663009644E0
3.863372802E0,3.464813232E0,-8.487335205E0,-1.514663696E0
3.865783691E0,3.780654907E0,-8.472991943E0,-1.160522461E0
3.868194580E0,4.015151978E0,-8.501693726E0,-7.609100342E-1
3.870605469E0,4.082153320E0,-8.523239136E0,-3.517456055E-1
3.872985840E0,3.921829224E0,-8.494522095E0,8.853149414E-2
3.875396728E0,3.696914673E0,-8.456237793E0,3.661041260E-1
3.877807617E0,3.383453369E0,-8.362915039E0,6.364898682E-1
3.880218506E0,3.096313477E0,-8.271987915E0,8.446655273E-1
3.882598877E0,2.880966187E0,-8.152343750E0,9.834442139E-1
3.885009765E0,2.723037720E0,-8.018356323E0,1.107879639E0
3.887420654E0,2.481353760E0,-7.927429199E0,1.222732544E0
3.889831543E0,2.165512085E0,-7.817352295E0,1.323226929E0
3.892211914E0,1.907073975E0,-7.733596802E0,1.411758423E0
3.894622802E0,1.708480835E0,-7.630706787E0,1.440475464E0
3.897033691E0,1.540985107E0,-7.535003662E0,1.493118286E0
3.899444580E0,1.450057983E0,-7.441680908E0,1.521835327E0
3.901855469E0,1.380661011E0,-7.401000977E0,1.596008301E0
3.904235840E0,1.270584106E0,-7.326828003E0,1.610366821E0
3.906646728E0,1.057632446E0,-7.290924072E0,1.677368164E0
3.909057617E0,8.111724854E-1,-7.209579468E0,1.686935425E0
3.911468506E0,5.479583740E-1,-7.137786865E0,1.797012329E0
3.913848877E0,3.780670166E-1,-7.077972412E0,1.931015015E0
3.916259765E0,2.321014404E-1,-7.044464111E0,2.120040894E0
3.918670654E0,6.460571289E-2,-6.984649658E0,2.270782471E0
3.921081543E0,-5.743408203E-2,-6.958328247E0,2.478958130E0
3.923461914E0,-1.794586182E-1,-6.951156616E0,2.672790527E0
3.925872802E0,-2.703857422E-1,-6.920043945E0,2.833099365E0
3.928283691E0,-3.708801270E-1,-6.879364014E0,3.069992065E0
3.930694580E0,-3.852386475E-1,-6.833908081E0,3.220733643E0
3.933074951E0,-3.756713867E-1,-6.762115479E0,3.349945068E0
3.935485840E0,-3.589172363E-1,-6.735794067E0,3.500701904E0
3.937896728E0,-3.493499756E-1,-6.714263916E0,3.610763550E0
3.940307617E0,-3.493499756E-1,-6.733398438E0,3.761520386E0
3.942718506E0,-4.283142090E-1,-6.661621094E0,3.850051880E0
3.945098877E0,-5.288085938E-1,-6.585052490E0,3.917053223E0
3.947509765E0,-6.580200195E-1,-6.556335449E0,3.960128784E0
3.949920654E0,-7.561340332E-1,-6.474975586E0,4.007980347E0
3.952331543E0,-9.427795410E-1,-6.460617065E0,4.010375977E0
3.954711914E0,-1.086334229E0,-6.419937134E0,3.950546265E0
3.957122802E0,-1.294509888E0,-6.364913940E0,3.897903442E0
3.959533691E0,-1.536193848E0,-6.348159790E0,3.847656250E0
3.961944580E0,-1.658233643E0,-6.367294312E0,3.790237427E0
3.964324951E0,-1.670196533E0,-6.355331421E0,3.742370605E0
3.966735840E0,-1.737182617E0,-6.386444092E0,3.792617798E0
3.969146728E0,-1.911865234E0,-6.446258545E0,3.783050537E0
3.971557617E0,-2.012359619E0,-6.565902710E0,3.723236084E0
3.973968506E0,-2.141571045E0,-6.608978271E0,3.680160522E0
3.976348877E0,-2.280364990E0,-6.620941162E0,3.553344727E0
3.978759765E0,-2.459823608E0,-6.616149902E0,3.452850342E0
3.981170654E0,-2.557922363E0,-6.642471313E0,3.400207520E0
3.983581543E0,-2.677566528E0,-6.702301025E0,3.352340698E0
3.985961914E0,-2.770889282E0,-6.742980957E0,3.282958984E0
3.988372802E0,-2.804382324E0,-6.733398438E0,3.220733643E0
3.990783691E0,-2.871383667E0,-6.664016724E0,3.139389038E0
3.993194580E0,-2.947952271E0,-6.640075684E0,3.065200806E0
3.995605469E0,-2.924026489E0,-6.544372559E0,2.952743530E0
3.997985840E0,-2.945571899E0,-6.460617065E0,2.845062256E0
4.000396728E0,-2.933593750E0,-6.374481201E0,2.706283569E0
4.002807617E0,-2.830703735E0,-6.307479858E0,2.541183472E0
4.005187988E0,-2.667999268E0,-6.211761475E0,2.321044922E0
4.007598877E0,-2.478958130E0,-6.128021240E0,2.160720825E0
4.010009765E0,-2.333007812E0,-6.068191528E0,1.978866577E0
4.012420654E0,-2.141571045E0,-6.008377075E0,1.844863892E0
4.014831543E0,-1.950149536E0,-6.008377075E0,1.751541138E0
4.017211914E0,-1.739578247E0,-5.994018555E0,1.674972534E0
4.019622802E0,-1.502685547E0,-5.972488403E0,1.619934082E0
4.022033691E0,-1.270584106E0,-6.005981445E0,1.646255493E0
4.024444580E0,-1.026519775E0,-6.032302856E0,1.701293945E0
4.026824951E0,-8.111724854E-1,-6.118453979E0,1.763504028E0
4.029235840E0,-5.742797852E-1,-6.204589844E0,1.880752563E0
4.031646728E0,-4.450683594E-1,-6.309875488E0,2.048263550E0
4.034057617E0,-3.349914551E-1,-6.448654175E0,2.225326538E0
4.036468506E0,-2.656097412E-1,-6.556335449E0,2.376068115E0
4.038848877E0,-2.321014404E-1,-6.647262573E0,2.560317993E0
4.041259765E0,-1.890258789E-1,-6.771682739E0,2.792419434E0
4.043670654E0,-1.746826172E-1,-6.886550903E0,2.993423462E0
4.046081543E0,-1.651000977E-1,-6.991821289E0,3.192031860E0
4.048461914E0,-1.172485352E-1,-7.089935303E0,3.378662109E0
4.050872802E0,-5.264282227E-2,-7.183258057E0,3.577270508E0
4.053283691E0,6.700134277E-2,-7.300506592E0,3.751953125E0
4.055694580E0,2.321014404E-1,-7.377075195E0,3.938583374E0
4.058105469E0,3.924255371E-1,-7.468002319E0,4.149154663E0
4.060516357E0,6.006011963E-1,-7.570892334E0,4.345367432E0
4.062927246E0,8.255310059E-1,-7.645065308E0,4.546356201E0
4.065338135E0,1.057632446E0,-7.738388062E0,4.744964600E0
4.067749023E0,1.318450928E0,-7.858032227E0,4.945968628E0
4.070129394E0,1.617553711E0,-7.953735352E0,5.199600220E0
4.072540283E0,1.914260864E0,-8.094924927E0,5.481964111E0
4.074951172E0,2.246856689E0,-8.219345093E0,5.781066895E0
4.077362060E0,2.586639404E0,-8.350952148E0,6.111267090E0
4.079742431E0,2.888137817E0,-8.516052246E0,6.458221436E0
4.082153320E0,3.242279053E0,-8.659622192E0,6.819549561E0
4.084564209E0,3.672988892E0,-8.822341919E0,7.233505249E0
4.086975097E0,4.072586060E0,-8.946762085E0,7.683349609E0
4.089355469E0,4.539184570E0,-9.073577881E0,8.149948120E0
4.091766357E0,4.972290039E0,-9.178863525E0,8.621337891E0
4.094177246E0,5.436492920E0,-9.284149170E0,9.080764771E0
4.096588135E0,5.850448608E0,-9.343978882E0,9.559326172E0
4.098999023E0,6.278762817E0,-9.367904663E0,9.932601929E0
4.101379394E0,6.702301025E0,-9.370300293E0,1.031066895E1
4.103790283E0,7.089935303E0,-9.353546143E0,1.057867432E1
4.106201172E0,7.460815430E0,-9.343978882E0,1.075813293E1
4.108612060E0,7.831710815E0,-9.341583252E0,1.085383606E1
4.110992431E0,8.173889160E0,-9.317657471E0,1.078923035E1
4.113403320E0,8.525634766E0,-9.276977539E0,1.069352722E1
4.115814209E0,8.836700439E0,-9.236297607E0,1.059303284E1
4.118225097E0,9.123840332E0,-9.224334717E0,1.046620178E1
4.120605469E0,9.382263184E0,-9.207580566E0,1.031546021E1
4.123016357E0,9.657424927E0,-9.253051758E0,1.017668152E1
4.125427246E0,9.879959106E0,-9.327224731E0,1.006660461E1
4.127838135E0,1.014317322E1,-9.446868896E0,9.975677490E0
4.130249023E0,1.033221436E1,-9.667007446E0,9.889541626E0
4.132629394E0,1.049012756E1,-9.844070435E0,9.853637695E0
4.135040283E0,1.064088440E1,-1.000199890E1,9.846466064E0
4.137451172E0,1.066960144E1,-1.016471863E1,9.829711914E0
4.139862060E0,1.057148743E1,-1.029393005E1,9.848861694E0
4.142242431E0,1.035134888E1,-1.036331177E1,9.867996216E0
4.144653320E0,1.000439453E1,-1.037049866E1,9.860824585E0
4.147064209E0,9.607177734E0,-1.030827332E1,9.870391846E0
4.149475097E0,9.178863525E0,-1.020300293E1,9.808181763E0
4.151855469E0,8.705093384E0,-1.005224609E1,9.516250610E0
4.154266357E0,8.209777832E0,-9.913467407E0,9.126220703E0
4.156677246E0,7.714462280E0,-9.693328857E0,8.642868042E0
4.159088135E0,7.219146729E0,-9.470794678E0,8.063812256E0
4.161499023E0,6.675979614E0,-9.250656128E0,7.432113647E0
4.163879394E0,6.137588501E0,-9.001800537E0,6.776473999E0
4.166290283E0,5.639877319E0,-8.748153687E0,6.144775391E0
4.168701172E0,5.103897095E0,-8.508880615E0,5.469985962E0
4.171112060E0,4.582260132E0,-8.271987915E0,4.831115723E0
4.173492431E0,4.029510498E0,-8.059020996E0,4.149154663E0
4.175903320E0,3.450454712E0,-7.874786377E0,3.479156494E0
4.178314209E0,2.912063599E0,-7.724029541E0,2.864212036E0
4.180725097E0,2.383255005E0,-7.630706787E0,2.361709595E0
4.183105469E0,1.909469604E0,-7.599609375E0,1.947753906E0
4.185516357E0,1.476364136E0,-7.676177979E0,1.529006958E0
4.187927246E0,9.834442139E-1,-7.831710815E0,1.174880981E0
4.190338135E0,5.766754150E-1,-8.104492188E0,8.590240479E-1
4.192749023E0,2.392883301E-1,-8.472991943E0,5.455627441E-1
4.195129394E0,1.914978027E-2,-8.910873413E0,2.440643311E-1
4.197540283E0,-2.249298096E-1,-9.422943115E0,-4.067993164E-2
4.199951172E0,-3.732757568E-1,-9.961318970E0,-1.890258789E-1
4.202362060E0,-4.642028809E-1,-1.048774719E1,-1.890258789E-1
4.204742431E0,-4.139556885E-1,-1.105244446E1,4.547119141E-2
4.207153320E0,-2.584228516E-1,-1.162911987E1,4.546356201E-1
4.209564209E0,-6.700134277E-2,-1.222972107E1,1.115051270E0
4.211975097E0,2.679901123E-1,-1.284706116E1,2.057830811E0
4.214355469E0,6.604156494E-1,-1.350509644E1,3.225524902E0
4.216766357E0,9.882354736E-1,-1.408175659E1,4.565505981E0
4.219177246E0,1.263412476E0,-1.441436768E1,5.996414185E0
4.221588135E0,1.440475464E0,-1.468714905E1,7.520645142E0
4.223999023E0,1.512268066E0,-1.487857056E1,9.083160400E0
4.226379394E0,1.481155396E0,-1.530448914E1,1.004985046E1
4.228790283E0,1.447662354E0,-1.589791870E1,1.038246155E1
4.231201172E0,1.466796875E0,-1.642433167E1,1.052842712E1
4.233612060E0,1.469192505E0,-1.680239868E1,1.030589294E1
4.235992431E0,1.450057983E0,-1.697229004E1,9.882354736E0
4.238403320E0,1.502685547E0,-1.686222839E1,9.293716431E0
4.240814209E0,1.421340942E0,-1.624966431E1,8.659622192E0
4.243225097E0,1.258621216E0,-1.504846191E1,7.719253540E0
4.245605469E0,9.140625000E-1,-1.337588501E1,6.544372559E0
4.248016357E0,5.694885254E-1,-1.144487000E1,5.163711548E0
4.250427246E0,2.967071533E-1,-9.633499146E0,3.589233398E0
4.252838135E0,-1.674957275E-1,-8.159530640E0,1.950149536E0
4.255249023E0,-7.800598145E-1,-7.066009521E0,2.775726318E-1
4.257629394E0,-1.368698120E0,-6.381652832E0,-1.272979736E0
4.260040283E0,-1.950149536E0,-6.051452637E0,-2.629714966E0
4.262451172E0,-2.500503540E0,-5.996414185E0,-3.617950439E0
4.264862060E0,-2.976669312E0,-6.192626953E0,-4.256835938E0
4.267242431E0,-3.359527588E0,-6.534805298E0,-4.637283325E0
4.269653320E0,-3.692123413E0,-6.960723877E0,-4.699508667E0
4.272064209E0,-3.950546265E0,-7.415359497E0,-4.390823364E0
4.274475097E0,-4.017547607E0,-7.819747925E0,-3.840484619E0
4.276855469E0,-3.905090332E0,-8.233703613E0,-3.024520874E0
4.279266357E0,-4.084548950E0,-8.664413452E0,-2.402389526E0
4.281677246E0,-4.077377319E0,-9.166900635E0,-1.631912231E0
4.284088135E0,-4.266403198E0,-9.820144653E0,-1.237091064E0
4.286499023E0,-4.503295898E0,-1.031306458E1,-9.762725830E-1
4.288879394E0,-4.663604736E0,-1.073181152E1,-8.949127197E-1
4.291290283E0,-4.778472900E0,-1.108833313E1,-7.202453613E-1
4.293701172E0,-4.919647217E0,-1.139222717E1,-4.737854004E-1
4.296112060E0,-5.261810303E0,-1.168176270E1,-2.368927002E-1
4.298492431E0,-5.465209961E0,-1.196890259E1,1.172485352E-1
4.300903320E0,-5.670989990E0,-1.210289001E1,6.269226074E-1
4.303314209E0,-5.831314087E0,-1.214836121E1,1.007385254E0
4.305725097E0,-6.020339966E0,-1.212443542E1,1.313659668E0
4.308105469E0,-5.800201416E0,-1.206222534E1,1.737182617E0
4.310516357E0,-5.285751343E0,-1.203111267E1,2.019546509E0
4.312927246E0,-4.795211792E0,-1.201675415E1,2.234893799E0
4.315338135E0,-4.321441650E0,-1.194018555E1,2.397613525E0
4.317718506E0,-3.881164551E0,-1.180618286E1,2.667999268E0
4.320129394E0,-3.462417603E0,-1.175115967E1,2.864212036E0
4.322540283E0,-2.907272339E0,-1.172244263E1,2.952743530E0
4.324951172E0,-2.203796387E0,-1.167457581E1,3.055633545E0
4.327362060E0,-1.775466919E0,-1.171765137E1,3.151351929E0
4.329742431E0,-1.277770996E0,-1.172961426E1,3.239883423E0
4.332153320E0,-6.580200195E-1,-1.176789856E1,3.294921875E0
4.334564209E0,-2.153015137E-2,-1.177986145E1,3.326019287E0
4.336975097E0,4.355010986E-1,-1.167936707E1,3.412170410E0
4.339355469E0,8.661956787E-1,-1.159083557E1,3.357131958E0
4.341766357E0,9.762725830E-1,-1.147119141E1,3.282958984E0
4.344177246E0,1.026519775E0,-1.135154724E1,3.400207520E0
4.346588135E0,1.043273926E0,-1.121037292E1,3.373886108E0
4.348999023E0,1.050445557E0,-1.109791565E1,3.239883423E0
4.351409912E0,1.162918091E0,-1.090647888E1,3.225524902E0
4.353820801E0,1.170089722E0,-1.071984863E1,3.120239258E0
4.356231689E0,1.052841187E0,-1.058106995E1,2.959915161E0
4.358642578E0,8.997039795E-1,-1.037767029E1,2.833099365E0
4.361022949E0,6.173553467E-1,-1.019821167E1,2.773284912E0
4.363433838E0,3.756713867E-1,-1.005943298E1,2.682357788E0
4.365844726E0,3.804626465E-1,-9.872787476E0,2.624923706E0
4.368255615E0,3.708801270E-1,-9.791427612E0,2.543563843E0
4.370635986E0,5.144500732E-1,-9.714859009E0,2.435897827E0
4.373046875E0,6.197357178E-1,-9.638290405E0,2.469390869E0
4.375457763E0,6.077728271E-1,-9.702896118E0,2.495712280E0
4.377868652E0,5.264282227E-1,-9.798614502E0,2.567504883E0
4.380249023E0,3.589172363E-1,-9.863220215E0,2.775680542E0
4.382659912E0,1.531372070E-1,-1.000439453E1,3.139389038E0
4.385070801E0,1.675415039E-2,-1.014317322E1,3.754333496E0
4.387481689E0,4.785156250E-2,-1.024606323E1,4.436294556E0
4.389892578E0,-1.483612061E-1,-1.036810303E1,5.003387451E0
4.392272949E0,-3.134613037E-1,-1.028913879E1,5.278564453E0
4.394683838E0,-4.713897705E-1,-1.019342041E1,5.400604248E0
4.397094726E0,-7.130584717E-1,-1.007139587E1,5.498703003E0
4.399505615E0,-7.465667725E-1,-9.937393188E0,5.639877319E0
4.401885986E0,-5.216369629E-1,-9.781860352E0,5.644668579E0
4.404296875E0,-4.283142090E-1,-9.611968994E0,5.625518799E0
4.406707763E0,-2.392883301E-1,-9.422943115E0,5.592025757E0
4.409118652E0,6.221008301E-2,-9.212371826E0,5.525024414E0
4.411499023E0,5.192413330E-1,-9.020935059E0,5.448455811E0
4.413909912E0,7.465667725E-1,-8.863021851E0,5.515457153E0
4.416320801E0,5.503540039E-1,-8.705093384E0,5.747558594E0
4.418731689E0,7.171630859E-3,-8.511276245E0,6.003585815E0
4.421142578E0,-8.757781982E-1,-8.427520752E0,6.044265747E0
4.423522949E0,-1.895111084E0,-8.336593628E0,5.675781250E0
4.425933838E0,-2.658432007E0,-8.257629395E0,5.460418701E0
4.428344726E0,-3.089126587E0,-8.209777832E0,5.309677124E0
4.430755615E0,-3.359527588E0,-8.159530640E0,5.180465698E0
4.433135986E0,-3.493515015E0,-8.047058105E0,4.924423218E0
4.435546875E0,-3.304489136E0,-8.011169434E0,4.646865845E0
4.437957763E0,-3.428909302E0,-8.157135010E0,4.122833252E0
4.440368652E0,-4.036697388E0,-8.520843506E0,3.550949097E0
4.442749023E0,-4.723434448E0,-8.819946289E0,2.969497681E0
4.445159912E0,-5.261810303E0,-9.171691895E0,2.031509399E0
4.447570801E0,-5.781066895E0,-9.614364624E0,9.044799805E-1
4.449981689E0,-6.151947021E0,-1.008575439E1,-7.417297363E-2
4.452392578E0,-5.979660034E0,-1.051167297E1,-1.026519775E0
4.454772949E0,-5.462814331E0,-1.089691162E1,-1.564910889E0
4.457183838E0,-4.639678955E0,-1.105963135E1,-1.686935425E0
4.459594726E0,-3.749557495E0,-1.113380432E1,-1.404586792E0
4.462005615E0,-2.876174927E0,-1.101895142E1,-8.231353760E-1
4.464385986E0,-2.172683716E0,-1.075334167E1,9.567260742E-3
4.466796875E0,-1.734802246E0,-1.039920044E1,8.590240479E-1
4.469207763E0,-1.313659668E0,-1.002114868E1,1.603195190E0
4.471618652E0,-1.040878296E0,-9.604797363E0,2.208572388E0
4.473999023E0,-8.111724854E-1,-9.147766113E0,2.742172241E0
4.476409912E0,-5.742797852E-1,-8.774475098E0,3.203994751E0
4.478820801E0,-5.575256348E-1,-8.403594971E0,3.682556152E0
4.481231689E0,-5.335998535E-1,-8.171493530E0,4.027114868E0
4.483642578E0,-4.522399902E-1,-8.059020996E0,4.189834595E0
4.486022949E0,-2.943115234E-1,-7.953735352E0,4.321441650E0
4.488433838E0,-7.896423340E-2,-7.879562378E0,4.321441650E0
4.490844726E0,1.220397949E-1,-7.843673706E0,4.333404541E0
4.493255615E0,2.727813721E-1,-7.776672363E0,4.438690186E0
4.495635986E0,5.192413330E-1,-7.755142212E0,4.460220337E0
4.498046875E0,6.101684570E-1,-7.664215088E0,4.500900269E0
4.500457763E0,6.532440186E-1,-7.587646484E0,4.565505981E0
4.502868652E0,7.346038818E-1,-7.544570923E0,4.572677612E0
4.505249023E0,8.087768555E-1,-7.468002319E0,4.553543091E0
4.507659912E0,8.303070068E-1,-7.463211060E0,4.503295898E0
4.510070801E0,8.159484863E-1,-7.427322388E0,4.424331665E0
4.512481689E0,7.585296631E-1,-7.396209717E0,4.393218994E0
4.514892578E0,6.221313477E-1,-7.355529785E0,4.292724609E0
4.517272949E0,3.924255371E-1,-7.336395264E0,4.208969116E0
4.519683838E0,3.038940430E-1,-7.336395264E0,4.079757690E0
4.522094726E0,3.541412354E-1,-7.367507935E0,3.876373291E0
4.524505615E0,3.852386475E-1,-7.439285278E0,3.665802002E0
4.526885986E0,4.570312500E-1,-7.566101074E0,3.428909302E0
4.529296875E0,5.240325928E-1,-7.733596802E0,3.180068970E0
4.531707763E0,6.245269775E-1,-7.879562378E0,2.919250488E0
4.534118652E0,8.853454590E-1,-8.082962036E0,2.586639404E0
4.536499023E0,1.024124146E0,-8.236099243E0,2.340179443E0
4.538909912E0,1.138977051E0,-8.334197998E0,2.098510742E0
4.541320801E0,1.205978394E0,-8.425125122E0,1.878372192E0
4.543731689E0,1.237091064E0,-8.539978027E0,1.744369507E0
4.546142578E0,1.241882324E0,-8.623733521E0,1.607971191E0
4.548522949E0,1.282546997E0,-8.719451904E0,1.481155396E0
4.550933838E0,1.282546997E0,-8.752944946E0,1.383056641E0
4.553344726E0,1.320831299E0,-8.719451904E0,1.361511230E0
4.555755615E0,1.392623901E0,-8.697906494E0,1.306488037E0
4.558135986E0,1.402191162E0,-8.645263672E0,1.270584106E0
4.560546875E0,1.469192505E0,-8.547164917E0,1.222732544E0
4.562957763E0,1.524230957E0,-8.482559204E0,1.280166626E0
4.565368652E0,1.605590820E0,-8.432312012E0,1.287338257E0
4.567749023E0,1.655838013E0,-8.346160889E0,1.289733887E0
4.570159912E0,1.698898315E0,-8.231307983E0,1.337585449E0
4.572570801E0,1.785049438E0,-8.166702271E0,1.363906860E0
4.574981689E0,1.974075317E0,-8.169097900E0,1.328018188E0
4.577392578E0,2.155929565E0,-8.147567749E0,1.268188477E0
4.579772949E0,2.273178101E0,-8.109283447E0,1.287338257E0
4.582183838E0,2.352142334E0,-8.080566406E0,1.251449585E0
4.584594726E0,2.524429321E0,-8.137985229E0,1.299301147E0
4.587005615E0,2.589035034E0,-8.207382202E0,1.316055298E0
4.589385986E0,2.560317993E0,-8.250457764E0,1.373474121E0
4.591796875E0,2.565109253E0,-8.327026367E0,1.469192505E0
4.594207763E0,2.452636719E0,-8.427520752E0,1.562515259E0
4.596618652E0,2.409576416E0,-8.556732178E0,1.710861206E0
4.598999023E0,2.218139648E0,-8.709869385E0,1.816146851E0
4.601409912E0,1.921432495E0,-8.798416138E0,1.988433838E0
4.603820801E0,1.684539795E0,-8.922836304E0,2.311462402E0
4.606231689E0,1.529006958E0,-9.047256470E0,2.498107910E0
4.608612060E0,1.261016846E0,-9.198013306E0,2.766098022E0
4.611022949E0,9.738769531E-1,-9.310470581E0,3.072387695E0
4.613433838E0,7.346038818E-1,-9.463607788E0,3.371490479E0
4.615844726E0,5.934143066E-1,-9.600006104E0,3.739974976E0
4.618255615E0,4.929199219E-1,-9.738784790E0,4.019943237E0
4.620635986E0,2.751770020E-1,-9.851257324E0,4.374084473E0
4.623046875E0,1.292114258E-1,-9.985244751E0,4.716247559E0
4.625457763E0,3.828430176E-2,-1.006900024E1,4.969894409E0
4.627868652E0,-9.332275391E-2,-1.010728455E1,5.235488892E0
4.630279541E0,-1.507415771E-1,-1.015036011E1,5.539382935E0
4.632690429E0,-9.332275391E-2,-1.021017456E1,5.788238525E0
4.635101318E0,-1.052856445E-1,-1.017428589E1,6.068191528E0
4.637512207E0,3.588867188E-2,-1.022692871E1,6.230911255E0
4.639923095E0,2.297058105E-1,-1.019821167E1,6.513259888E0
4.642303467E0,4.355010986E-1,-1.025564575E1,6.628112793E0
4.644714355E0,4.474639893E-1,-1.018145752E1,6.714263916E0
4.647125244E0,5.120697021E-1,-1.010249329E1,6.795623779E0
4.649536133E0,4.953155518E-1,-9.956542969E0,6.955932617E0
4.651916504E0,2.368927002E-1,-9.745971680E0,7.087539673E0
4.654327392E0,1.914978027E-2,-9.470794678E0,7.204788208E0
4.656738281E0,-1.363983154E-1,-9.195617676E0,7.226318359E0
4.659149170E0,-3.158569336E-1,-8.915664673E0,7.274185181E0
4.661529541E0,-4.211425781E-1,-8.662017822E0,7.362716675E0
4.663940429E0,-6.580200195E-1,-8.367706299E0,7.453643799E0
4.666351318E0,-8.494567871E-1,-8.044662476E0,7.520645142E0
4.668762207E0,-9.930267334E-1,-7.685745239E0,7.558929443E0
4.671173095E0,-1.201202393E0,-7.401000977E0,7.532608032E0
4.673553467E0,-1.466796875E0,-7.077972412E0,7.475173950E0
4.675964355E0,-1.617553711E0,-6.764511108E0,7.410568237E0
4.678375244E0,-1.859222412E0,-6.415161133E0,7.432113647E0
4.680786133E0,-2.122436523E0,-6.087341309E0,7.432113647E0
4.683166504E0,-2.368896484E0,-5.845672607E0,7.484756470E0
4.685577392E0,-2.538787842E0,-5.670989990E0,7.515853882E0
4.687988281E0,-2.749359131E0,-5.529815674E0,7.544570923E0
4.690399170E0,-2.938385010E0,-5.489135742E0,7.532608032E0
4.692779541E0,-3.055633545E0,-5.594421387E0,7.523040771E0
4.695190429E0,-3.043670654E0,-5.764312744E0,7.585250854E0
4.697601318E0,-2.971893311E0,-6.034698486E0,7.599609375E0
4.700012207E0,-2.833099365E0,-6.396011353E0,7.640289307E0
4.702392578E0,-2.687133789E0,-6.788436890E0,7.704895020E0
4.704803467E0,-2.486145020E0,-7.228713989E0,7.853240967E0
4.707214355E0,-2.373687744E0,-7.635498047E0,8.027923584E0
4.709625244E0,-2.325820923E0,-7.994415283E0,8.243270874E0
4.712036133E0,-2.273178101E0,-8.262420654E0,8.453842163E0
4.714416504E0,-2.287536621E0,-8.427520752E0,8.657226562E0
4.716827392E0,-2.263610840E0,-8.463409424E0,8.760131836E0
4.719238281E0,-2.187042236E0,-8.427520752E0,8.748153687E0
4.721649170E0,-1.935791016E0,-8.372482300E0,8.642868042E0
4.724029541E0,-1.406982422E0,-8.401199341E0,8.530410767E0
4.726440429E0,-6.819610596E-1,-8.532806396E0,8.341384888E0
4.728851318E0,6.700134277E-2,-8.671585083E0,8.157135010E0
4.731262207E0,6.580200195E-1,-8.796020508E0,7.922637939E0
4.733642578E0,1.031311035E0,-8.819946289E0,7.556533813E0
4.736053467E0,1.165298462E0,-8.784057617E0,7.149749756E0
4.738464355E0,1.105484009E0,-8.671585083E0,6.680755615E0
4.740875244E0,1.129409790E0,-8.547164917E0,6.202194214E0
4.743286133E0,1.215560913E0,-8.413162231E0,5.697311401E0
4.745666504E0,1.545761108E0,-8.293518066E0,5.242675781E0
4.748077392E0,1.978866577E0,-8.195419312E0,4.773681641E0
4.750488281E0,2.433502197E0,-8.082962036E0,4.388442993E0
4.752899170E0,2.916854858E0,-7.999206543E0,3.957733154E0
4.755279541E0,3.354736328E0,-7.965713501E0,3.584442139E0
4.757690429E0,3.785446167E0,-7.905883789E0,3.287734985E0
4.760101318E0,4.134796143E0,-7.905883789E0,3.062820435E0
4.762512207E0,4.407577515E0,-7.958526611E0,2.888137817E0
4.764892578E0,4.589431763E0,-8.015960693E0,2.742172241E0
4.767303467E0,4.553543091E0,-8.099700928E0,2.502899170E0
4.769714355E0,4.429107666E0,-8.185852051E0,2.246856689E0
4.772125244E0,4.252044678E0,-8.279159546E0,1.854431152E0
4.774536133E0,4.082153320E0,-8.379669189E0,1.395019531E0
4.776916504E0,3.842880249E0,-8.480163574E0,9.451599121E-1
4.779327392E0,3.594024658E0,-8.575881958E0,4.355010986E-1
4.781738281E0,3.278167725E0,-8.678771973E0,0.000000000E0
4.784149170E0,3.043670654E0,-8.831909180E0,-3.517456055E-1
4.786529541E0,2.785247803E0,-9.114257812E0,-6.125640869E-1
4.788940429E0,2.462219238E0,-9.482757568E0,-9.092712402E-1
4.791351318E0,2.091323853E0,-9.942184448E0,-1.167694092E0
4.793762207E0,1.763504028E0,-1.054516602E1,-1.337585449E0
4.796142578E0,1.311264038E0,-1.126780701E1,-1.361511230E0
4.798553467E0,7.346038818E-1,-1.206460571E1,-1.311264038E0
4.800964355E0,1.746826172E-1,-1.291885376E1,-1.170089722E0
4.803375244E0,-2.321014404E-1,-1.380419922E1,-9.355926514E-1
4.805786133E0,-5.575256348E-1,-1.463450623E1,-6.316986084E-1
4.808166504E0,-8.374938965E-1,-1.540737915E1,-3.852386475E-1
4.810577392E0,-1.136596680E0,-1.622811890E1,-1.220397949E-1
4.812988281E0,-1.414154053E0,-1.703450012E1,1.292114258E-1
4.815399170E0,-1.679763794E0,-1.779782104E1,4.139556885E-1
4.817779541E0,-1.911865234E0,-1.853480530E1,8.063812256E-1
4.820190429E0,-2.031509399E0,-1.934597778E1,1.253845215E0
4.822601318E0,-2.105682373E0,-2.013320923E1,1.744369507E0
4.825012207E0,-2.184646606E0,-2.093002319E1,2.220535278E0
4.827392578E0,-2.294723511E0,-2.159523010E1,2.550750732E0
4.829803467E0,-2.397613525E0,-2.216232300E1,2.880966187E0
4.832214355E0,-2.431106567E0,-2.268635559E1,3.110671997E0
4.834625244E0,-2.586639404E0,-2.312663269E1,3.361923218E0
4.837005615E0,-2.797210693E0,-2.341377258E1,3.522232056E0
4.839416504E0,-3.093917847E0,-2.362911987E1,3.641876221E0
4.841827392E0,-3.440872192E0,-2.377508545E1,3.680160522E0
4.844238281E0,-3.929016113E0,-2.387080383E1,3.706481934E0
4.846649170E0,-4.292724609E0,-2.391865540E1,3.622726440E0
4.849029541E0,-4.462615967E0,-2.394258118E1,3.488739014E0
4.851440429E0,-4.579864502E0,-2.389472961E1,3.409774780E0
4.853851318E0,-4.666000366E0,-2.365783691E1,3.321243286E0
4.856262207E0,-4.529617310E0,-2.340658569E1,3.311660767E0
4.858642578E0,-4.134796143E0,-2.297587585E1,3.141769409E0
4.861053467E0,-3.421737671E0,-2.236332703E1,2.806777954E0
4.863464355E0,-2.435897827E0,-2.164787292E1,2.428710938E0
4.865875244E0,-1.765899658E0,-2.083190918E1,2.072189331E0
4.868286133E0,-1.153335571E0,-1.992503357E1,1.799407959E0
4.870666504E0,-3.469543457E-1,-1.895115662E1,1.418945312E0
4.873077392E0,4.547119141E-2,-1.776910400E1,1.040878296E0
4.875488281E0,-1.914978027E-2,-1.642193604E1,8.015899658E-1
4.877899170E0,-2.536315918E-1,-1.508914185E1,7.441711426E-1
4.880279541E0,-3.852386475E-1,-1.382093811E1,7.752685547E-1
4.882690429E0,-4.331054688E-1,-1.273460388E1,8.518524170E-1
4.885101318E0,-5.192413330E-1,-1.177268982E1,8.303070068E-1
4.887512207E0,-3.206329346E-1,-1.100219727E1,7.585296631E-1
4.889892578E0,-7.896423340E-2,-1.035853577E1,6.436767578E-1
4.892303467E0,9.332275391E-2,-9.817749023E0,4.881286621E-1
4.894714355E0,4.642028809E-1,-9.353546143E0,1.962127686E-1
4.897125244E0,9.499511719E-1,-8.994613647E0,-2.201385498E-1
4.899536133E0,1.210769653E0,-8.733810425E0,-5.599212646E-1
4.901916504E0,1.473983765E0,-8.549560547E0,-8.925170898E-1
4.904327392E0,1.703689575E0,-8.465805054E0,-1.205978394E0
4.906738281E0,1.990829468E0,-8.472991943E0,-1.536193848E0
4.909149170E0,2.158325195E0,-8.525634766E0,-1.875976562E0
4.911529541E0,2.402389526E0,-8.662017822E0,-2.311462402E0
4.913940429E0,2.696716309E0,-8.779266357E0,-2.711074829E0
4.916351318E0,2.792419434E0,-8.865402222E0,-2.976669312E0
4.918762207E0,2.813964844E0,-8.953948975E0,-3.158523560E0
4.921173095E0,2.868988037E0,-9.099899292E0,-3.254241943E0
4.923583984E0,2.885742188E0,-9.178863525E0,-3.184844971E0
4.925994873E0,2.947952271E0,-9.219543457E0,-3.053237915E0
4.928405761E0,3.031707764E0,-9.243469238E0,-3.000595093E0
4.930816650E0,3.146560669E0,-9.255432129E0,-2.885742188E0
4.933197021E0,3.254241943E0,-9.255432129E0,-2.620147705E0
4.935607910E0,3.381057739E0,-9.238693237E0,-2.407180786E0
4.938018799E0,3.471984863E0,-9.221939087E0,-2.093719482E0
4.940429687E0,3.495910645E0,-9.183654785E0,-1.880752563E0
4.942810058E0,3.371490479E0,-9.159729004E0,-1.663009644E0
4.945220947E0,3.242279053E0,-9.135803223E0,-1.332809448E0
4.947631836E0,3.165710449E0,-9.085556030E0,-9.858398438E-1
4.950042724E0,3.065200806E0,-9.020935059E0,-6.197357178E-1
4.952423095E0,2.959915161E0,-8.975479126E0,-6.221008301E-2
4.954833984E0,2.833099365E0,-8.930007935E0,5.001068115E-1
4.957244873E0,2.651245117E0,-8.839080811E0,9.379882812E-1
4.959655761E0,2.383255005E0,-8.702697754E0,1.258621216E0
4.962066650E0,2.060226440E0,-8.592620850E0,1.564910889E0
4.964447021E0,1.674972534E0,-8.453842163E0,1.753936768E0
4.966857910E0,1.366302490E0,-8.312667847E0,1.820938110E0
4.969268799E0,1.105484009E0,-8.161911011E0,1.820938110E0
4.971679687E0,9.140625000E-1,-8.054244995E0,1.794616699E0
4.974060058E0,7.609100342E-1,-7.925033569E0,1.674972534E0
4.976470947E0,5.886383057E-1,-7.791030884E0,1.495513916E0
4.978881836E0,4.522399902E-1,-7.652252197E0,1.294509888E0
4.981292724E0,2.512512207E-1,-7.566101074E0,1.045669556E0
4.983673095E0,7.656860352E-2,-7.456039429E0,7.752685547E-1
4.986083984E0,-8.375549316E-2,-7.374679565E0,4.689941406E-1
4.988494873E0,-2.297058105E-1,-7.310073853E0,2.464599609E-1
4.990905761E0,-4.187469482E-1,-7.192825317E0,6.700134277E-2
4.993286133E0,-6.484527588E-1,-7.101898193E0,-5.503845215E-2
4.995697021E0,-8.853454590E-1,-7.039688110E0,-7.896423340E-2
4.998107910E0,-1.122238159E0,-6.987045288E0,7.177734375E-2
5.000518799E0,-1.316055298E0,-6.939178467E0,3.517456055E-1
5.002929687E0,-1.469192505E0,-6.891326904E0,6.819610596E-1
5.005310058E0,-1.562515259E0,-6.872192383E0,1.038482666E0
5.007720947E0,-1.684539795E0,-6.817153931E0,1.442871094E0
5.010131836E0,-1.732406616E0,-6.745361328E0,1.825729370E0
5.012542724E0,-1.811370850E0,-6.709472656E0,2.210968018E0
5.014923095E0,-1.820938110E0,-6.647262573E0,2.541183472E0
5.017333984E0,-1.799407959E0,-6.592224121E0,2.864212036E0
5.019744873E0,-1.816146851E0,-6.477371216E0,3.089126587E0
5.022155761E0,-1.777862549E0,-6.407974243E0,3.280563354E0
5.024566650E0,-1.663009644E0,-6.333801270E0,3.416946411E0
5.026947021E0,-1.390228271E0,-6.319442749E0,3.555740356E0
5.029357910E0,-1.249053955E0,-6.345764160E0,3.756729126E0
5.031768799E0,-1.170089722E0,-6.407974243E0,3.952941895E0
5.034179687E0,-1.194015503E0,-6.446258545E0,4.151550293E0
5.036560058E0,-1.375869751E0,-6.482162476E0,4.381256104E0
5.038970947E0,-1.588836670E0,-6.544372559E0,4.584655762E0
5.041381836E0,-1.813766479E0,-6.585052490E0,4.730606079E0
5.043792724E0,-2.043472290E0,-6.599411011E0,4.838287354E0
5.046173095E0,-2.263610840E0,-6.587448120E0,4.919647217E0
5.048583984E0,-2.419143677E0,-6.582656860E0,4.998611450E0
5.050994873E0,-2.531600952E0,-6.597015381E0,5.075180054E0
5.053405761E0,-2.574676514E0,-6.661621094E0,5.178070068E0
5.055816650E0,-2.672790527E0,-6.695114136E0,5.237884521E0
5.058197021E0,-2.761322021E0,-6.733398438E0,5.321640015E0
5.060607910E0,-2.799606323E0,-6.795623779E0,5.352737427E0
5.063018799E0,-2.895309448E0,-6.814758301E0,5.402999878E0
5.065429687E0,-2.988632202E0,-6.845870972E0,5.407775879E0
5.067810058E0,-3.120239258E0,-6.833908081E0,5.379058838E0
5.070220947E0,-3.259017944E0,-6.790832520E0,5.242675781E0
5.072631836E0,-3.414550781E0,-6.723831177E0,5.096710205E0
5.075042724E0,-3.194412231E0,-6.530014038E0,4.869400024E0
5.077423095E0,-2.622528076E0,-6.439086914E0,4.618148804E0
5.079833984E0,-2.452636719E0,-6.362518311E0,4.570297241E0
5.082244873E0,-1.713256836E0,-6.458221436E0,4.601394653E0
5.084655761E0,-1.019348145E0,-6.747756958E0,4.450653076E0
5.087036133E0,-1.009765625E0,-6.754943848E0,3.481552124E0
5.089447021E0,-9.427795410E-1,-6.637695312E0,2.778060913E0
5.091857910E0,-7.728881836E-1,-6.530014038E0,2.108078003E0
5.094268799E0,-6.652069092E-1,-6.479766846E0,1.552947998E0
5.096679687E0,-5.623168945E-1,-6.460617065E0,9.619140625E-1
5.099060058E0,-4.977111816E-1,-6.518051147E0,3.732757568E-1
5.101470947E0,-4.857482910E-1,-6.616149902E0,-2.081756592E-1
5.103881836E0,-5.048828125E-1,-6.716659546E0,-5.527496338E-1
5.106292724E0,-5.359954834E-1,-6.812362671E0,-7.274169922E-1
5.108673095E0,-5.862426758E-1,-6.917648315E0,-7.752685547E-1
5.111083984E0,-5.886383057E-1,-6.999008179E0,-7.178497314E-1
5.113494873E0,-6.364898682E-1,-7.082748413E0,-5.718841553E-1
5.115905761E0,-6.939239502E-1,-7.152145386E0,-3.014984131E-1
5.118286133E0,-7.346038818E-1,-7.250259399E0,3.349304199E-2
5.120697021E0,-8.015899658E-1,-7.343566895E0,3.804626465E-1
5.123107910E0,-9.092712402E-1,-7.401000977E0,7.537384033E-1
5.125518799E0,-9.595184326E-1,-7.460815430E0,1.134201050E0
5.127929687E0,-1.000198364E0,-7.503890991E0,1.512268066E0
5.130310058E0,-9.882354736E-1,-7.546966553E0,1.854431152E0
5.132720947E0,-9.260253906E-1,-7.585250854E0,2.182250977E0
5.135131836E0,-7.896270752E-1,-7.573287964E0,2.498107910E0
5.137542724E0,-5.838470459E-1,-7.527816772E0,2.782852173E0
5.139923095E0,-3.469543457E-1,-7.479965210E0,3.048461914E0
5.142333984E0,-4.785156250E-2,-7.444076538E0,3.345169067E0
5.144744873E0,2.847442627E-1,-7.453643799E0,3.632308960E0
5.147155761E0,6.460571289E-1,-7.472778320E0,3.986450195E0
5.149566650E0,1.024124146E0,-7.491928101E0,4.398010254E0
5.151947021E0,1.378265381E0,-7.479965210E0,4.811965942E0
5.154357910E0,1.718048096E0,-7.525421143E0,5.288131714E0
5.156768799E0,2.021942139E0,-7.570892334E0,5.812164307E0
5.159179687E0,2.344970703E0,-7.623535156E0,6.333801270E0
5.161560058E0,2.682357788E0,-7.637893677E0,6.876968384E0
5.163970947E0,3.034103394E0,-7.680953979E0,7.451248169E0
5.166381836E0,3.404983521E0,-7.685745239E0,8.042282104E0
5.168792724E0,3.814163208E0,-7.712066650E0,8.630905151E0
5.171173095E0,4.259231567E0,-7.750350952E0,9.224334717E0
5.173583984E0,4.735397339E0,-7.812561035E0,9.755538940E0
5.175994873E0,5.192428589E0,-7.869995117E0,1.014077759E1
5.178405761E0,5.678161621E0,-7.917846680E0,1.046620178E1
5.180786133E0,6.132797241E0,-8.011169434E0,1.070549011E1
5.183197021E0,6.630508423E0,-8.061416626E0,1.083949280E1
5.185607910E0,7.147354126E0,-8.085342407E0,1.087777710E1
5.188018799E0,7.621139526E0,-8.157135010E0,1.078205872E1
5.190429687E0,8.023132324E0,-8.264816284E0,1.065524292E1
5.192810058E0,8.420349121E0,-8.379669189E0,1.045903015E1
5.195220947E0,8.793624878E0,-8.516052246E0,1.024845886E1
5.197631836E0,9.138183594E0,-8.630905151E0,1.010249329E1
5.200042724E0,9.463607788E0,-8.798416138E0,9.985244751E0
5.202453613E0,9.786651611E0,-8.970687866E0,9.927825928E0
5.204864502E0,1.009053040E1,-9.169296265E0,9.939788818E0
5.207275390E0,1.045423889E1,-9.406188965E0,9.997207642E0
5.209686279E0,1.078205872E1,-9.671783447E0,1.009292603E1
5.212066650E0,1.099502563E1,-9.937393188E0,1.022453308E1
5.214477539E0,1.123669434E1,-1.019581604E1,1.040638733E1
5.216888427E0,1.135394287E1,-1.043988037E1,1.057148743E1
5.219299316E0,1.133241272E1,-1.065524292E1,1.079881287E1
5.221710205E0,1.121516418E1,-1.076052856E1,1.098306274E1
5.224090576E0,1.098066711E1,-1.080358887E1,1.113859558E1
5.226501465E0,1.062892151E1,-1.080358887E1,1.125584412E1
5.228912353E0,1.014556885E1,-1.080838013E1,1.133958435E1
5.231323242E0,9.635894775E0,-1.077009583E1,1.126780701E1
5.233703613E0,9.047256470E0,-1.071266174E1,1.108116150E1
5.236114502E0,8.401199341E0,-1.067199707E1,1.072224426E1
5.238525390E0,7.719253540E0,-1.060737610E1,1.024606323E1
5.240936279E0,6.963119507E0,-1.053799438E1,9.710067749E0
5.243316650E0,6.216552734E0,-1.045663452E1,9.020935059E0
5.245727539E0,5.467605591E0,-1.033221436E1,8.248062134E0
5.248138427E0,4.778472900E0,-1.028195190E1,7.384246826E0
5.250549316E0,4.165908813E0,-1.026521301E1,6.482162476E0
5.252960205E0,3.629913330E0,-1.029393005E1,5.446060181E0
5.255340576E0,3.177673340E0,-1.038723755E1,4.287933350E0
5.257751465E0,2.802001953E0,-1.053320312E1,3.227920532E0
5.260162353E0,2.440673828E0,-1.082273865E1,2.218139648E0
5.262573242E0,2.096115112E0,-1.116491699E1,1.215560913E0
5.264953613E0,1.765899658E0,-1.159562683E1,2.847442627E-1
5.267364502E0,1.488342285E0,-1.203828430E1,-5.096740723E-1
5.269775390E0,1.237091064E0,-1.250967407E1,-1.107879639E0
5.272186279E0,1.033706665E0,-1.294995117E1,-1.517044067E0
5.274566650E0,9.595184326E-1,-1.337109375E1,-1.588836670E0
5.276977539E0,9.475555420E-1,-1.372283936E1,-1.395019531E0
5.279388427E0,1.119842529E0,-1.405543518E1,-9.451599121E-1
5.281799316E0,1.325622559E0,-1.428755188E1,-1.986083984E-1
5.284210205E0,1.631912231E0,-1.442872620E1,8.063812256E-1
5.286590576E0,1.962112427E0,-1.450769043E1,2.053039551E0
5.289001465E0,2.299499512E0,-1.451965332E1,3.462417603E0
5.291412353E0,2.615356445E0,-1.441914368E1,4.912460327E0
5.293823242E0,2.868988037E0,-1.433540344E1,6.273986816E0
5.296203613E0,3.134597778E0,-1.421336365E1,7.542175293E0
5.298614502E0,3.285339355E0,-1.411047363E1,8.678771973E0
5.301025390E0,3.292526245E0,-1.397169495E1,9.600006104E0
5.303436279E0,3.225524902E0,-1.385684204E1,1.022213745E1
5.305816650E0,3.172882080E0,-1.373959351E1,1.051167297E1
5.308227539E0,3.077163696E0,-1.361994934E1,1.037767029E1
5.310638427E0,2.940780640E0,-1.333760071E1,9.999603271E0
5.313049316E0,2.687133789E0,-1.287577820E1,9.334396362E0
5.315460205E0,2.325820923E0,-1.222732544E1,8.389236450E0
5.317840576E0,1.761123657E0,-1.134677124E1,7.144973755E0
5.320251465E0,1.091125488E0,-1.041835022E1,5.807388306E0
5.322662353E0,3.876342773E-1,-9.516250610E0,4.335800171E0
5.325073242E0,-3.828582764E-1,-8.717056274E0,2.833099365E0
5.327453613E0,-1.323226929E0,-8.114059448E0,1.371093750E0
5.329864502E0,-2.383255005E0,-7.649856567E0,-2.632141113E-2
5.332275390E0,-3.220733643E0,-7.310073853E0,-1.239486694E0
5.334686279E0,-4.003189087E0,-7.109069824E0,-2.251647949E0
5.337066650E0,-4.603790283E0,-7.010971069E0,-2.928817749E0
5.339477539E0,-4.881362915E0,-6.963119507E0,-3.340377808E0
5.341888427E0,-5.012969971E0,-6.943969727E0,-3.440872192E0
5.344299316E0,-4.948364258E0,-6.963119507E0,-3.314056396E0
5.346679687E0,-4.886138916E0,-7.032501221E0,-2.957534790E0
5.349090576E0,-4.646865845E0,-7.171295166E0,-2.380859375E0
5.351501465E0,-4.333404541E0,-7.417755127E0,-1.737182617E0
5.353912353E0,-4.287933350E0,-7.668991089E0,-1.270584106E0
5.356292724E0,-4.173080444E0,-7.956130981E0,-6.843414307E-1
5.358703613E0,-4.003189087E0,-8.293518066E0,-2.033843994E-1
5.361114502E0,-3.991226196E0,-8.697906494E0,3.589172363E-1
5.363525390E0,-4.374084473E0,-9.123840332E0,8.015899658E-1
5.365936279E0,-4.855041504E0,-9.530609131E0,9.643096924E-1
5.368316650E0,-5.319244385E0,-1.008813477E1,1.026519775E0
5.370727539E0,-5.907882690E0,-1.062652588E1,8.590240479E-1
5.373138427E0,-6.278762817E0,-1.098544312E1,8.685913086E-1
5.375549316E0,-6.250045776E0,-1.118405151E1,8.781585693E-1
5.377929687E0,-6.113662720E0,-1.134915161E1,1.105484009E0
5.380340576E0,-5.654235840E0,-1.139222717E1,1.493118286E0
5.382751465E0,-5.072784424E0,-1.133958435E1,1.864013672E0
5.385162353E0,-4.515258789E0,-1.125344849E1,2.076965332E0
5.387573242E0,-4.079757690E0,-1.112663269E1,2.301895142E0
5.389953613E0,-3.711273193E0,-1.097348022E1,2.490921021E0
5.392364502E0,-3.376266479E0,-1.081317139E1,2.591430664E0
5.394775390E0,-3.034103394E0,-1.072224426E1,2.735000610E0
5.397186279E0,-2.806777954E0,-1.060737610E1,2.730209351E0
5.399566650E0,-2.301895142E0,-1.049971008E1,2.802001953E0
5.401977539E0,-1.792221069E0,-1.042314148E1,2.782852173E0
5.404388427E0,-1.263412476E0,-1.034417725E1,2.897705078E0
5.406799316E0,-8.614196777E-1,-1.031306458E1,2.928817749E0
5.409210205E0,-5.024871826E-1,-1.027957153E1,3.050842285E0
5.411590576E0,-1.675415039E-2,-1.018145752E1,3.232696533E0
5.414001465E0,3.110656738E-1,-1.016471863E1,3.314056396E0
5.416412353E0,5.288085938E-1,-1.015992737E1,3.371490479E0
5.418823242E0,7.274169922E-1,-1.016232300E1,3.450454712E0
5.421203613E0,7.561340332E-1,-1.016709900E1,3.452850342E0
5.423614502E0,8.327026367E-1,-1.019581604E1,3.431304932E0
5.426025390E0,7.657012939E-1,-1.020300293E1,3.412170410E0
5.428436279E0,2.177429199E-1,-1.022692871E1,3.495910645E0
5.430816650E0,6.939697266E-2,-1.042074585E1,3.541381836E0
5.433227539E0,1.890258789E-1,-1.042791748E1,3.309280396E0
5.435638427E0,1.148529053E-1,-1.038485718E1,3.237487793E0
5.438049316E0,-8.613586426E-2,-1.050210571E1,3.393020630E0
5.440460205E0,-4.791259766E-3,-1.058584595E1,3.479156494E0
5.442840576E0,1.866455078E-1,-1.066720581E1,3.536590576E0
5.445251465E0,4.594268799E-1,-1.069113159E1,3.560516357E0
5.447662353E0,5.335998535E-1,-1.062892151E1,3.440872192E0
5.450073242E0,6.747741699E-1,-1.061216736E1,3.388229370E0
5.452453613E0,7.417755127E-1,-1.059063721E1,3.328414917E0
5.454864502E0,7.992095947E-1,-1.063609314E1,3.326019287E0
5.457275390E0,7.274169922E-1,-1.078445435E1,3.419342041E0
5.459686279E0,3.637084961E-1,-1.097587585E1,3.725631714E0
5.462066650E0,-1.651000977E-1,-1.104048157E1,4.177871704E0
5.464477539E0,9.332275391E-2,-1.105004883E1,4.350158691E0
5.466888427E0,4.689941406E-1,-1.103091431E1,4.534393311E0
5.469299316E0,8.063812256E-1,-1.095674133E1,4.606185913E0
5.471679687E0,6.819610596E-1,-1.083709717E1,4.663604736E0
5.474090576E0,4.163513184E-1,-1.069113159E1,4.728210449E0
5.476501465E0,2.081756592E-1,-1.060737610E1,4.730606079E0
5.478912353E0,1.148529053E-1,-1.044227600E1,4.689926147E0
5.481323242E0,3.588867188E-2,-1.024366760E1,4.634902954E0
5.483703613E0,-1.196289062E-2,-1.005943298E1,4.476974487E0
5.486114502E0,-1.340026855E-1,-9.978073120E0,4.383651733E0
5.488525390E0,-3.397827148E-1,-9.863220215E0,4.316650391E0
5.490936279E0,-4.187469482E-1,-9.753143311E0,4.223327637E0
5.493347168E0,-5.934143066E-1,-9.695724487E0,4.153945923E0
5.495758056E0,-8.374938965E-1,-9.643081665E0,4.039077759E0
5.498168945E0,-1.143768311E0,-9.667007446E0,3.936187744E0
5.500579834E0,-1.308868408E0,-9.688537598E0,3.826126099E0
5.502960205E0,-1.610366821E0,-9.774673462E0,3.632308960E0
5.505371094E0,-1.852050781E0,-9.805786133E0,3.397811890E0
5.507781982E0,-1.914260864E0,-9.822540283E0,3.141769409E0
5.510192871E0,-1.940582275E0,-9.858428955E0,2.895309448E0
5.512603760E0,-1.990829468E0,-9.858428955E0,2.653640747E0
5.514984131E0,-2.069793701E0,-9.827316284E0,2.399993896E0
5.517395019E0,-2.155929565E0,-9.726821899E0,2.160720825E0
5.519805908E0,-2.208572388E0,-9.578475952E0,1.990829468E0
5.522216797E0,-2.423934937E0,-9.425323486E0,1.895111084E0
5.524597168E0,-3.084350586E0,-9.037689209E0,1.749160767E0
5.527008056E0,-3.558120728E0,-8.695510864E0,1.993225098E0
5.529418945E0,-3.127426147E0,-8.449050903E0,2.143966675E0
5.531829834E0,-3.268600464E0,-8.319839478E0,2.287536621E0
5.534210205E0,-3.139389038E0,-8.621337891E0,2.268402100E0
5.536621094E0,-3.062820435E0,-8.695510864E0,2.230117798E0
5.539031982E0,-3.266204834E0,-8.623733521E0,2.550750732E0
5.541442871E0,-3.144165039E0,-8.535202026E0,3.036499023E0
5.543853760E0,-3.335601807E0,-8.494522095E0,3.694519043E0
5.546234131E0,-3.637084961E0,-8.583053589E0,4.256835938E0
5.548645019E0,-3.859619141E0,-8.659622192E0,4.658828735E0
5.551055908E0,-3.869201660E0,-8.750549316E0,4.934005737E0
5.553466797E0,-3.522232056E0,-8.843872070E0,5.182861328E0
5.555847168E0,-3.041275024E0,-8.901306152E0,5.489135742E0
5.558258056E0,-2.612960815E0,-8.953948975E0,5.687744141E0
5.560668945E0,-2.210968018E0,-8.896514893E0,5.778671265E0
5.563079834E0,-1.782653809E0,-8.961120605E0,5.891128540E0
5.565460205E0,-1.316055298E0,-8.997009277E0,5.752349854E0
5.567871094E0,-9.092712402E-1,-9.059234619E0,5.515457153E0
5.570281982E0,-6.077728271E-1,-9.090332031E0,5.328811646E0
5.572692871E0,-3.349914551E-1,-9.142974854E0,5.137390137E0
5.575103760E0,4.785156250E-2,-9.052047729E0,5.108673096E0
5.577484131E0,3.876342773E-1,-8.903686523E0,5.096710205E0
5.579895019E0,6.125640869E-1,-8.748153687E0,5.185241699E0
5.582305908E0,7.633056641E-1,-8.659622192E0,5.158920288E0
5.584716797E0,9.140625000E-1,-8.585449219E0,5.161315918E0
5.587097168E0,8.829498291E-1,-8.487335205E0,5.082351685E0
5.589508056E0,7.896270752E-1,-8.384445190E0,5.017745972E0
5.591918945E0,6.891326904E-1,-8.279159546E0,4.890930176E0
5.594329834E0,5.886383057E-1,-8.243270874E0,4.713867188E0
5.596710205E0,5.551300049E-1,-8.116455078E0,4.594223022E0
5.599121094E0,4.689941406E-1,-8.025527954E0,4.393218994E0
5.601531982E0,2.656097412E-1,-7.903488159E0,4.194625854E0
5.603942871E0,1.818542480E-1,-7.767105103E0,3.936187744E0
5.606353760E0,1.340026855E-1,-7.695312500E0,3.723236084E0
5.608734131E0,6.460571289E-2,-7.611572266E0,3.493515015E0
5.611145019E0,-1.196289062E-2,-7.556533813E0,3.247055054E0
5.613555908E0,-8.613586426E-2,-7.482360840E0,3.053237915E0
5.615966797E0,-1.076812744E-1,-7.429718018E0,2.890533447E0
5.618347168E0,-5.264282227E-2,-7.384246826E0,2.703887939E0
5.620758056E0,4.785156250E-2,-7.353149414E0,2.536392212E0
5.623168945E0,1.866455078E-1,-7.355529785E0,2.352142334E0
5.625579834E0,3.397827148E-1,-7.389038086E0,2.232498169E0
5.627960205E0,5.551300049E-1,-7.353149414E0,2.120040894E0
5.630371094E0,7.154541016E-1,-7.345962524E0,2.079360962E0
5.632781982E0,7.728881836E-1,-7.348358154E0,2.045867920E0
5.635192871E0,8.614196777E-1,-7.369888306E0,1.928619385E0
5.637603760E0,9.475555420E-1,-7.403396606E0,1.861618042E0
5.639984131E0,1.055236816E0,-7.362716675E0,1.763504028E0
5.642395019E0,1.093521118E0,-7.369888306E0,1.672576904E0
5.644805908E0,1.124633789E0,-7.460815430E0,1.691726685E0
5.647216797E0,1.191619873E0,-7.587646484E0,1.696517944E0
5.649597168E0,1.251449585E0,-7.676177979E0,1.698898315E0
5.652008056E0,1.387832642E0,-7.814956665E0,1.708480835E0
5.654418945E0,1.483551025E0,-7.927429199E0,1.746765137E0
5.656829834E0,1.584045410E0,-8.020736694E0,1.763504028E0
5.659210205E0,1.672576904E0,-8.090133667E0,1.777862549E0
5.661621094E0,1.789825439E0,-8.224136353E0,1.777862549E0
5.664031982E0,1.935791016E0,-8.350952148E0,1.713256836E0
5.666442871E0,2.050643921E0,-8.449050903E0,1.718048096E0
5.668853760E0,2.153533936E0,-8.535202026E0,1.727615356E0
5.671234131E0,2.239685059E0,-8.525634766E0,1.691726685E0
5.673645019E0,2.333007812E0,-8.484954834E0,1.701293945E0
5.676055908E0,2.388031006E0,-8.415557861E0,1.701293945E0
5.678466797E0,2.433502197E0,-8.372482300E0,1.663009644E0
5.680847168E0,2.505279541E0,-8.331802368E0,1.612762451E0
5.683258056E0,2.627319336E0,-8.295913696E0,1.634292603E0
5.685668945E0,2.696716309E0,-8.204986572E0,1.636688232E0
5.688079834E0,2.620147705E0,-8.188232422E0,1.624725342E0
5.690460205E0,2.457427979E0,-8.157135010E0,1.550552368E0
5.692871094E0,2.222930908E0,-8.147567749E0,1.483551025E0
5.695281982E0,2.053039551E0,-8.176269531E0,1.457229614E0
5.697692871E0,1.921432495E0,-8.154739380E0,1.574478149E0
5.700103760E0,1.674972534E0,-8.118850708E0,1.682159424E0
5.702484131E0,1.476364136E0,-8.121246338E0,1.801788330E0
5.704895019E0,1.378265381E0,-8.224136353E0,1.923828125E0
5.707305908E0,1.067199707E0,-8.173889160E0,2.062606812E0
5.709716797E0,7.824554443E-1,-8.140380859E0,2.254043579E0
5.712097168E0,4.977111816E-1,-8.207382202E0,2.462219238E0
5.714508056E0,3.589172363E-1,-8.348556519E0,2.620147705E0
5.716918945E0,2.464599609E-1,-8.516052246E0,2.866607666E0
5.719329834E0,3.111267090E-2,-8.642868042E0,3.115447998E0
5.721710205E0,-1.340026855E-1,-8.719451904E0,3.364303589E0
5.724121094E0,-2.751770020E-1,-8.791229248E0,3.625122070E0
5.726531982E0,-3.613128662E-1,-8.841476440E0,3.912261963E0
5.728942871E0,-5.168457031E-1,-8.989837646E0,4.122833252E0
5.731353760E0,-7.417755127E-1,-9.121444702E0,4.307083130E0
5.733734131E0,-9.020996094E-1,-9.212371826E0,4.534393311E0
5.736145019E0,-1.021728516E0,-9.269790649E0,4.792816162E0
5.738555908E0,-1.124633789E0,-9.293716431E0,5.077575684E0
5.740966797E0,-1.117446899E0,-9.320037842E0,5.338394165E0
5.743347168E0,-1.234695435E0,-9.332015991E0,5.637496948E0
5.745758056E0,-1.335189819E0,-9.276977539E0,5.871994019E0
5.748168945E0,-1.416549683E0,-9.274581909E0,6.142379761E0
5.750579834E0,-1.538589478E0,-9.248260498E0,6.331405640E0
5.752960205E0,-1.603195190E0,-9.248260498E0,6.532409668E0
5.755371094E0,-1.679763794E0,-9.169296265E0,6.769302368E0
5.757781982E0,-1.854431152E0,-9.107086182E0,6.967895508E0
5.760192871E0,-2.069793701E0,-8.982650757E0,7.144973755E0
5.762573242E0,-2.225326538E0,-8.764907837E0,7.266998291E0
5.764984131E0,-2.335388184E0,-8.595016479E0,7.362716675E0
5.767395019E0,-2.356933594E0,-8.372482300E0,7.460815430E0
5.769805908E0,-2.411972046E0,-8.178665161E0,7.499099731E0
5.772216797E0,-2.694320679E0,-8.073379517E0,7.377075195E0
5.774627685E0,-2.845062256E0,-8.011169434E0,7.135391235E0
5.777038574E0,-2.971893311E0,-7.982452393E0,6.865005493E0
5.779449463E0,-3.012557983E0,-7.915451050E0,6.601791382E0
5.781860351E0,-3.081954956E0,-7.791030884E0,6.419937134E0
5.784240722E0,-3.203994751E0,-7.645065308E0,6.195022583E0
5.786651611E0,-3.297302246E0,-7.494323730E0,5.910278320E0
5.789062500E0,-3.445663452E0,-7.305282593E0,5.603988647E0
5.791473388E0,-3.622726440E0,-7.192825317E0,5.405380249E0
5.793884277E0,-3.620346069E0,-7.195220947E0,5.166107178E0
5.796264648E0,-3.653839111E0,-7.255035400E0,5.017745972E0
5.798675537E0,-3.670593262E0,-7.405792236E0,4.948364258E0
5.801086426E0,-3.672988892E0,-7.635498047E0,4.953140259E0
5.803497314E0,-3.665802002E0,-7.939392090E0,5.015350342E0
5.805877685E0,-3.567703247E0,-8.384445190E0,5.099105835E0
5.808288574E0,-3.440872192E0,-8.920440674E0,5.383850098E0
5.810699463E0,-3.206375122E0,-9.458831787E0,5.706878662E0
5.813110351E0,-2.983856201E0,-9.911071777E0,6.087341309E0
5.815490722E0,-2.782852173E0,-1.032981873E1,6.465408325E0
5.817901611E0,-2.677566528E0,-1.057627869E1,6.848251343E0
5.820312500E0,-2.524429321E0,-1.075094604E1,7.137786865E0
5.822723388E0,-2.431106567E0,-1.081077576E1,7.391433716E0
5.825103760E0,-2.282745361E0,-1.066481018E1,7.556533813E0
5.827514648E0,-2.136795044E0,-1.036810303E1,7.647460938E0
5.829925537E0,-1.871185303E0,-1.007617188E1,7.666610718E0
5.832336426E0,-1.588836670E0,-9.762710571E0,7.659423828E0
5.834747314E0,-1.294509888E0,-9.487548828E0,7.671386719E0
5.837127685E0,-9.571228027E-1,-9.157333374E0,7.637893677E0
5.839538574E0,-5.862426758E-1,-8.860626221E0,7.532608032E0
5.841949463E0,-1.890258789E-1,-8.573486328E0,7.381851196E0
5.844360351E0,2.512512207E-1,-8.341384888E0,7.207183838E0
5.846740722E0,6.939239502E-1,-8.157135010E0,7.010971069E0
5.849151611E0,1.155731201E0,-7.992034912E0,6.812362671E0
5.851562500E0,1.572082520E0,-7.836486816E0,6.628112793E0
5.853973388E0,1.931015015E0,-7.649856567E0,6.376876831E0
5.856353760E0,2.277969360E0,-7.520645142E0,6.163909912E0
5.858764648E0,2.644073486E0,-7.348358154E0,5.922241211E0
5.861175537E0,3.005386353E0,-7.202392578E0,5.697311401E0
5.863586426E0,3.345169067E0,-6.999008179E0,5.481964111E0
5.865997314E0,3.718444824E0,-6.826721191E0,5.352737427E0
5.868377685E0,3.991226196E0,-6.652053833E0,5.216354370E0
5.870788574E0,4.252044678E0,-6.465408325E0,5.084747314E0
5.873199463E0,4.505691528E0,-6.338592529E0,4.965103149E0
5.875610351E0,4.685150146E0,-6.175872803E0,4.809570312E0
5.877990722E0,4.907684326E0,-6.101699829E0,4.677963257E0
5.880401611E0,5.146957397E0,-6.013168335E0,4.563110352E0
5.882812500E0,5.276168823E0,-5.972488403E0,4.486541748E0
5.885223388E0,5.199600220E0,-5.905487061E0,4.388442993E0
5.887603760E0,5.003387451E0,-5.871994019E0,4.287933350E0
5.890014648E0,4.780853271E0,-5.814559937E0,4.127624512E0
5.892425537E0,4.685150146E0,-5.745162964E0,3.871582031E0
5.894836426E0,4.634902954E0,-5.649459839E0,3.567703247E0
5.897247314E0,4.587036133E0,-5.623138428E0,3.232696533E0
5.899627685E0,4.500900269E0,-5.625518799E0,2.921630859E0
5.902038574E0,4.402786255E0,-5.678161621E0,2.572280884E0
5.904449463E0,4.259231567E0,-5.800201416E0,2.225326538E0
5.906860351E0,4.139587402E0,-6.037094116E0,2.012359619E0
5.909240722E0,3.998413086E0,-6.345764160E0,1.806579590E0
5.911651611E0,3.754333496E0,-6.850646973E0,1.612762451E0
5.914062500E0,3.385848999E0,-7.542175293E0,1.378265381E0
5.916473388E0,2.938385010E0,-8.422729492E0,1.143768311E0
5.918853760E0,2.445465088E0,-9.461227417E0,1.004989624E0
5.921264648E0,2.009963989E0,-1.046620178E1,9.786682129E-1
5.923675537E0,1.533798218E0,-1.137309265E1,9.260253906E-1
5.926086426E0,8.566284180E-1,-1.211724854E1,9.284210205E-1
5.928497314E0,1.435699463E-1,-1.332562256E1,1.227523804E0
5.930877685E0,-7.058868408E-1,-1.485464478E1,1.519439697E0
5.933288574E0,-1.627120972E0,-1.649612427E1,1.732406616E0
5.935699463E0,-2.335388184E0,-1.816152954E1,1.950149536E0
5.938110351E0,-3.050842285E0,-1.975753784E1,1.990829468E0
5.940490722E0,-3.730407715E0,-2.141337585E1,2.009963989E0
5.942901611E0,-4.359725952E0,-2.291127014E1,2.081756592E0
5.945312500E0,-4.864608765E0,-2.430151367E1,2.294723511E0
5.947723388E0,-5.309677124E0,-2.548834229E1,2.574676514E0
5.950103760E0,-5.687744141E0,-2.645983887E1,2.859420776E0
5.952514648E0,-5.850448608E0,-2.726382446E1,2.983856201E0
5.954925537E0,-6.003585815E0,-2.782374573E1,3.046066284E0
5.957336426E0,-6.139984131E0,-2.803192139E1,3.079559326E0
5.959747314E0,-6.295516968E0,-2.794577026E1,3.084350586E0
5.962127685E0,-6.396011353E0,-2.764428711E1,3.120239258E0
5.964538574E0,-6.355331421E0,-2.715614319E1,3.213562012E0
5.966949463E0,-6.309875488E0,-2.658425903E1,3.177673340E0
5.969360351E0,-6.211761475E0,-2.583291626E1,3.038879395E0
5.971740722E0,-6.180664062E0,-2.492124939E1,2.945571899E0
5.974151611E0,-5.694915771E0,-2.399282837E1,2.818740845E0
5.976562500E0,-4.773681641E0,-2.318644714E1,2.323425293E0
5.978973388E0,-3.940979004E0,-2.230110168E1,1.725219727E0
5.981353760E0,-3.452850342E0,-2.144447327E1,1.280166626E0
5.983764648E0,-3.108276367E0,-2.052803040E1,1.071990967E0
5.986175537E0,-3.038879395E0,-1.968096924E1,1.131805420E0
5.988586426E0,-3.189636230E0,-1.872145081E1,1.134201050E0
5.990997314E0,-2.967102051E0,-1.772602844E1,1.289733887E0
5.993377685E0,-2.328216553E0,-1.690290833E1,1.234695435E0
5.995788574E0,-2.524429321E0,-1.599841309E1,1.131805420E0
5.998199463E0,-2.691925049E0,-1.506999207E1,1.213165283E0
6.000610351E0,-2.713455200E0,-1.417747498E1,1.136596680E0
6.002990722E0,-2.490921021E0,-1.328495789E1,1.052841187E0
6.005401611E0,-2.160720825E0,-1.242114258E1,9.403839111E-1
6.007812500E0,-1.864013672E0,-1.160997009E1,8.422698975E-1
6.010223388E0,-1.526626587E0,-1.084906006E1,7.680969238E-1
6.012603760E0,-1.155731201E0,-1.023889160E1,6.771697998E-1
6.015014648E0,-7.274169922E-1,-9.748352051E0,5.096740723E-1
6.017425537E0,-3.254241943E-1,-9.406188965E0,2.057800293E-1
6.019836426E0,3.828430176E-2,-9.154937744E0,-2.943115234E-1
6.022247314E0,3.948211670E-1,-9.006591797E0,-8.949127197E-1
6.024627685E0,8.590240479E-1,-8.925231934E0,-1.538589478E0
6.027038574E0,1.354339600E0,-8.894119263E0,-2.100891113E0
6.029449463E0,1.868789673E0,-8.913269043E0,-2.519638062E0
6.031860351E0,2.299499512E0,-8.918045044E0,-2.952743530E0
6.034240722E0,2.634490967E0,-8.920440674E0,-3.369094849E0
6.036651611E0,2.878570557E0,-9.011367798E0,-3.677764893E0
6.039062500E0,3.077163696E0,-9.126220703E0,-3.972091675E0
6.041473388E0,3.199203491E0,-9.250656128E0,-4.094116211E0
6.043853760E0,3.361923218E0,-9.379867554E0,-4.094116211E0
6.046264648E0,3.493515015E0,-9.525833130E0,-3.917053223E0
6.048675537E0,3.562911987E0,-9.667007446E0,-3.656234741E0
6.051086426E0,3.550949097E0,-9.844070435E0,-3.397811890E0
6.053497314E0,3.558120728E0,-9.985244751E0,-3.105880737E0
6.055877685E0,3.548553467E0,-1.010488892E1,-2.739776611E0
6.058288574E0,3.582061768E0,-1.018624878E1,-2.340179443E0
6.060699463E0,3.586837769E0,-1.024366760E1,-1.950149536E0
6.063110351E0,3.541381836E0,-1.023170471E1,-1.536193848E0
6.065521240E0,3.416946411E0,-1.021017456E1,-1.105484009E0
6.067932129E0,3.345169067E0,-1.014077759E1,-7.226257324E-1
6.070343017E0,3.278167725E0,-1.005224609E1,-3.637084961E-1
6.072753906E0,3.237487793E0,-9.911071777E0,-7.177734375E-2
6.075134277E0,3.120239258E0,-9.796218872E0,2.033843994E-1
6.077545166E0,2.976669312E0,-9.621536255E0,4.355010986E-1
6.079956054E0,2.825927734E0,-9.482757568E0,6.269226074E-1
6.082366943E0,2.632110596E0,-9.310470581E0,7.776641846E-1
6.084777832E0,2.529220581E0,-9.147766113E0,9.164581299E-1
6.087158203E0,2.419143677E0,-8.992233276E0,1.014556885E0
6.089569092E0,2.378463745E0,-8.788833618E0,1.050445557E0
6.091979980E0,2.275573730E0,-8.597412109E0,1.083953857E0
6.094390869E0,2.060226440E0,-8.362915039E0,1.186843872E0
6.096771240E0,1.856826782E0,-8.183456421E0,1.229904175E0
6.099182129E0,1.696517944E0,-8.003997803E0,1.234695435E0
6.101593017E0,1.452438354E0,-7.819747925E0,1.179656982E0
6.104003906E0,1.234695435E0,-7.673782349E0,1.141372681E0
6.106384277E0,1.067199707E0,-7.527816772E0,1.115051270E0
6.108795166E0,8.757781982E-1,-7.381851196E0,1.213165283E0
6.111206054E0,7.298126221E-1,-7.252639771E0,1.296905518E0
6.113616943E0,6.676025391E-1,-7.178466797E0,1.438079834E0
6.115997314E0,6.221313477E-1,-7.089935303E0,1.643875122E0
6.118408203E0,5.359954834E-1,-6.963119507E0,1.768295288E0
6.120819092E0,4.426727295E-1,-6.872192383E0,2.048263550E0
6.123229980E0,2.799530029E-1,-6.771682739E0,2.304290771E0
6.125640869E0,1.148529053E-1,-6.664016724E0,2.545959473E0
6.128021240E0,-5.264282227E-2,-6.551544189E0,2.737396240E0
6.130432129E0,-1.866455078E-1,-6.439086914E0,3.000595093E0
6.132843017E0,-3.972015381E-1,-6.321838379E0,3.225524902E0
6.135253906E0,-5.862426758E-1,-6.259628296E0,3.433700562E0
6.137634277E0,-8.398742676E-1,-6.147155762E0,3.675369263E0
6.140045166E0,-1.093521118E0,-6.092132568E0,3.976867676E0
6.142456054E0,-1.301696777E0,-5.982055664E0,4.120437622E0
6.144866943E0,-1.562515259E0,-5.903091431E0,4.362121582E0
6.147247314E0,-1.818542480E0,-5.833694458E0,4.520034790E0
6.149658203E0,-2.036285400E0,-5.766708374E0,4.694717407E0
6.152069092E0,-2.237289429E0,-5.716461182E0,4.869400024E0
6.154479980E0,-2.376068115E0,-5.675781250E0,5.010574341E0
6.156890869E0,-2.459823608E0,-5.601593018E0,5.134994507E0
6.159271240E0,-2.639282227E0,-5.570495605E0,5.271392822E0
6.161682129E0,-2.825927734E0,-5.627914429E0,5.319244385E0
6.164093017E0,-2.928817749E0,-5.668594360E0,5.410171509E0
6.166503906E0,-3.055633545E0,-5.714065552E0,5.429321289E0
6.168884277E0,-3.151351929E0,-5.781066895E0,5.462814331E0
6.171295166E0,-3.278167725E0,-5.838485718E0,5.446060181E0
6.173706054E0,-3.314056396E0,-5.905487061E0,5.462814331E0
6.176116943E0,-3.297302246E0,-5.989242554E0,5.407775879E0
6.178527832E0,-3.306884766E0,-6.063415527E0,5.379058838E0
6.180908203E0,-3.290130615E0,-6.171096802E0,5.326416016E0
6.183319092E0,-3.273376465E0,-6.214157104E0,5.194824219E0
6.185729980E0,-3.342773438E0,-6.245269775E0,5.087142944E0
6.188140869E0,-3.330810547E0,-6.199798584E0,4.960327148E0
6.190521240E0,-3.373886108E0,-6.128021240E0,4.811965942E0
6.192932129E0,-3.445663452E0,-6.075378418E0,4.646865845E0
6.195343017E0,-3.491134644E0,-6.005981445E0,4.481750488E0
6.197753906E0,-3.491134644E0,-5.936599731E0,4.252044678E0
6.200134277E0,-3.431304932E0,-5.931808472E0,3.991226196E0
6.202545166E0,-3.311660767E0,-5.879165649E0,3.759124756E0
6.204956054E0,-3.187240601E0,-5.871994019E0,3.515060425E0
6.207366943E0,-3.022140503E0,-5.857635498E0,3.156127930E0
6.209747314E0,-2.878570557E0,-5.912658691E0,2.792419434E0
6.212158203E0,-2.699096680E0,-5.943771362E0,2.404785156E0
6.214569092E0,-2.500503540E0,-5.974884033E0,1.921432495E0
6.216979980E0,-2.318649292E0,-6.061019897E0,1.442871094E0
6.219390869E0,-2.160720825E0,-6.144775391E0,8.925170898E-1
6.221771240E0,-1.959716797E0,-6.204589844E0,3.302154541E-1
6.224182129E0,-1.761123657E0,-6.336196899E0,-1.962127686E-1
6.226593017E0,-1.557723999E0,-6.434295654E0,-6.843414307E-1
6.229003906E0,-1.296905518E0,-6.573089600E0,-1.086334229E0
6.231384277E0,-1.103088379E0,-6.685546875E0,-1.342376709E0
6.233795166E0,-9.475555420E-1,-6.778869629E0,-1.440475464E0
6.236206054E0,-8.566284180E-1,-6.857833862E0,-1.347152710E0
6.238616943E0,-7.824554443E-1,-6.936798096E0,-1.062408447E0
6.240997314E0,-7.489471436E-1,-6.991821289E0,-6.006011963E-1
6.243408203E0,-7.489471436E-1,-6.996612549E0,-4.791259766E-3
6.245819092E0,-7.896270752E-1,-6.972686768E0,6.556396484E-1
6.248229980E0,-8.183441162E-1,-6.996612549E0,1.306488037E0
6.250640869E0,-7.776641846E-1,-6.965499878E0,1.909469604E0
6.253021240E0,-6.771697998E-1,-6.967895508E0,2.507675171E0
6.255432129E0,-5.527496338E-1,-6.958328247E0,3.065200806E0
6.257843017E0,-3.804626465E-1,-6.932006836E0,3.570098877E0
6.260253906E0,-1.770629883E-1,-6.924835205E0,4.055831909E0
6.262634277E0,1.052856445E-1,-6.965499878E0,4.546356201E0
6.265045166E0,4.259185791E-1,-6.994216919E0,5.058425903E0
6.267456054E0,8.087768555E-1,-7.063613892E0,5.539382935E0
6.269866943E0,1.210769653E0,-7.121032715E0,6.072982788E0
6.272247314E0,1.624725342E0,-7.176071167E0,6.597015381E0
6.274658203E0,2.014755249E0,-7.278961182E0,7.133010864E0
6.277069092E0,2.378463745E0,-7.348358154E0,7.712066650E0
6.279479980E0,2.787643433E0,-7.451248169E0,8.236099243E0
6.281890869E0,3.230316162E0,-7.544570923E0,8.836700439E0
6.284271240E0,3.649047852E0,-7.664215088E0,9.403793335E0
6.286682129E0,4.060623169E0,-7.800598145E0,9.954147339E0
6.289093017E0,4.450653076E0,-7.886749268E0,1.045423889E1
6.291503906E0,4.816757202E0,-7.963317871E0,1.087059021E1
6.293884277E0,5.175674438E0,-8.008773804E0,1.118405151E1
6.296295166E0,5.534591675E0,-8.063812256E0,1.139222717E1
6.298706054E0,5.898315430E0,-8.109283447E0,1.147358704E1
6.301116943E0,6.276367188E0,-8.176269531E0,1.139941406E1
6.303497314E0,6.613769531E0,-8.207382202E0,1.122473145E1
6.305908203E0,6.946365356E0,-8.231307983E0,1.093519592E1
6.308319092E0,7.262222290E0,-8.281555176E0,1.058824158E1
6.310729980E0,7.597213745E0,-8.334197998E0,1.022213745E1
6.313140869E0,7.893920898E0,-8.372482300E0,9.841674805E0
6.315521240E0,8.147567749E0,-8.441879272E0,9.458831787E0
6.317932129E0,8.446670532E0,-8.563919067E0,9.109481812E0
6.320343017E0,8.700302124E0,-8.717056274E0,8.819946289E0
6.322753906E0,8.932403564E0,-8.920440674E0,8.573486328E0
6.325134277E0,9.131011963E0,-9.176467896E0,8.372482300E0
6.327545166E0,9.303298950E0,-9.461227417E0,8.202590942E0
6.329956054E0,9.439682007E0,-9.731613159E0,8.137985229E0
6.332366943E0,9.511474609E0,-1.000917053E1,8.111663818E0
6.334747314E0,9.501892090E0,-1.029631042E1,8.118850708E0
6.337158203E0,9.473190308E0,-1.054516602E1,8.137985229E0
6.339569092E0,9.353546143E0,-1.075573730E1,8.264816284E0
6.341979980E0,9.176467896E0,-1.088973999E1,8.329421997E0
6.344390869E0,8.877365112E0,-1.093759155E1,8.458633423E0
6.346801758E0,8.528015137E0,-1.096391296E1,8.580657959E0
6.349212646E0,8.157135010E0,-1.094955444E1,8.654846191E0
6.351623535E0,7.721633911E0,-1.091606140E1,8.709869385E0
6.354034424E0,7.283752441E0,-1.086819458E1,8.719451904E0
6.356414795E0,6.872192383E0,-1.078205872E1,8.626129150E0
6.358825683E0,6.453445435E0,-1.068156433E1,8.539978027E0
6.361236572E0,6.101699829E0,-1.057388306E1,8.341384888E0
6.363647461E0,5.749954224E0,-1.048056030E1,8.157135010E0
6.366027832E0,5.426925659E0,-1.038963318E1,7.922637939E0
6.368438720E0,5.175674438E0,-1.034178162E1,7.604385376E0
6.370849609E0,4.886138916E0,-1.028195190E1,7.243072510E0
6.373260498E0,4.642074585E0,-1.025085449E1,6.807586670E0
6.375671386E0,4.405181885E0,-1.021974182E1,6.285949707E0
6.378051758E0,4.192230225E0,-1.025085449E1,5.773880005E0
6.380462646E0,3.986450195E0,-1.026998901E1,5.192428589E0
6.382873535E0,3.821334839E0,-1.038006592E1,4.565505981E0
6.385284424E0,3.663406372E0,-1.056431580E1,3.974472046E0
6.387664795E0,3.503097534E0,-1.086581421E1,3.369094849E0
6.390075683E0,3.318847656E0,-1.125584412E1,2.845062256E0
6.392486572E0,3.177673340E0,-1.166740417E1,2.392822266E0
6.394897461E0,2.981460571E0,-1.212203979E1,2.029113770E0
6.397277832E0,2.794815063E0,-1.252882385E1,1.765899658E0
6.399688720E0,2.646469116E0,-1.288056946E1,1.591232300E0
6.402099609E0,2.500503540E0,-1.319880676E1,1.576873779E0
6.404510498E0,2.397613525E0,-1.350509644E1,1.686935425E0
6.406921386E0,2.337783813E0,-1.371087646E1,1.931015015E0
6.409301758E0,2.380859375E0,-1.389512634E1,2.344970703E0
6.411712646E0,2.478958130E0,-1.407458496E1,2.971893311E0
6.414123535E0,2.737396240E0,-1.418464661E1,3.833297729E0
6.416534424E0,3.072387695E0,-1.426840210E1,4.823928833E0
6.418914795E0,3.567703247E0,-1.425404358E1,5.903091431E0
6.421325683E0,4.072586060E0,-1.422055054E1,6.999008179E0
6.423736572E0,4.543975830E0,-1.419183350E1,8.054244995E0
6.426147461E0,4.902893066E0,-1.415594482E1,8.889343262E0
6.428527832E0,5.089538574E0,-1.422532654E1,9.389434814E0
6.430938720E0,5.151748657E0,-1.438804626E1,9.451644897E0
6.433349609E0,5.113464355E0,-1.447178650E1,9.238693237E0
6.435760498E0,4.902893066E0,-1.440478516E1,8.764907837E0
6.438171386E0,4.601394653E0,-1.400041199E1,7.987243652E0
6.440551758E0,4.244873047E0,-1.327059937E1,7.094726562E0
6.442962646E0,3.991226196E0,-1.225125122E1,6.139984131E0
6.445373535E0,3.756729126E0,-1.109072876E1,5.077575684E0
6.447784424E0,3.627517700E0,-9.920639038E0,3.988830566E0
6.450164795E0,3.366699219E0,-8.925231934E0,2.766098022E0
6.452575683E0,2.885742188E0,-8.147567749E0,1.471588135E0
6.454986572E0,1.990829468E0,-7.585250854E0,8.853149414E-2
6.457397461E0,8.231353760E-1,-7.269393921E0,-1.141372681E0
6.459777832E0,-4.331054688E-1,-7.144973755E0,-2.234893799E0
6.462188720E0,-1.689331055E0,-7.142578125E0,-3.096313477E0
6.464599609E0,-2.909667969E0,-7.142578125E0,-3.701690674E0
6.467010498E0,-4.074981689E0,-7.142578125E0,-4.197006226E0
6.469421386E0,-5.022537231E0,-7.154541016E0,-4.448257446E0
6.471801758E0,-5.812164307E0,-7.168899536E0,-4.598999023E0
6.474212646E0,-6.343368530E0,-7.250259399E0,-4.383651733E0
6.476623535E0,-6.513259888E0,-7.391433716E0,-3.938583374E0
6.479034424E0,-6.546768188E0,-7.525421143E0,-3.345169067E0
6.481414795E0,-6.405578613E0,-7.683349609E0,-2.455032349E0
6.483825683E0,-6.195022583E0,-7.872390747E0,-1.378265381E0
6.486236572E0,-5.996414185E0,-8.185852051E0,-1.579284668E-1
6.488647461E0,-5.984451294E0,-8.669189453E0,1.069595337E0
6.491027832E0,-6.053848267E0,-9.087936401E0,1.986038208E0
6.493438720E0,-6.087341309E0,-9.379867554E0,2.620147705E0
6.495849609E0,-6.491729736E0,-9.652648926E0,3.022140503E0
6.498260498E0,-6.893722534E0,-9.879959106E0,3.206375122E0
6.500640869E0,-7.377075195E0,-1.006420898E1,3.247055054E0
6.503051758E0,-8.444274902E0,-1.026521301E1,2.938385010E0
6.505462646E0,-9.382263184E0,-1.035374451E1,2.888137817E0
6.507873535E0,-9.961318970E0,-1.051884460E1,2.770889282E0
6.510284424E0,-1.021734619E1,-1.060737610E1,2.708679199E0
6.512664795E0,-1.001635742E1,-1.056909180E1,2.962310791E0
6.515075683E0,-9.276977539E0,-1.057148743E1,3.220733643E0
6.517486572E0,-8.623733521E0,-1.041117859E1,3.404983521E0
6.519897461E0,-8.137985229E0,-1.024366760E1,3.637084961E0
6.522277832E0,-7.621139526E0,-1.007617188E1,3.857223511E0
6.524688720E0,-7.262222290E0,-9.980468750E0,3.905090332E0
6.527099609E0,-6.561126709E0,-9.896713257E0,3.917053223E0
6.529510498E0,-5.568099976E0,-9.891921997E0,3.783050537E0
6.531890869E0,-4.510467529E0,-9.978073120E0,3.572479248E0
6.534301758E0,-3.634704590E0,-1.010488892E1,3.347564697E0
6.536712646E0,-2.536392212E0,-1.027238464E1,3.136993408E0
6.539123535E0,-1.473983765E0,-1.046142578E1,3.029312134E0
6.541534424E0,-4.977111816E-1,-1.062652588E1,2.775680542E0
6.543914795E0,2.392883301E-1,-1.078445435E1,2.627319336E0
6.546325683E0,8.685913086E-1,-1.087538147E1,2.541183472E0
6.548736572E0,1.459625244E0,-1.087298584E1,2.452636719E0
6.551147461E0,1.983642578E0,-1.077249146E1,2.399993896E0
6.553527832E0,2.258819580E0,-1.071984863E1,2.488540649E0
6.555938720E0,2.411972046E0,-1.066241455E1,2.543563843E0
6.558349609E0,2.567504883E0,-1.064805603E1,2.555541992E0
6.560760498E0,2.404785156E0,-1.070549011E1,2.622528076E0
6.563171386E0,2.333007812E0,-1.071984863E1,2.746963501E0
6.565551758E0,2.311462402E0,-1.072941589E1,2.799606323E0
6.567962646E0,2.184646606E0,-1.077009583E1,2.746963501E0
6.570373535E0,2.096115112E0,-1.082752991E1,2.751739502E0
6.572784424E0,2.062606812E0,-1.082034302E1,2.646469116E0
6.575164795E0,1.919036865E0,-1.082034302E1,2.584243774E0
6.577575683E0,1.866409302E0,-1.071266174E1,2.703887939E0
6.579986572E0,1.672576904E0,-1.067916870E1,2.852249146E0
6.582397461E0,1.562515259E0,-1.067437744E1,3.103485107E0
6.584802547E0,1.529006958E0,-1.060020447E1,3.397811890E0
6.587213435E0,1.519439697E0,-1.056192017E1,3.651443481E0
6.589624324E0,1.605590820E0,-1.056671143E1,3.761520386E0
6.592035213E0,1.493118286E0,-1.057148743E1,3.840484619E0
6.594415584E0,1.079162598E0,-1.052363586E1,4.218551636E0
6.596826473E0,1.244262695E0,-1.063609314E1,4.369293213E0
6.599237361E0,1.198806763E0,-1.060020447E1,4.637283325E0
6.601648250E0,9.427795410E-1,-1.034178162E1,4.972290039E0
6.604059139E0,9.475555420E-1,-9.982849121E0,5.001007080E0
6.606439510E0,9.547424316E-1,-9.717254639E0,4.886138916E0
6.608850398E0,8.063812256E-1,-9.585647583E0,4.895721436E0
6.611261287E0,6.532440186E-1,-9.521041870E0,4.857437134E0
6.613672176E0,5.670928955E-1,-9.511474609E0,4.929214478E0
6.616052547E0,7.968139648E-1,-9.432510376E0,4.957931519E0
6.618463435E0,1.234695435E0,-9.248260498E0,4.754531860E0
6.620874324E0,1.545761108E0,-9.104690552E0,4.457824707E0
6.623285213E0,1.610366821E0,-8.946762085E0,4.319046021E0
6.625665584E0,1.270584106E0,-8.930007935E0,4.407577515E0
6.628076473E0,6.652069092E-1,-8.946762085E0,4.283157349E0
6.630487361E0,4.067993164E-2,-8.992233276E0,4.101303101E0
6.632898250E0,-5.383911133E-1,-9.047256470E0,3.823730469E0
6.635309139E0,-9.834442139E-1,-9.097518921E0,3.546157837E0
6.637720027E0,-1.423736572E0,-9.140579224E0,3.261413574E0
6.640130916E0,-1.732406616E0,-9.217147827E0,2.871383667E0
6.642541805E0,-1.746765137E0,-9.291336060E0,2.321044922E0
6.644952693E0,-1.806579590E0,-9.334396362E0,1.861618042E0
6.647333064E0,-1.861618042E0,-9.413360596E0,1.452438354E0
6.649743953E0,-1.854431152E0,-9.458831787E0,1.050445557E0
6.652154842E0,-2.165512085E0,-9.513870239E0,7.513427734E-1
6.654565730E0,-2.995819092E0,-9.681365967E0,6.245269775E-1
6.656946101E0,-3.622726440E0,-9.860824585E0,5.551300049E-1
6.659356990E0,-4.259231567E0,-9.997207642E0,5.383911133E-1
6.661767879E0,-4.637283325E0,-1.005703735E1,7.202453613E-1
6.664178767E0,-5.182861328E0,-1.010968018E1,1.064804077E0
6.666589656E0,-5.553741455E0,-1.014077759E1,1.617553711E0
6.668970027E0,-5.345565796E0,-1.015274048E1,2.222930908E0
6.671380916E0,-4.876571655E0,-1.002352905E1,2.421539307E0
6.673791805E0,-4.405181885E0,-9.829711914E0,2.880966187E0
6.676202693E0,-4.149154663E0,-1.003311157E1,3.014953613E0
6.678583064E0,-3.900299072E0,-1.055474854E1,2.615356445E0
6.680993953E0,-3.546157837E0,-1.075573730E1,3.424133301E0
6.683404842E0,-3.416946411E0,-1.092083740E1,3.976867676E0
6.685815730E0,-3.471984863E0,-1.082273865E1,4.366897583E0
6.688196101E0,-3.345169067E0,-1.066001892E1,4.433898926E0
6.690606990E0,-3.433700562E0,-1.058106995E1,4.386047363E0
6.693017879E0,-3.208770752E0,-1.072224426E1,4.261611938E0
6.695428767E0,-2.533996582E0,-1.076770020E1,4.216156006E0
6.697839656E0,-1.794616699E0,-1.075813293E1,4.254440308E0
6.700220027E0,-1.170089722E0,-1.065524292E1,4.326217651E0
6.702630916E0,-7.968139648E-1,-1.045903015E1,4.386047363E0
6.705041805E0,-5.072784424E-1,-1.026281738E1,4.429107666E0
6.707452693E0,-3.445739746E-1,-9.992431641E0,4.395614624E0
6.709833064E0,-1.962127686E-1,-9.676574707E0,4.359725952E0
6.712243953E0,-1.124572754E-1,-9.291336060E0,4.321441650E0
6.714654842E0,4.067993164E-2,-8.939590454E0,4.256835938E0
6.717065730E0,9.571838379E-2,-8.630905151E0,4.173080444E0
6.719446101E0,5.264282227E-2,-8.355743408E0,4.132400513E0
6.721856990E0,-1.914978027E-2,-8.176269531E0,4.072586060E0
6.724267879E0,-1.244201660E-1,-8.152343750E0,3.991226196E0
6.726678767E0,-1.579284668E-1,-8.001602173E0,3.996017456E0
6.729089656E0,-1.004943848E-1,-7.855636597E0,4.022338867E0
6.731470027E0,0.000000000E0,-7.721633911E0,3.964904785E0
6.733880916E0,6.460571289E-2,-7.625930786E0,3.893127441E0
6.736291805E0,9.809875488E-2,-7.566101074E0,3.814163208E0
6.738702693E0,1.746826172E-1,-7.523040771E0,3.665802002E0
6.741083064E0,2.033843994E-1,-7.439285278E0,3.498306274E0
6.743493953E0,2.273254395E-1,-7.365112305E0,3.318847656E0
6.745904842E0,2.368927002E-1,-7.286148071E0,3.113067627E0
6.748315730E0,2.823486328E-1,-7.245468140E0,2.926422119E0
6.750696101E0,3.086700439E-1,-7.271789551E0,2.670394897E0
6.753106990E0,3.780670166E-1,-7.264602661E0,2.483749390E0
6.755517879E0,4.618072510E-1,-7.355529785E0,2.282745361E0
6.757928767E0,5.503540039E-1,-7.451248169E0,2.081756592E0
6.760339656E0,7.154541016E-1,-7.566101074E0,1.811370850E0
6.762720027E0,8.374938965E-1,-7.726425171E0,1.572082520E0
6.765130916E0,9.595184326E-1,-7.901107788E0,1.294509888E0
6.767541805E0,1.093521118E0,-8.051849365E0,1.064804077E0
6.769952693E0,1.153335571E0,-8.245666504E0,8.518524170E-1
6.772333064E0,1.237091064E0,-8.449050903E0,6.628112793E-1
6.774743953E0,1.191619873E0,-8.580657959E0,5.048828125E-1
6.777154842E0,1.172485352E0,-8.688339233E0,4.091796875E-1
6.779565730E0,1.093521118E0,-8.760131836E0,3.637084961E-1
6.781946101E0,1.050445557E0,-8.839080811E0,3.445739746E-1
6.784356990E0,1.040878296E0,-8.918045044E0,3.302154541E-1
6.786767879E0,1.050445557E0,-8.946762085E0,3.278198242E-1
6.789178767E0,1.048049927E0,-8.968292236E0,3.325958252E-1
6.791559139E0,1.024124146E0,-8.956329346E0,3.876342773E-1
6.793970027E0,9.906311035E-1,-8.985046387E0,4.259185791E-1
6.796380916E0,9.738769531E-1,-8.922836304E0,5.240325928E-1
6.798791805E0,9.212341309E-1,-8.851058960E0,6.628112793E-1
6.801202693E0,8.949127197E-1,-8.776870728E0,8.255310059E-1
6.803583064E0,8.733825684E-1,-8.688339233E0,9.667053223E-1
6.805993953E0,9.355926514E-1,-8.611770630E0,1.141372681E0
6.808404842E0,1.031311035E0,-8.494522095E0,1.330413818E0
6.810815730E0,1.146163940E0,-8.398803711E0,1.529006958E0
6.813196101E0,1.282546997E0,-8.274383545E0,1.703689575E0
6.815606990E0,1.308868408E0,-8.161911011E0,1.909469604E0
6.818017879E0,1.464401245E0,-8.114059448E0,2.062606812E0
6.820428767E0,1.562515259E0,-8.114059448E0,2.148757935E0
6.822839656E0,1.605590820E0,-8.070983887E0,2.222930908E0
6.825220027E0,1.651046753E0,-8.073379517E0,2.356933594E0
6.827630916E0,1.600799561E0,-8.075775146E0,2.457427979E0
6.830041805E0,1.538589478E0,-8.118850708E0,2.531600952E0
6.832452693E0,1.430908203E0,-8.178665161E0,2.572280884E0
6.834833064E0,1.261016846E0,-8.248062134E0,2.648849487E0
6.837243953E0,1.074371338E0,-8.317459106E0,2.739776611E0
6.839654842E0,8.877410889E-1,-8.398803711E0,2.871383667E0
6.842065730E0,6.245269775E-1,-8.461029053E0,3.046066284E0
6.844446101E0,3.924255371E-1,-8.487335205E0,3.290130615E0
6.846856990E0,2.225341797E-1,-8.587844849E0,3.586837769E0
6.849267879E0,-2.871704102E-2,-8.657226562E0,3.900299072E0
6.851678767E0,-2.057800293E-1,-8.695510864E0,4.323837280E0
6.854089656E0,-2.775726318E-1,-8.769699097E0,4.675582886E0
6.856470027E0,-3.541412354E-1,-8.858230591E0,4.996215820E0
6.858880916E0,-3.182525635E-1,-8.994613647E0,5.328811646E0
6.861291805E0,-2.584228516E-1,-9.068801880E0,5.596817017E0
6.863702693E0,-1.196289062E-2,-9.183654785E0,5.840881348E0
6.866083064E0,-2.392578125E-2,-9.226730347E0,6.123229980E0
6.868493953E0,7.177734375E-2,-9.312866211E0,6.388839722E0
6.870904842E0,8.613586426E-2,-9.334396362E0,6.513259888E0
6.873315730E0,1.674957275E-1,-9.334396362E0,6.714263916E0
6.875696101E0,2.344970703E-1,-9.300903320E0,6.888931274E0
6.878106990E0,4.307098389E-1,-9.334396362E0,7.034896851E0
6.880517879E0,5.814514160E-1,-9.291336060E0,7.314865112E0
6.882928767E0,5.383911133E-1,-9.147766113E0,7.537399292E0
6.885309139E0,7.680969238E-1,-9.092727661E0,7.633102417E0
6.887720027E0,7.561340332E-1,-8.951553345E0,7.872390747E0
6.890130916E0,5.910339355E-1,-8.690734863E0,8.085342407E0
6.892541805E0,3.589172363E-1,-8.449050903E0,8.276779175E0
6.894952693E0,3.110656738E-1,-8.305480957E0,8.348556519E0
6.897333064E0,2.919311523E-1,-8.164306641E0,8.401199341E0
6.899743953E0,7.177734375E-2,-7.972885132E0,8.389236450E0
6.902154842E0,-1.698913574E-1,-7.740783691E0,8.343780518E0
6.904565730E0,-3.708801270E-1,-7.558929443E0,8.260025024E0
6.906946101E0,-6.077728271E-1,-7.365112305E0,8.106887817E0
6.909356990E0,-8.542327881E-1,-7.178466797E0,7.929809570E0
6.911767879E0,-1.079162598E0,-7.013366699E0,7.721633911E0
6.914178767E0,-1.318450928E0,-6.920043945E0,7.468002319E0
6.916589656E0,-1.641479492E0,-6.857833862E0,7.228713989E0
6.919000545E0,-1.887939453E0,-6.884155273E0,6.934402466E0
6.921411434E0,-2.048263550E0,-7.039688110E0,6.683151245E0
6.923822322E0,-2.151153564E0,-7.300506592E0,6.434295654E0
6.926233211E0,-2.254043579E0,-7.621139526E0,6.264404297E0
6.928613582E0,-2.347366333E0,-8.027923584E0,6.180664062E0
6.931024471E0,-2.407180786E0,-8.487335205E0,6.171096802E0
6.933435359E0,-2.399993896E0,-8.937194824E0,6.235702515E0
6.935846248E0,-2.457427979E0,-9.343978882E0,6.434295654E0
6.938226619E0,-2.519638062E0,-9.635894775E0,6.690338135E0
6.940637508E0,-2.660812378E0,-9.805786133E0,7.010971069E0
6.943048396E0,-2.751739502E0,-9.832107544E0,7.231109619E0
6.945459285E0,-2.737396240E0,-9.767501831E0,7.436889648E0
6.947839656E0,-2.450256348E0,-9.753143311E0,7.530212402E0
6.950250545E0,-1.947753906E0,-9.834503174E0,7.633102417E0
6.952661434E0,-1.232299805E0,-9.985244751E0,7.738388062E0
6.955072322E0,-4.761657715E-1,-1.024366760E1,7.733596802E0
6.957483211E0,4.791259766E-3,-1.038006592E1,7.683349609E0
6.959863582E0,2.943115234E-1,-1.039202881E1,7.499099731E0
6.962274471E0,4.307098389E-1,-1.036091614E1,7.185653687E0
6.964685359E0,3.780670166E-1,-1.024366760E1,6.781265259E0
6.967096248E0,3.230285645E-1,-1.006660461E1,6.436691284E0
6.969476619E0,4.689941406E-1,-9.879959106E0,6.046661377E0
6.971887508E0,7.465667725E-1,-9.707687378E0,5.714065552E0
6.974298396E0,1.117446899E0,-9.518646240E0,5.412567139E0
6.976709285E0,1.385437012E0,-9.274581909E0,5.242675781E0
6.979089656E0,1.663009644E0,-9.030517578E0,5.084747314E0
6.981500545E0,1.837692261E0,-8.762512207E0,4.984252930E0
6.983911434E0,1.899902344E0,-8.487335205E0,4.953140259E0
6.986322322E0,1.935791016E0,-8.269592285E0,4.934005737E0
6.988733211E0,2.012359619E0,-8.092529297E0,4.941177368E0
6.991113582E0,2.127212524E0,-7.953735352E0,4.953140259E0
6.993524471E0,2.333007812E0,-7.896316528E0,4.965103149E0
6.995935359E0,2.634490967E0,-7.862808228E0,4.974685669E0
6.998346248E0,3.005386353E0,-7.893920898E0,5.036895752E0
7.000726619E0,3.349945068E0,-7.929809570E0,5.091934204E0
7.003137508E0,3.543777466E0,-7.939392090E0,5.034500122E0
7.005548396E0,3.625122070E0,-7.925033569E0,4.883758545E0
7.007959285E0,3.584442139E0,-7.879562378E0,4.570297241E0
7.010339656E0,3.495910645E0,-7.800598145E0,4.091720581E0
7.012750545E0,3.345169067E0,-7.678573608E0,3.536590576E0
7.015161434E0,3.194412231E0,-7.575683594E0,2.902496338E0
7.017572322E0,3.053237915E0,-7.489532471E0,2.287536621E0
7.019983211E0,2.955139160E0,-7.458435059E0,1.715652466E0
7.022363582E0,2.880966187E0,-7.544570923E0,1.275375366E0
7.024774471E0,2.818740845E0,-7.709671021E0,8.853454590E-1
7.027185359E0,2.708679199E0,-8.047058105E0,5.503540039E-1
7.029596248E0,2.660812378E0,-8.563919067E0,1.603240967E-1
7.031976619E0,2.605789185E0,-9.233901978E0,-1.962127686E-1
7.034387508E0,2.376068115E0,-9.978073120E0,-4.163513184E-1
7.036798396E0,1.986038208E0,-1.081317139E1,-4.331054688E-1
7.039209285E0,1.557723999E0,-1.176550293E1,-3.230285645E-1
7.041589656E0,1.174880981E0,-1.275852966E1,-7.656860352E-2
7.044000545E0,8.733825684E-1,-1.375633240E1,2.273254395E-1
7.046411434E0,6.221313477E-1,-1.472782898E1,4.785614014E-1
7.048822322E0,1.866455078E-1,-1.580937195E1,7.106628418E-1
7.051233211E0,-5.048828125E-1,-1.697708130E1,8.853454590E-1
7.053613582E0,-1.227523804E0,-1.815434265E1,1.014556885E0
7.056024471E0,-1.878372192E0,-1.928375244E1,1.170089722E0
7.058435359E0,-2.376068115E0,-2.029113770E1,1.282546997E0
7.060846248E0,-2.675170898E0,-2.118365479E1,1.375869751E0
7.063226619E0,-2.914459229E0,-2.201875305E1,1.517044067E0
7.065637508E0,-3.160919189E0,-2.273899841E1,1.658233643E0
7.068048396E0,-3.409774780E0,-2.334916687E1,1.737182617E0
7.070459285E0,-3.723236084E0,-2.383012390E1,1.713256836E0
7.072839656E0,-4.223327637E0,-2.424407959E1,1.679763794E0
7.075250545E0,-4.795211792E0,-2.462214661E1,1.701293945E0
7.077661434E0,-5.276168823E0,-2.481117249E1,1.739578247E0
7.080072322E0,-5.553741455E0,-2.493321228E1,1.689331055E0
7.082483211E0,-5.702102661E0,-2.501217651E1,1.770690918E0
7.084863582E0,-5.797805786E0,-2.494277954E1,1.818542480E0
7.087274471E0,-6.020339966E0,-2.469154358E1,1.969299316E0
7.089685359E0,-6.178268433E0,-2.429193115E1,2.148757935E0
7.092096248E0,-6.008377075E0,-2.379901123E1,2.258819580E0
7.094476619E0,-5.608779907E0,-2.321038818E1,2.187042236E0
7.096887508E0,-5.144561768E0,-2.251167297E1,2.093719482E0
7.099298396E0,-4.409973145E0,-2.163591003E1,2.026718140E0
7.101709285E0,-3.842880249E0,-2.066201782E1,1.966903687E0
7.104089656E0,-3.505477905E0,-1.952064514E1,1.897506714E0
7.106500545E0,-2.950347900E0,-1.831466675E1,1.954940796E0
7.108911434E0,-2.399993896E0,-1.713500977E1,2.038681030E0
7.111322322E0,-1.629516602E0,-1.596492004E1,1.899902344E0
7.113733211E0,-8.661956787E-1,-1.497668457E1,1.756332397E0
7.116113582E0,-5.264282227E-1,-1.404347229E1,1.646255493E0
7.118524471E0,-3.445739746E-1,-1.317488098E1,1.643875122E0
7.120935359E0,-1.746826172E-1,-1.244985962E1,1.777862549E0
7.123346248E0,2.392578125E-2,-1.180378723E1,1.919036865E0
7.125726619E0,3.230285645E-1,-1.127737427E1,1.986038208E0
7.128137508E0,5.694885254E-1,-1.084187317E1,1.919036865E0
7.130548396E0,7.322082520E-1,-1.048056030E1,1.708480835E0
7.132959285E0,9.020996094E-1,-1.020538330E1,1.442871094E0
7.135339656E0,1.131805420E0,-1.006660461E1,1.127014160E0
7.137750545E0,1.392623901E0,-1.000439453E1,7.513427734E-1
7.140161434E0,1.749160767E0,-9.951751709E0,3.349914551E-1
7.142572322E0,1.928619385E0,-9.944564819E0,-1.770629883E-1
7.144952693E0,2.074584961E0,-9.985244751E0,-6.771697998E-1
7.147363582E0,2.165512085E0,-9.961318970E0,-1.158126831E0
7.149774471E0,2.368896484E0,-9.923034668E0,-1.646255493E0
7.152185359E0,2.526824951E0,-9.908676147E0,-2.187042236E0
7.154596248E0,2.679962158E0,-9.920639038E0,-2.785247803E0
7.156976619E0,2.608169556E0,-9.915863037E0,-3.424133301E0
7.159387508E0,1.375869751E0,-9.975677490E0,-3.570098877E0
7.161798396E0,1.761123657E0,-9.798614502E0,-4.156326294E0
7.164209285E0,2.629714966E0,-9.564117432E0,-4.230514526E0
7.166589656E0,2.818740845E0,-9.434906006E0,-4.285552979E0
7.169000545E0,3.017349243E0,-9.288940430E0,-4.400405884E0
7.171411434E0,3.278167725E0,-9.142974854E0,-4.479370117E0
7.173822322E0,3.345169067E0,-8.973083496E0,-4.213760376E0
7.176202693E0,3.132202148E0,-8.798416138E0,-3.840484619E0
7.178613582E0,2.675170898E0,-8.616561890E0,-3.527023315E0
7.181024471E0,1.840087891E0,-8.264816284E0,-3.421737671E0
7.183435359E0,2.148757935E0,-7.977676392E0,-2.644073486E0
7.185846248E0,2.574676514E0,-7.901107788E0,-1.105484009E0
7.188226619E0,2.486145020E0,-7.872390747E0,-4.426727295E-1
7.190637508E0,1.519439697E0,-7.757537842E0,-7.250213623E-1
7.193048396E0,1.835296631E0,-7.582855225E0,-5.910339355E-1
7.195459285E0,2.871383667E0,-7.664215088E0,-3.780670166E-1
7.197839656E0,2.892929077E0,-7.678573608E0,-5.216369629E-1
7.200250545E0,2.567504883E0,-7.599609375E0,-1.986083984E-1
7.202661434E0,2.287536621E0,-7.573287964E0,2.679901123E-1
7.205072322E0,1.928619385E0,-7.599609375E0,3.445739746E-1
7.207483211E0,1.651046753E0,-7.582855225E0,1.340026855E-1
7.209894100E0,1.481155396E0,-7.525421143E0,-5.981445312E-2
7.212304988E0,1.308868408E0,-7.487136841E0,-1.531372070E-1
7.214715877E0,1.098312378E0,-7.386642456E0,-2.656097412E-1
7.217126766E0,9.260253906E-1,-7.343566895E0,-3.397827148E-1
7.219507137E0,7.776641846E-1,-7.319641113E0,-3.804626465E-1
7.221918025E0,6.484527588E-1,-7.317245483E0,-4.139556885E-1
7.224328914E0,5.455627441E-1,-7.307678223E0,-4.307098389E-1
7.226739803E0,5.001068115E-1,-7.333999634E0,-4.115600586E-1
7.229120174E0,4.642028809E-1,-7.343566895E0,-3.278198242E-1
7.231531062E0,4.307098389E-1,-7.391433716E0,-2.416687012E-1
7.233941951E0,3.780670166E-1,-7.408172607E0,-6.700134277E-2
7.236352840E0,2.560272217E-1,-7.446456909E0,9.809875488E-2
7.238733211E0,9.571838379E-2,-7.446456909E0,3.756713867E-1
7.241144100E0,-1.196289062E-2,-7.420150757E0,6.340942383E-1
7.243554988E0,-1.770629883E-1,-7.396209717E0,9.954071045E-1
7.245965877E0,-3.924255371E-1,-7.333999634E0,1.462020874E0
7.248376766E0,-6.484527588E-1,-7.305282593E0,1.950149536E0
7.250757137E0,-9.164581299E-1,-7.264602661E0,2.438293457E0
7.253168025E0,-1.138977051E0,-7.149749756E0,3.005386353E0
7.255578914E0,-1.452438354E0,-7.077972412E0,3.610763550E0
7.257989803E0,-1.713256836E0,-7.068405151E0,4.146759033E0
7.260370174E0,-1.964508057E0,-7.013366699E0,4.615753174E0
7.262781062E0,-2.158325195E0,-6.972686768E0,5.058425903E0
7.265191951E0,-2.443069458E0,-6.884155273E0,5.481964111E0
7.267602840E0,-2.667999268E0,-6.795623779E0,5.771484375E0
7.269983211E0,-2.835494995E0,-6.690338135E0,5.989242554E0
7.272394100E0,-2.986236572E0,-6.561126709E0,6.195022583E0
7.274804988E0,-3.079559326E0,-6.477371216E0,6.422332764E0
7.277215877E0,-3.125030518E0,-6.458221436E0,6.546768188E0
7.279626766E0,-3.175277710E0,-6.376876831E0,6.592224121E0
7.282007137E0,-3.227920532E0,-6.305084229E0,6.568298340E0
7.284418025E0,-3.232696533E0,-6.233306885E0,6.563507080E0
7.286828914E0,-3.153747559E0,-6.104095459E0,6.458221436E0
7.289239803E0,-3.148956299E0,-5.970092773E0,6.374481201E0
7.291620174E0,-3.098709106E0,-5.886337280E0,6.264404297E0
7.294031062E0,-2.988632202E0,-5.761917114E0,6.118453979E0
7.296441951E0,-2.845062256E0,-5.606384277E0,5.924636841E0
7.298852840E0,-2.775680542E0,-5.426925659E0,5.714065552E0
7.301233211E0,-2.665603638E0,-5.259429932E0,5.465209961E0
7.303644100E0,-2.550750732E0,-5.065612793E0,5.127822876E0
7.306054988E0,-2.507675171E0,-4.950744629E0,4.835891724E0
7.308465877E0,-2.462219238E0,-4.840682983E0,4.491333008E0
7.310876766E0,-2.373687744E0,-4.749755859E0,4.096511841E0
7.313257137E0,-2.249252319E0,-4.699508667E0,3.677764893E0
7.315668025E0,-2.086547852E0,-4.680358887E0,3.273376465E0
7.318078914E0,-1.940582275E0,-4.682754517E0,2.852249146E0
7.320489803E0,-1.782653809E0,-4.721038818E0,2.426315308E0
7.322870174E0,-1.622329712E0,-4.766510010E0,2.012359619E0
7.325281062E0,-1.471588135E0,-4.862213135E0,1.586441040E0
7.327691951E0,-1.296905518E0,-4.960327148E0,1.136596680E0
7.330102840E0,-1.122238159E0,-5.108673096E0,7.752685547E-1
7.332483211E0,-9.978027344E-1,-5.268997192E0,4.091796875E-1
7.334894100E0,-8.901367188E-1,-5.376678467E0,1.579284668E-1
7.337304988E0,-7.369842529E-1,-5.534591675E0,-5.024719238E-2
7.339715877E0,-5.527496338E-1,-5.651840210E0,-1.459655762E-1
7.342126766E0,-4.235229492E-1,-5.793029785E0,-1.387786865E-1
7.344507137E0,-3.062744141E-1,-5.941375732E0,-1.914978027E-2
7.346918025E0,-1.579284668E-1,-6.068191528E0,1.268157959E-1
7.349328914E0,-2.153015137E-2,-6.178268433E0,2.823486328E-1
7.351739803E0,1.268157959E-1,-6.329010010E0,4.378814697E-1
7.354120174E0,2.368927002E-1,-6.443878174E0,6.460571289E-1
7.356531062E0,3.254241943E-1,-6.534805298E0,8.733825684E-1
7.358941951E0,3.852386475E-1,-6.623336792E0,1.045669556E0
7.361352840E0,4.546356201E-1,-6.726226807E0,1.304092407E0
7.363733211E0,4.689941406E-1,-6.824325562E0,1.612762451E0
7.366144100E0,4.665985107E-1,-6.905685425E0,1.990829468E0
7.368554988E0,4.211425781E-1,-6.934402466E0,2.443069458E0
7.370965877E0,4.091796875E-1,-6.972686768E0,2.964706421E0
7.373376766E0,4.259185791E-1,-7.037292480E0,3.527023315E0
7.375757137E0,5.910339355E-1,-7.135391235E0,4.149154663E0
7.378168025E0,8.542327881E-1,-7.214355469E0,4.764114380E0
7.380578914E0,1.167694092E0,-7.310073853E0,5.426925659E0
7.382989803E0,1.490722656E0,-7.403396606E0,6.104095459E0
7.385370174E0,1.859222412E0,-7.511077881E0,6.798004150E0
7.387781062E0,2.282745361E0,-7.652252197E0,7.470397949E0
7.390191951E0,2.708679199E0,-7.843673706E0,8.149948120E0
7.392602840E0,3.175277710E0,-8.039886475E0,8.831909180E0
7.394983211E0,3.651443481E0,-8.293518066E0,9.473190308E0
7.397394100E0,4.125228882E0,-8.559127808E0,1.000917053E1
7.399804988E0,4.637283325E0,-8.831909180E0,1.048056030E1
7.402215877E0,5.103897095E0,-9.107086182E0,1.082752991E1
7.404626766E0,5.596817017E0,-9.372680664E0,1.106202698E1
7.407007137E0,6.123229980E0,-9.604797363E0,1.112663269E1
7.409418025E0,6.671188354E0,-9.765106201E0,1.110269165E1
7.411828914E0,7.144973755E0,-9.875183105E0,1.099740601E1
7.414239803E0,7.745559692E0,-9.999603271E0,1.083949280E1
7.416620174E0,8.336593628E0,-1.009053040E1,1.062892151E1
7.419031062E0,8.951553345E0,-1.015513611E1,1.032502747E1
7.421441951E0,9.533004761E0,-1.022453308E1,9.978073120E0
7.423852840E0,1.001156616E1,-1.034178162E1,9.578475952E0
7.426233211E0,1.048295593E1,-1.047338867E1,9.176467896E0
7.428644100E0,1.092323303E1,-1.059063721E1,8.807983398E0
7.431054988E0,1.133958435E1,-1.070069885E1,8.487335205E0
7.433465877E0,1.157168579E1,-1.089930725E1,8.231307983E0
7.435876766E0,1.176072693E1,-1.110748291E1,8.032699585E0
7.438257137E0,1.189233398E1,-1.128454590E1,7.946563721E0
7.440668025E0,1.193301392E1,-1.151426697E1,7.984848022E0
7.443078914E0,1.190907288E1,-1.169851685E1,8.171493530E0
7.445489803E0,1.179421997E1,-1.181576538E1,8.465805054E0
7.447870174E0,1.154058838E1,-1.187557983E1,8.891723633E0
7.450281062E0,1.113619995E1,-1.185165405E1,9.336791992E0
7.452691951E0,1.064567566E1,-1.171765137E1,9.724426270E0
7.455102840E0,1.004507446E1,-1.152862549E1,1.010009766E1
7.457483211E0,9.420547485E0,-1.126301575E1,1.036570740E1
7.459894100E0,8.755340576E0,-1.099263000E1,1.049012756E1
7.462304988E0,8.056640625E0,-1.068156433E1,1.052603149E1
7.464715877E0,7.329208374E0,-1.038963318E1,1.044946289E1
7.467126766E0,6.613769531E0,-1.006420898E1,1.038246155E1
7.469507137E0,5.919845581E0,-9.798614502E0,1.020060730E1
7.471918025E0,5.271392822E0,-9.542572021E0,9.946960449E0
7.474328914E0,4.627716064E0,-9.315261841E0,9.602401733E0
7.476739803E0,4.041473389E0,-9.131011963E0,9.200408936E0
7.479120174E0,3.467193604E0,-8.994613647E0,8.599807739E0
7.481531062E0,2.981460571E0,-8.961120605E0,7.925033569E0
7.483941951E0,2.589035034E0,-8.994613647E0,7.104293823E0
7.486352840E0,2.234893799E0,-9.109481812E0,6.147155762E0
7.488763728E0,1.921432495E0,-9.379867554E0,4.996215820E0
7.491174617E0,1.677368164E0,-9.755538940E0,3.768692017E0
7.493585506E0,1.430908203E0,-1.021017456E1,2.670394897E0
7.495996394E0,1.150955200E0,-1.066960144E1,1.536193848E0
7.498407283E0,9.140625000E-1,-1.106440735E1,5.024871826E-1
7.500787654E0,6.628112793E-1,-1.141137695E1,-4.067840576E-1
7.503198543E0,4.809570312E-1,-1.170089722E1,-1.124633789E0
7.505609432E0,3.373870850E-1,-1.187318420E1,-1.643875122E0
7.508020320E0,2.727813721E-1,-1.196650696E1,-1.954940796E0
7.510400691E0,2.464599609E-1,-1.195454407E1,-2.055435181E0
7.512811580E0,2.584228516E-1,-1.183010864E1,-1.909469604E0
7.515222469E0,3.637084961E-1,-1.160519409E1,-1.507476807E0
7.517633357E0,5.168457031E-1,-1.126541138E1,-8.183441162E-1
7.520013728E0,7.441711426E-1,-1.091127014E1,1.148529053E-1
7.522424617E0,1.000198364E0,-1.051167297E1,1.182052612E0
7.524835506E0,1.215560913E0,-1.005943298E1,2.280364990E0
7.527246394E0,1.447662354E0,-9.609573364E0,3.424133301E0
7.529626766E0,1.734802246E0,-9.255432129E0,4.481750488E0
7.532037654E0,2.096115112E0,-8.980270386E0,5.513061523E0
7.534448543E0,2.548355103E0,-8.707489014E0,6.525222778E0
7.536859432E0,3.041275024E0,-8.556732178E0,7.448852539E0
7.539270320E0,3.572479248E0,-8.599807739E0,8.269592285E0
7.541650691E0,4.091720581E0,-8.932403564E0,8.791229248E0
7.544061580E0,4.457824707E0,-9.439682007E0,9.133407593E0
7.546472469E0,4.699508667E0,-1.009292603E1,9.164505005E0
7.548883357E0,4.783248901E0,-1.081317139E1,8.867797852E0
7.551263728E0,4.857437134E0,-1.141854858E1,8.300704956E0
7.553674617E0,4.871780396E0,-1.188754272E1,7.700103760E0
7.556085506E0,4.417144775E0,-1.225364685E1,6.853042603E0
7.558496394E0,3.838088989E0,-1.240200806E1,5.836090088E0
7.560876766E0,2.909667969E0,-1.232304382E1,4.737792969E0
7.563287654E0,1.921432495E0,-1.200000000E1,3.574874878E0
7.565698543E0,8.542327881E-1,-1.151666260E1,2.605789185E0
7.568109432E0,-2.727813721E-1,-1.093280029E1,1.804183960E0
7.570520320E0,-1.356735229E0,-1.035614014E1,9.499511719E-1
7.572900691E0,-2.239685059E0,-9.824935913E0,2.010040283E-1
7.575311580E0,-3.084350586E0,-9.442077637E0,-5.359954834E-1
7.577722469E0,-3.897903442E0,-9.181259155E0,-1.342376709E0
7.580133357E0,-4.661224365E0,-9.028121948E0,-2.060226440E0
7.582513728E0,-5.620742798E0,-9.056838989E0,-2.629714966E0
7.584924617E0,-6.568298340E0,-9.195617676E0,-3.160919189E0
7.587335506E0,-7.257431030E0,-9.408584595E0,-3.495910645E0
7.589746394E0,-7.640289307E0,-9.748352051E0,-3.495910645E0
7.592157283E0,-7.910675049E0,-1.017189026E1,-3.074783325E0
7.594537654E0,-7.862808228E0,-1.058824158E1,-2.409576416E0
7.596948543E0,-7.752746582E0,-1.084187317E1,-1.830505371E0
7.599359432E0,-7.719253540E0,-1.110031128E1,-1.115051270E0
7.601770320E0,-7.448852539E0,-1.127976990E1,-4.785614014E-1
7.604150691E0,-7.190429688E0,-1.150230408E1,1.196289062E-2
7.606561580E0,-7.070785522E0,-1.161715698E1,3.995971680E-1
7.608972469E0,-7.010971069E0,-1.173200989E1,6.101684570E-1
7.611383357E0,-6.618545532E0,-1.175593567E1,8.135528564E-1
7.613763728E0,-6.020339966E0,-1.172961426E1,1.115051270E0
7.616174617E0,-5.654235840E0,-1.160758972E1,1.380661011E0
7.618585506E0,-5.393417358E0,-1.138505554E1,1.464401245E0
7.620996394E0,-5.161315918E0,-1.121994019E1,1.507476807E0
7.623376766E0,-5.029708862E0,-1.113140869E1,1.603195190E0
7.625787654E0,-4.630111694E0,-1.105963135E1,1.751541138E0
7.628198543E0,-4.237686157E0,-1.097587585E1,1.842468262E0
7.630609432E0,-3.964904785E0,-1.091366577E1,1.986038208E0
7.633020320E0,-3.558120728E0,-1.095674133E1,2.029113770E0
7.635400691E0,-3.146560669E0,-1.097587585E1,2.084152222E0
7.637811580E0,-2.591430664E0,-1.101895142E1,2.112869263E0
7.640222469E0,-2.017150879E0,-1.108595276E1,2.287536621E0
7.642633357E0,-1.493118286E0,-1.119123840E1,2.471786499E0
7.645013728E0,-8.255310059E-1,-1.127497864E1,2.670394897E0
7.647424617E0,-1.220397949E-1,-1.146640015E1,2.706283569E0
7.649835506E0,8.518524170E-1,-1.154298401E1,2.816345215E0
7.652246394E0,1.473983765E0,-1.149272156E1,2.912063599E0
7.654626766E0,2.165512085E0,-1.137547302E1,3.002990723E0
7.657037654E0,1.978866577E0,-1.141137695E1,3.036499023E0
7.659448543E0,1.452438354E0,-1.144726562E1,3.223129272E0
7.661859432E0,1.332809448E0,-1.136590576E1,3.196807861E0
7.664270320E0,1.311264038E0,-1.123908997E1,3.041275024E0
7.666650691E0,1.213165283E0,-1.107876587E1,2.830703735E0
7.669061580E0,1.198806763E0,-1.081555176E1,2.565109253E0
7.671472469E0,1.244262695E0,-1.051167297E1,2.311462402E0
7.673883357E0,1.316055298E0,-1.024366760E1,2.108078003E0
7.676263728E0,1.373474121E0,-1.000199890E1,1.983642578E0
7.678674617E0,1.332809448E0,-9.810577393E0,2.009963989E0
7.681085506E0,1.330413818E0,-9.614364624E0,2.153533936E0
7.683496394E0,1.227523804E0,-9.434906006E0,2.349746704E0
7.685876766E0,1.083953857E0,-9.399002075E0,2.723037720E0
7.688287654E0,1.146163940E0,-9.494720459E0,3.278167725E0
7.690698543E0,1.502685547E0,-9.487548828E0,3.677764893E0
7.693109432E0,1.684539795E0,-9.511474609E0,3.905090332E0
7.695520320E0,1.682159424E0,-9.525833130E0,4.177871704E0
7.697900691E0,1.782653809E0,-9.578475952E0,4.357330322E0
7.700311580E0,1.667800903E0,-9.671783447E0,4.362121582E0
7.702722469E0,1.205978394E0,-9.779464722E0,4.433898926E0
7.705102840E0,6.197357178E-1,-9.901504517E0,4.632507324E0
7.707513728E0,1.316070557E-1,-9.992431641E0,4.922042847E0
7.709924617E0,-9.809875488E-2,-1.005943298E1,5.123031616E0
7.712335506E0,-9.332275391E-2,-1.015036011E1,5.209182739E0
7.714746394E0,2.201385498E-1,-1.020538330E1,5.156539917E0
7.717126766E0,5.599212646E-1,-1.017906189E1,5.070388794E0
7.719537654E0,7.633056641E-1,-1.014796448E1,5.053634644E0
7.721948543E0,1.091125488E0,-1.010968018E1,5.053634644E0
7.724359432E0,1.308868408E0,-1.010249329E1,5.163711548E0
7.726770320E0,1.141372681E0,-9.985244751E0,5.254638672E0
7.729150691E0,1.127014160E0,-9.834503174E0,5.371887207E0
7.731561580E0,7.058868408E-1,-9.836898804E0,4.469787598E0
7.733972469E0,-2.608184814E-1,-9.791427612E0,4.067794800E0
7.736383357E0,-1.763504028E0,-9.494720459E0,4.175476074E0
7.738763728E0,-2.991027832E0,-9.305694580E0,4.615753174E0
7.741174617E0,-4.716247559E0,-9.253051758E0,4.474578857E0
7.743585506E0,-5.864807129E0,-9.164505005E0,4.666000366E0
7.745996394E0,-6.192626953E0,-9.243469238E0,5.108673096E0
7.748376766E0,-6.527618408E0,-9.358322144E0,5.266601562E0
7.750787654E0,-6.936798096E0,-9.518646240E0,5.302490234E0
7.753198543E0,-7.278961182E0,-9.726821899E0,5.343170166E0
7.755609432E0,-7.439285278E0,-9.934997559E0,5.412567139E0
7.758020320E0,-7.271789551E0,-1.015513611E1,5.448455811E0
7.760400691E0,-6.350555420E0,-1.027478027E1,5.161315918E0
7.762811580E0,-5.529815674E0,-1.070549011E1,3.699310303E0
7.765222469E0,-5.252243042E0,-1.126062012E1,2.780456543E0
7.767633357E0,-5.474777222E0,-1.162432861E1,3.316452026E0
7.770013728E0,-5.472381592E0,-1.211486816E1,3.259017944E0
7.772424617E0,-5.091934204E0,-1.235174561E1,2.517242432E0
7.774835506E0,-4.414764404E0,-1.242114258E1,1.567306519E0
7.777246394E0,-3.457626343E0,-1.239242554E1,1.071990967E0
7.779657283E0,-2.469390869E0,-1.222013855E1,9.331970215E-1
7.782068172E0,-1.665405273E0,-1.200000000E1,1.165298462E0
7.784479060E0,-1.016952515E0,-1.172721863E1,1.658233643E0
7.786889949E0,-5.264282227E-1,-1.141137695E1,2.191818237E0
7.789300838E0,-1.292114258E-1,-1.104287720E1,2.593826294E0
7.791681209E0,1.722869873E-1,-1.063369751E1,2.921630859E0
7.794092098E0,3.756713867E-1,-1.028195190E1,3.110671997E0
7.796502986E0,5.670928955E-1,-9.954147339E0,3.321243286E0
7.798913875E0,7.130584717E-1,-9.657424927E0,3.469589233E0
7.801294246E0,7.920227051E-1,-9.367904663E0,3.498306274E0
7.803705135E0,9.068756104E-1,-9.056838989E0,3.534194946E0
7.806116023E0,1.040878296E0,-8.733810425E0,3.534194946E0
7.808526912E0,1.182052612E0,-8.384445190E0,3.546157837E0
7.810907283E0,1.308868408E0,-8.102096558E0,3.589233398E0
7.813318172E0,1.392623901E0,-7.922637939E0,3.613159180E0
7.815729060E0,1.452438354E0,-7.695312500E0,3.608383179E0
7.818139949E0,1.426116943E0,-7.489532471E0,3.586837769E0
7.820520320E0,1.406982422E0,-7.412963867E0,3.524627686E0
7.822931209E0,1.330413818E0,-7.362716675E0,3.450454712E0
7.825342098E0,1.225128174E0,-7.345962524E0,3.371490479E0
7.827752986E0,1.153335571E0,-7.326828003E0,3.259017944E0
7.830163875E0,1.064804077E0,-7.338790894E0,3.170486450E0
7.832544246E0,1.014556885E0,-7.396209717E0,3.096313477E0
7.834955135E0,1.000198364E0,-7.468002319E0,3.022140503E0
7.837366023E0,8.997039795E-1,-7.535003662E0,2.885742188E0
7.839776912E0,7.968139648E-1,-7.604385376E0,2.799606323E0
7.842157283E0,7.298126221E-1,-7.676177979E0,2.660812378E0
7.844568172E0,6.077728271E-1,-7.776672363E0,2.507675171E0
7.846979060E0,5.479583740E-1,-7.896316528E0,2.321044922E0
7.849389949E0,4.546356201E-1,-7.951354980E0,2.146362305E0
7.851800838E0,4.091796875E-1,-7.977676392E0,1.933395386E0
7.854181209E0,3.278198242E-1,-8.049453735E0,1.756332397E0
7.856592098E0,3.158569336E-1,-8.104492188E0,1.524230957E0
7.859002986E0,2.608184814E-1,-8.152343750E0,1.373474121E0
7.861413875E0,2.129669189E-1,-8.176269531E0,1.244262695E0
7.863794246E0,2.321014404E-1,-8.228912354E0,1.076766968E0
7.866205135E0,2.703857422E-1,-8.260025024E0,9.619140625E-1
7.868616023E0,3.206329346E-1,-8.271987915E0,8.566284180E-1
7.871026912E0,4.115600586E-1,-8.327026367E0,7.178497314E-1
7.873407283E0,5.168457031E-1,-8.382064819E0,6.101684570E-1
7.875818172E0,6.245269775E-1,-8.456237793E0,5.359954834E-1
7.878229060E0,7.106628418E-1,-8.480163574E0,4.642028809E-1
7.880639949E0,8.973083496E-1,-8.453842163E0,4.163513184E-1
7.883050838E0,9.978027344E-1,-8.425125122E0,4.307098389E-1
7.885431209E0,1.153335571E0,-8.422729492E0,4.570312500E-1
7.887842098E0,1.294509888E0,-8.427520752E0,4.881286621E-1
7.890252986E0,1.392623901E0,-8.432312012E0,5.407714844E-1
7.892663875E0,1.454833984E0,-8.444274902E0,6.412811279E-1
7.895044246E0,1.600799561E0,-8.425125122E0,7.680969238E-1
7.897455135E0,1.663009644E0,-8.358123779E0,9.308013916E-1
7.899866023E0,1.744369507E0,-8.271987915E0,1.067199707E0
7.902276912E0,1.933395386E0,-8.228912354E0,1.249053955E0
7.904657283E0,2.096115112E0,-8.149948120E0,1.390228271E0
7.907068172E0,2.163116455E0,-8.032699585E0,1.612762451E0
7.909479060E0,2.258819580E0,-7.946563721E0,1.773086548E0
7.911889949E0,2.249252319E0,-7.891525269E0,1.897506714E0
7.914270320E0,2.325820923E0,-7.853240967E0,2.041076660E0
7.916681209E0,2.328216553E0,-7.838882446E0,2.201400757E0
7.919092098E0,2.206176758E0,-7.735992432E0,2.423934937E0
7.921502986E0,2.084152222E0,-7.673782349E0,2.569885254E0
7.923913875E0,2.072189331E0,-7.690536499E0,2.622528076E0
7.926294246E0,1.988433838E0,-7.695312500E0,2.778060913E0
7.928705135E0,1.864013672E0,-7.709671021E0,2.940780640E0
7.931116023E0,1.660614014E0,-7.709671021E0,3.101104736E0
7.933526912E0,1.414154053E0,-7.702499390E0,3.342773438E0
7.935907283E0,1.179656982E0,-7.743179321E0,3.455230713E0
7.938318172E0,8.925170898E-1,-7.740783691E0,3.687347412E0
7.940729060E0,6.484527588E-1,-7.805389404E0,3.756729126E0
7.943139949E0,4.689941406E-1,-7.893920898E0,3.850051880E0
7.945520320E0,3.110656738E-1,-8.073379517E0,3.991226196E0
7.947931209E0,2.440643311E-1,-8.257629395E0,4.130004883E0
7.950342098E0,6.221008301E-2,-8.365310669E0,4.309478760E0
7.952752986E0,3.828430176E-2,-8.539978027E0,4.438690186E0
7.955163875E0,-5.264282227E-2,-8.688339233E0,4.630111694E0
7.957544246E0,-1.866455078E-1,-8.803192139E0,4.788040161E0
7.959955135E0,-3.708801270E-1,-8.843872070E0,4.967498779E0
7.962366023E0,-2.919311523E-1,-8.968292236E0,5.218750000E0
7.964776912E0,-3.421783447E-1,-9.035293579E0,5.484344482E0
7.967157283E0,-4.713897705E-1,-9.004196167E0,5.781066895E0
7.969568172E0,-5.001068115E-1,-8.930007935E0,6.070587158E0
7.971979060E0,-5.144500732E-1,-8.922836304E0,6.379272461E0
7.974389949E0,-5.790557861E-1,-8.874984741E0,6.707077026E0
7.976770320E0,-7.130584717E-1,-8.752944946E0,6.996612549E0
7.979181209E0,-7.513427734E-1,-8.683547974E0,7.288543701E0
7.981592098E0,-8.350982666E-1,-8.542373657E0,7.482360840E0
7.984002986E0,-8.470611572E-1,-8.477767944E0,7.755142212E0
7.986413875E0,-1.016952515E0,-8.370086670E0,7.992034912E0
7.988794246E0,-1.064804077E0,-8.281555176E0,8.106887817E0
7.991205135E0,-1.335189819E0,-8.130813599E0,8.276779175E0
7.993616023E0,-1.593612671E0,-7.968093872E0,8.434707642E0
7.996026912E0,-1.753936768E0,-7.867599487E0,8.444274902E0
7.998407283E0,-1.959716797E0,-7.747955322E0,8.384445190E0
8.000818172E0,-2.098510742E0,-7.659423828E0,8.327026367E0
8.003229060E0,-2.270782471E0,-7.558929443E0,8.166702271E0
8.005639949E0,-2.380859375E0,-7.515853882E0,7.934600830E0
8.008020320E0,-2.433502197E0,-7.503890991E0,7.673782349E0
8.010431209E0,-2.550750732E0,-7.525421143E0,7.465606689E0
8.012842098E0,-2.737396240E0,-7.566101074E0,7.216751099E0
8.015252986E0,-2.935989380E0,-7.602005005E0,7.015762329E0
8.017663875E0,-3.134597778E0,-7.724029541E0,6.802795410E0
8.020044246E0,-3.256637573E0,-7.905883789E0,6.597015381E0
8.022455135E0,-3.414550781E0,-8.106887817E0,6.439086914E0
8.024866023E0,-3.433700562E0,-8.401199341E0,6.293121338E0
8.027276912E0,-3.366699219E0,-8.717056274E0,6.254837036E0
8.029657283E0,-3.261413574E0,-9.052047729E0,6.238082886E0
8.032068172E0,-3.103485107E0,-9.442077637E0,6.290725708E0
8.034479060E0,-2.813964844E0,-9.846466064E0,6.386444092E0
8.036889949E0,-2.541183472E0,-1.021734619E1,6.546768188E0
8.039270320E0,-2.268402100E0,-1.060260010E1,6.771682739E0
8.041681209E0,-1.995620728E0,-1.092323303E1,6.915252686E0
8.044092098E0,-1.749160767E0,-1.118884277E1,7.135391235E0
8.046502986E0,-1.373474121E0,-1.136351013E1,7.262222290E0
8.048913875E0,-1.081558228E0,-1.140898132E1,7.422531128E0
8.051294246E0,-8.159484863E-1,-1.129173279E1,7.496719360E0
8.053705135E0,-5.288085938E-1,-1.105004883E1,7.499099731E0
8.056116023E0,-1.459655762E-1,-1.078445435E1,7.448852539E0
8.058526912E0,3.613128662E-1,-1.056431580E1,7.427322388E0
8.060937801E0,9.044799805E-1,-1.036570740E1,7.345962524E0
8.063348689E0,1.433303833E0,-1.022692871E1,7.180862427E0
8.065759578E0,1.990829468E0,-1.019581604E1,6.943969727E0
8.068170467E0,2.486145020E0,-1.011924744E1,6.652053833E0
8.070550838E0,2.806777954E0,-1.001156616E1,6.393615723E0
8.072961726E0,3.000595093E0,-9.841674805E0,6.077774048E0
8.075372615E0,3.117843628E0,-9.693328857E0,5.759521484E0
8.077783504E0,3.225524902E0,-9.487548828E0,5.410171509E0
8.080194392E0,3.316452026E0,-9.308074951E0,5.111068726E0
8.082574764E0,3.620346069E0,-9.147766113E0,4.847854614E0
8.084985652E0,3.909866333E0,-8.927627563E0,4.687545776E0
8.087396541E0,4.237686157E0,-8.681167603E0,4.500900269E0
8.089807430E0,4.622940063E0,-8.468200684E0,4.350158691E0
8.092187801E0,5.020141602E0,-8.288742065E0,4.182647705E0
8.094598689E0,5.429321289E0,-8.102096558E0,4.072586060E0
8.097009578E0,5.754745483E0,-7.939392090E0,3.921829224E0
8.099420467E0,5.970092773E0,-7.786239624E0,3.756729126E0
8.101800838E0,6.118453979E0,-7.625930786E0,3.696914673E0
8.104211726E0,6.276367188E0,-7.499099731E0,3.692123413E0
8.106622615E0,6.352951050E0,-7.369888306E0,3.687347412E0
8.109033504E0,6.262023926E0,-7.252639771E0,3.596405029E0
8.111444392E0,5.991622925E0,-7.092330933E0,3.452850342E0
8.113824764E0,5.714065552E0,-6.922439575E0,3.278167725E0
8.116235652E0,5.359924316E0,-6.675979614E0,3.091522217E0
8.118646541E0,5.041671753E0,-6.448654175E0,2.883346558E0
8.121057430E0,4.661224365E0,-6.206985474E0,2.605789185E0
8.123437801E0,4.261611938E0,-6.003585815E0,2.356933594E0
8.125848689E0,3.962509155E0,-5.876770020E0,2.163116455E0
8.128259578E0,3.744766235E0,-5.883956909E0,1.969299316E0
8.130670467E0,3.538986206E0,-5.996414185E0,1.866409302E0
8.133050838E0,3.321243286E0,-6.326629639E0,1.837692261E0
8.135461726E0,3.096313477E0,-6.891326904E0,1.775466919E0
8.137872615E0,2.995819092E0,-7.719253540E0,1.641479492E0
8.140283504E0,2.797210693E0,-8.740982056E0,1.497909546E0
8.142694392E0,2.481353760E0,-9.925430298E0,1.414154053E0
8.145074764E0,2.105682373E0,-1.117208862E1,1.447662354E0
8.147485652E0,1.792221069E0,-1.244506836E1,1.543365479E0
8.149896541E0,1.373474121E0,-1.378744507E1,1.775466919E0
8.152307430E0,8.135528564E-1,-1.514895630E1,2.000396729E0
8.154687801E0,1.938171387E-1,-1.656072998E1,2.041076660E0
8.157098689E0,-5.240325928E-1,-1.800599670E1,2.012359619E0
8.159509578E0,-1.239486694E0,-1.938426208E1,1.964508057E0
8.161920467E0,-2.002792358E0,-2.073620605E1,1.988433838E0
8.164300838E0,-2.749359131E0,-2.191346741E1,2.117645264E0
8.166711726E0,-3.515060425E0,-2.294956970E1,2.213363647E0
8.169122615E0,-4.139587402E0,-2.383251953E1,2.277969360E0
8.171533504E0,-4.713867188E0,-2.450489807E1,2.407180786E0
8.173913875E0,-5.063217163E0,-2.495713806E1,2.435897827E0
8.176324764E0,-5.197204590E0,-2.541656494E1,2.605789185E0
8.178735652E0,-5.443664551E0,-2.565823364E1,2.794815063E0
8.181146541E0,-5.826522827E0,-2.574438477E1,2.924026489E0
8.183557430E0,-5.970092773E0,-2.564627075E1,2.957534790E0
8.185937801E0,-6.130416870E0,-2.541416931E1,2.804382324E0
8.188348689E0,-6.369689941E0,-2.516770935E1,2.742172241E0
8.190759578E0,-6.503692627E0,-2.482792664E1,2.799606323E0
8.193170467E0,-6.558731079E0,-2.438047791E1,2.845062256E0
8.195550838E0,-6.355331421E0,-2.381336975E1,2.979064941E0
8.197961726E0,-5.977264404E0,-2.321276855E1,2.885742188E0
8.200372615E0,-5.247467041E0,-2.256192017E1,2.593826294E0
8.202783504E0,-4.520034790E0,-2.187518311E1,2.124832153E0
8.205163875E0,-3.905090332E0,-2.099462891E1,1.718048096E0
8.207574764E0,-3.469589233E0,-1.994656372E1,1.514663696E0
8.209985652E0,-3.287734985E0,-1.885305786E1,1.402191162E0
8.212396541E0,-3.055633545E0,-1.768296814E1,1.397415161E0
8.214807430E0,-2.545959473E0,-1.660618591E1,1.265808105E0
8.217187801E0,-2.141571045E0,-1.555813599E1,1.409378052E0
8.219598689E0,-1.737182617E0,-1.458665466E1,1.562515259E0
8.222009578E0,-1.473983765E0,-1.366540527E1,1.689331055E0
8.224420467E0,-1.138977051E0,-1.285424805E1,1.720443726E0
8.226800838E0,-8.566284180E-1,-1.210768127E1,1.674972534E0
8.229211726E0,-5.718841553E-1,-1.146879578E1,1.531402588E0
8.231622615E0,-2.057800293E-1,-1.097587585E1,1.249053955E0
8.234033504E0,1.004943848E-1,-1.058584595E1,9.284210205E-1
8.236444392E0,4.522399902E-1,-1.030827332E1,5.240325928E-1
8.238824764E0,7.298126221E-1,-1.011924744E1,-8.613586426E-2
8.241235652E0,9.571228027E-1,-9.980468750E0,-6.197357178E-1
8.243646541E0,1.148559570E0,-9.860824585E0,-1.081558228E0
8.246057430E0,1.210769653E0,-9.789031982E0,-1.435699463E0
8.248437801E0,1.304092407E0,-9.719650269E0,-1.758728027E0
8.250848689E0,1.414154053E0,-9.621536255E0,-2.086547852E0
8.253259578E0,1.691726685E0,-9.592819214E0,-2.356933594E0
8.255670467E0,1.878372192E0,-9.494720459E0,-2.648849487E0
8.258050838E0,2.009963989E0,-9.434906006E0,-3.026916504E0
8.260461726E0,2.277969360E0,-9.365509033E0,-3.318847656E0
8.262872615E0,2.471786499E0,-9.300903320E0,-3.512664795E0
8.265283504E0,2.605789185E0,-9.221939087E0,-3.718444824E0
8.267694392E0,2.699096680E0,-9.116653442E0,-3.850051880E0
8.270074764E0,2.895309448E0,-9.054443359E0,-3.840484619E0
8.272485652E0,3.069992065E0,-8.944366455E0,-3.842880249E0
8.274896541E0,3.213562012E0,-8.886947632E0,-3.728012085E0
8.277307430E0,3.275772095E0,-8.815155029E0,-3.565307617E0
8.279687801E0,3.285339355E0,-8.712265015E0,-3.302093506E0
8.282098689E0,3.093917847E0,-8.585449219E0,-2.988632202E0
8.284509578E0,2.813964844E0,-8.425125122E0,-2.569885254E0
8.286920467E0,2.586639404E0,-8.243270874E0,-1.942977905E0
8.289300838E0,2.344970703E0,-8.080566406E0,-1.428512573E0
8.291711726E0,2.550750732E0,-7.932205200E0,-8.997039795E-1
8.294122615E0,2.907272339E0,-7.779067993E0,-4.091796875E-1
8.296533504E0,2.938385010E0,-7.597213745E0,4.307556152E-2
8.298913875E0,2.933593750E0,-7.432113647E0,4.737854004E-1
8.301324764E0,2.665603638E0,-7.278961182E0,8.925170898E-1
8.303735652E0,2.143966675E0,-7.116256714E0,1.196411133E0
8.306146541E0,1.758728027E0,-6.972686768E0,1.433303833E0
8.308557430E0,1.564910889E0,-6.829116821E0,1.497909546E0
8.310937801E0,1.411758423E0,-6.671188354E0,1.462020874E0
8.313348689E0,1.330413818E0,-6.527618408E0,1.339981079E0
8.315759578E0,1.256225586E0,-6.407974243E0,1.155731201E0
8.318170467E0,1.115051270E0,-6.278762817E0,9.260253906E-1
8.320550838E0,9.236297607E-1,-6.128021240E0,6.986999512E-1
8.322961726E0,7.680969238E-1,-6.029907227E0,4.929199219E-1
8.325372615E0,6.125640869E-1,-5.919845581E0,2.919311523E-1
8.327783504E0,4.402770996E-1,-5.833694458E0,8.853149414E-2
8.330163875E0,3.517456055E-1,-5.766708374E0,7.171630859E-3
8.332574764E0,2.464599609E-1,-5.723632812E0,-7.417297363E-2
8.334985652E0,2.536315918E-1,-5.706878662E0,-6.700134277E-2
8.337396541E0,4.139556885E-1,-5.718841553E0,-3.828430176E-2
8.339807430E0,7.034912109E-1,-5.766708374E0,-3.111267090E-2
8.342187801E0,7.513427734E-1,-5.917449951E0,1.459655762E-1
8.344598689E0,6.843414307E-1,-6.149551392E0,3.110656738E-1
8.347009578E0,5.814514160E-1,-6.326629639E0,4.833526611E-1
8.349420467E0,3.373870850E-1,-6.429519653E0,8.518524170E-1
8.351831355E0,1.651000977E-1,-6.530014038E0,1.225128174E0
8.354242244E0,2.751770020E-1,-6.532409668E0,1.674972534E0
8.356653133E0,6.915283203E-1,-6.683151245E0,2.031509399E0
8.359064021E0,8.805541992E-1,-6.946365356E0,2.294723511E0
8.361444392E0,7.896270752E-1,-7.164108276E0,2.462219238E0
8.363855281E0,4.570312500E-1,-7.286148071E0,2.536392212E0
8.366266170E0,1.651000977E-1,-7.305282593E0,2.498107910E0
8.368677059E0,-1.052856445E-1,-7.233505249E0,2.478958130E0
8.371087947E0,-3.732757568E-1,-7.159332275E0,2.543563843E0
8.373468318E0,-6.173553467E-1,-7.075576782E0,2.696716309E0
8.375879207E0,-8.087768555E-1,-7.025329590E0,2.821136475E0
8.378290096E0,-9.834442139E-1,-7.010971069E0,3.041275024E0
8.380700984E0,-1.174880981E0,-7.008575439E0,3.328414917E0
8.383081355E0,-1.366302490E0,-6.915252686E0,3.646667480E0
8.385492244E0,-1.550552368E0,-6.908081055E0,3.993621826E0
8.387903133E0,-1.775466919E0,-6.951156616E0,4.268798828E0
8.390314021E0,-2.033905029E0,-6.970291138E0,4.484146118E0
8.392694392E0,-2.232498169E0,-6.982254028E0,4.634902954E0
8.395105281E0,-2.390426636E0,-6.989440918E0,4.754531860E0
8.397516170E0,-2.555541992E0,-6.932006836E0,4.792816162E0
8.399927059E0,-2.696716309E0,-6.900894165E0,4.761718750E0
8.402337947E0,-2.825927734E0,-6.855438232E0,4.706680298E0
8.404718318E0,-2.926422119E0,-6.831512451E0,4.692321777E0
8.407129207E0,-2.959915161E0,-6.781265259E0,4.603790283E0
8.409540096E0,-3.017349243E0,-6.692718506E0,4.553543091E0
8.411950984E0,-3.096313477E0,-6.644866943E0,4.508071899E0
8.414331355E0,-3.117843628E0,-6.541976929E0,4.457824707E0
8.416742244E0,-3.108276367E0,-6.455841064E0,4.443466187E0
8.419153133E0,-3.120239258E0,-6.372085571E0,4.359725952E0
8.421564021E0,-3.089126587E0,-6.295516968E0,4.285552979E0
8.423944392E0,-3.007781982E0,-6.223724365E0,4.149154663E0
8.426355281E0,-2.964706421E0,-6.125625610E0,3.984054565E0
8.428766170E0,-2.825927734E0,-6.070587158E0,3.792617798E0
8.431177059E0,-2.629714966E0,-5.994018555E0,3.594024658E0
8.433587947E0,-2.440673828E0,-5.938980103E0,3.354736328E0
8.435968318E0,-2.182250977E0,-5.876770020E0,3.074783325E0
8.438379207E0,-1.931015015E0,-5.845672607E0,2.775680542E0
8.440790096E0,-1.674972534E0,-5.795410156E0,2.514862061E0
8.443200984E0,-1.399795532E0,-5.783447266E0,2.263610840E0
8.445581355E0,-1.158126831E0,-5.771484375E0,2.093719482E0
8.447992244E0,-9.403839111E-1,-5.783447266E0,1.952545166E0
8.450403133E0,-7.609100342E-1,-5.797805786E0,1.816146851E0
8.452814021E0,-5.718841553E-1,-5.852844238E0,1.780258179E0
8.455194392E0,-4.618072510E-1,-5.919845581E0,1.859222412E0
8.457605281E0,-3.541412354E-1,-5.979660034E0,1.945358276E0
8.460016170E0,-2.703857422E-1,-5.998809814E0,2.153533936E0
8.462427059E0,-1.866455078E-1,-6.070587158E0,2.333007812E0
8.464837947E0,-9.809875488E-2,-6.120834351E0,2.522033691E0
8.467218318E0,6.700134277E-2,-6.230911255E0,2.720642090E0
8.469629207E0,1.914215088E-1,-6.321838379E0,2.969497681E0
8.472040096E0,3.661041260E-1,-6.376876831E0,3.175277710E0
8.474450984E0,5.623168945E-1,-6.453445435E0,3.390625000E0
8.476831355E0,7.657012939E-1,-6.522827148E0,3.625122070E0
8.479242244E0,9.978027344E-1,-6.625732422E0,3.845260620E0
8.481653133E0,1.263412476E0,-6.774078369E0,4.096511841E0
8.484064021E0,1.584045410E0,-6.965499878E0,4.390823364E0
8.486444392E0,1.919036865E0,-7.202392578E0,4.716247559E0
8.488855281E0,2.323425293E0,-7.470397949E0,5.056030273E0
8.491266170E0,2.766098022E0,-7.750350952E0,5.513061523E0
8.493677059E0,3.254241943E0,-8.047058105E0,6.015548706E0
8.496087947E0,3.749557495E0,-8.315063477E0,6.534805298E0
8.498468318E0,4.249649048E0,-8.573486328E0,7.116256714E0
8.500879207E0,4.792816162E0,-8.793624878E0,7.714462280E0
8.503290096E0,5.357528687E0,-8.999404907E0,8.305480957E0
8.505700984E0,5.895919800E0,-9.226730347E0,8.846267700E0
8.508081355E0,6.482162476E0,-9.399002075E0,9.406188965E0
8.510492244E0,7.109069824E0,-9.540191650E0,9.918243408E0
8.512903133E0,7.695312500E0,-9.640686035E0,1.041355896E1
8.515314021E0,8.271987915E0,-9.676574707E0,1.078205872E1
8.517694392E0,8.733810425E0,-9.659820557E0,1.104287720E1
8.520105281E0,9.131011963E0,-9.652648926E0,1.116969299E1
8.522516170E0,9.504287720E0,-9.669403076E0,1.113619995E1
8.524927059E0,9.877578735E0,-9.777069092E0,1.094955444E1
8.527337947E0,1.020060730E1,-9.906280518E0,1.061695862E1
8.529718318E0,1.051167297E1,-1.002352905E1,1.021734619E1
8.532129207E0,1.080598450E1,-1.013839722E1,9.726821899E0
8.534540096E0,1.111465454E1,-1.024606323E1,9.233901978E0
8.536950984E0,1.138265991E1,-1.037527466E1,8.729019165E0
8.539331355E0,1.166740417E1,-1.055235291E1,8.233703613E0
8.541742244E0,1.185643005E1,-1.072462463E1,7.757537842E0
8.544153133E0,1.198326111E1,-1.087298584E1,7.427322388E0
8.546564021E0,1.204067993E1,-1.100459290E1,7.207183838E0
8.548944392E0,1.198803711E1,-1.104527283E1,7.178466797E0
8.551355281E0,1.181814575E1,-1.100698853E1,7.324432373E0
8.553766170E0,1.147836304E1,-1.093280029E1,7.585250854E0
8.556177059E0,1.104287720E1,-1.079881287E1,7.886749268E0
8.558557430E0,1.051406860E1,-1.065045166E1,8.226531982E0
8.560968318E0,9.901504517E0,-1.044227600E1,8.504089355E0
8.563379207E0,9.296112061E0,-1.027478027E1,8.638092041E0
8.565790096E0,8.669189453E0,-1.010249329E1,8.729019165E0
8.568200984E0,8.075775146E0,-9.939788818E0,8.685943604E0
8.570581355E0,7.499099731E0,-9.822540283E0,8.535202026E0
8.572992244E0,6.977478027E0,-9.700500488E0,8.410766602E0
8.575403133E0,6.489334106E0,-9.595214844E0,8.226531982E0
8.577814021E0,6.034698486E0,-9.549758911E0,8.042282104E0
8.580194392E0,5.558532715E0,-9.501892090E0,7.814956665E0
8.582605281E0,5.168502808E0,-9.511474609E0,7.558929443E0
8.585016170E0,4.809570312E0,-9.549758911E0,7.286148071E0
8.587427059E0,4.484146118E0,-9.667007446E0,6.943969727E0
8.589807430E0,4.213760376E0,-9.875183105E0,6.592224121E0
8.592218318E0,4.010375977E0,-1.018385315E1,6.137588501E0
8.594629207E0,3.857223511E0,-1.059303284E1,5.666198730E0
8.597040096E0,3.763916016E0,-1.114576721E1,5.158920288E0
8.599450984E0,3.694519043E0,-1.171286011E1,4.661224365E0
8.601831355E0,3.572479248E0,-1.222732544E1,4.106079102E0
8.604242244E0,3.488739014E0,-1.271067810E1,3.529418945E0
8.606653133E0,3.366699219E0,-1.316531372E1,2.943176270E0
8.609064021E0,3.196807861E0,-1.356011963E1,2.289932251E0
8.611444392E0,2.983856201E0,-1.385684204E1,1.627120972E0
8.613855281E0,2.770889282E0,-1.420140076E1,1.038482666E0
8.616266170E0,2.641677856E0,-1.451246643E1,5.934143066E-1
8.618677059E0,2.493316650E0,-1.468235779E1,3.397827148E-1
8.621057430E0,2.309066772E0,-1.474935913E1,2.153472900E-1
8.623468318E0,2.158325195E0,-1.462731934E1,3.421783447E-1
8.625879207E0,2.084152222E0,-1.446461487E1,7.992095947E-1
8.628290096E0,2.055435181E0,-1.418464661E1,1.555328369E0
8.630700984E0,2.139190674E0,-1.378744507E1,2.589035034E0
8.633111873E0,2.321044922E0,-1.337109375E1,3.704086304E0
8.635522762E0,2.476577759E0,-1.298345947E1,4.778472900E0
8.637933650E0,2.478958130E0,-1.271545410E1,5.761917114E0
8.640344539E0,2.531600952E0,-1.258863831E1,6.302688599E0
8.642724910E0,2.632110596E0,-1.260299683E1,6.649658203E0
8.645135799E0,2.732604980E0,-1.272024536E1,6.396011353E0
8.647546687E0,2.849853516E0,-1.275373840E1,5.943771362E0
8.649957576E0,2.751739502E0,-1.266999817E1,5.113464355E0
8.652337947E0,2.469390869E0,-1.243550110E1,4.101303101E0
8.654748836E0,1.840087891E0,-1.209092712E1,3.048461914E0
8.657159725E0,8.494567871E-1,-1.172244263E1,1.957336426E0
8.659570613E0,-8.135986328E-2,-1.119361877E1,8.446655273E-1
8.661981502E0,-8.494567871E-1,-1.051884460E1,-8.613586426E-2
8.664361873E0,-1.677368164E0,-9.822540283E0,-7.992095947E-1
8.666772762E0,-2.397613525E0,-9.207580566E0,-1.296905518E0
8.669183650E0,-3.144165039E0,-8.688339233E0,-1.684539795E0
8.671594539E0,-3.878768921E0,-8.324630737E0,-2.057830811E0
8.673974910E0,-4.426727295E0,-8.047058105E0,-2.289932251E0
8.676385799E0,-4.845458984E0,-7.881958008E0,-2.476577759E0
8.678796687E0,-5.144561768E0,-7.829315186E0,-2.574676514E0
8.681207576E0,-5.254638672E0,-7.793426514E0,-2.457427979E0
8.683587947E0,-5.120635986E0,-7.767105103E0,-2.002792358E0
8.685998836E0,-5.180465698E0,-7.822143555E0,-1.268188477E0
8.688409725E0,-5.237884521E0,-7.874786377E0,-3.684997559E-1
8.690820613E0,-5.374282837E0,-8.011169434E0,5.838470459E-1
8.693231502E0,-5.840881348E0,-8.255233765E0,1.371093750E0
8.695611873E0,-6.185440063E0,-8.595016479E0,1.909469604E0
8.698022762E0,-6.400802612E0,-9.025726318E0,2.187042236E0
8.700433650E0,-6.735794067E0,-9.585647583E0,2.311462402E0
8.702844539E0,-7.448852539E0,-1.003071594E1,2.053039551E0
8.705224910E0,-8.130813599E0,-1.050210571E1,1.806579590E0
8.707635799E0,-8.707489014E0,-1.094715881E1,1.452438354E0
8.710046687E0,-9.198013306E0,-1.125344849E1,1.095916748E0
8.712457576E0,-9.061614990E0,-1.150230408E1,1.160522461E0
8.714837947E0,-8.951553345E0,-1.167936707E1,1.387832642E0
8.717248836E0,-8.951553345E0,-1.177748108E1,1.447662354E0
8.719659725E0,-8.695510864E0,-1.178225708E1,1.584045410E0
8.722070613E0,-8.255233765E0,-1.178944397E1,1.670196533E0
8.724481502E0,-7.690536499E0,-1.169372559E1,1.856826782E0
8.726861873E0,-6.879364014E0,-1.160040283E1,2.021942139E0
8.729272762E0,-6.149551392E0,-1.159562683E1,2.060226440E0
8.731683650E0,-5.527420044E0,-1.154776001E1,2.024322510E0
8.734094539E0,-4.869400024E0,-1.145205688E1,2.084152222E0
8.736474910E0,-4.378860474E0,-1.136590576E1,2.165512085E0
8.738885799E0,-3.919448853E0,-1.124626160E1,2.435897827E0
8.741296687E0,-3.251846313E0,-1.112663269E1,2.720642090E0
8.743707576E0,-2.450256348E0,-1.107876587E1,2.976669312E0
8.746087947E0,-1.686935425E0,-1.103330994E1,3.225524902E0
8.748498836E0,-1.055236816E0,-1.091606140E1,3.440872192E0
8.750909725E0,-3.469543457E-1,-1.084666443E1,3.608383179E0
8.753320613E0,9.092712402E-2,-1.078684998E1,3.694519043E0
8.755731502E0,5.407714844E-1,-1.078205872E1,3.744766235E0
8.758111873E0,7.202453613E-1,-1.065045166E1,3.730407715E0
8.760522762E0,9.355926514E-1,-1.057867432E1,3.629913330E0
8.762933650E0,1.131805420E0,-1.054995728E1,3.438491821E0
8.765344539E0,1.488342285E0,-1.048535156E1,3.125030518E0
8.767724910E0,1.856826782E0,-1.035374451E1,2.792419434E0
8.770135799E0,2.122436523E0,-1.028434753E1,2.565109253E0
8.772546687E0,2.280364990E0,-1.025325012E1,2.476577759E0
8.774957576E0,2.368896484E0,-1.047099304E1,2.404785156E0
8.777337947E0,2.560317993E0,-1.062652588E1,2.490921021E0
8.779748836E0,2.636886597E0,-1.072462463E1,2.758926392E0
8.782159725E0,2.813964844E0,-1.071028137E1,2.950347900E0
8.784570613E0,2.794815063E0,-1.060499573E1,3.010177612E0
8.786981502E0,2.632110596E0,-1.051406860E1,3.134597778E0
8.789361873E0,2.409576416E0,-1.041355896E1,3.402587891E0
8.791772762E0,2.280364990E0,-1.034417725E1,3.562911987E0
8.794183650E0,2.201400757E0,-1.024366760E1,3.637084961E0
8.796594539E0,2.270782471E0,-1.001875305E1,3.792617798E0
8.798974910E0,2.579467773E0,-9.688537598E0,3.854843140E0
8.801385799E0,2.687133789E0,-9.480361938E0,4.000793457E0
8.803796687E0,2.727813721E0,-9.468399048E0,4.350158691E0
8.806207576E0,2.407180786E0,-9.355941772E0,4.816757202E0
8.808587947E0,2.067398071E0,-9.248260498E0,5.163711548E0
8.810998836E0,1.804183960E0,-9.188446045E0,5.333602905E0
8.813409725E0,1.634292603E0,-9.164505005E0,5.462814331E0
8.815820613E0,1.450057983E0,-9.119049072E0,5.529815674E0
8.818200984E0,1.244262695E0,-9.030517578E0,5.532211304E0
8.820611873E0,1.050445557E0,-8.910873413E0,5.486740112E0
8.823022762E0,7.824554443E-1,-8.776870728E0,5.383850098E0
8.825433650E0,5.503540039E-1,-8.705093384E0,5.252243042E0
8.827844539E0,2.847442627E-1,-8.602203369E0,5.041671753E0
8.830224910E0,2.679901123E-1,-8.592620850E0,4.852645874E0
8.832635799E0,2.225341797E-1,-8.518447876E0,4.644470215E0
8.835046687E0,1.603240967E-1,-8.396408081E0,4.400405884E0
8.837457576E0,3.493499756E-1,-8.281555176E0,4.220932007E0
8.839837947E0,3.948211670E-1,-8.207382202E0,4.249649048E0
8.842248836E0,1.268157959E-1,-8.140380859E0,4.220932007E0
8.844659725E0,-6.149597168E-1,-8.049453735E0,3.996017456E0
8.847070613E0,-1.464401245E0,-7.982452393E0,3.471984863E0
8.849450984E0,-2.435897827E0,-7.972885132E0,2.914459229E0
8.851861873E0,-3.656234741E0,-7.980056763E0,2.550750732E0
8.854272762E0,-5.596817017E0,-8.243270874E0,2.557922363E0
8.856683650E0,-7.319641113E0,-8.738586426E0,2.713455200E0
8.859094539E0,-8.573486328E0,-9.265014648E0,2.651245117E0
8.861474910E0,-8.807983398E0,-9.872787476E0,2.060226440E0
8.863885799E0,-8.149948120E0,-1.066720581E1,1.442871094E0
8.866296687E0,-7.305282593E0,-1.134677124E1,1.177261353E0
8.868707576E0,-6.321838379E0,-1.179901123E1,9.523468018E-1
8.871087947E0,-5.321640015E0,-1.215792847E1,8.111724854E-1
8.873498836E0,-4.622940063E0,-1.226560974E1,1.043273926E0
8.875909725E0,-4.012756348E0,-1.218664551E1,1.529006958E0
8.878320613E0,-3.479156494E0,-1.198086548E1,2.124832153E0
8.880731502E0,-2.868988037E0,-1.172004700E1,2.746963501E0
8.883111873E0,-2.203796387E0,-1.138743591E1,3.268600464E0
8.885522762E0,-1.598403931E0,-1.098306274E1,3.689727783E0
8.887933650E0,-9.164581299E-1,-1.066241455E1,3.957733154E0
8.890344539E0,-2.440643311E-1,-1.021974182E1,3.993621826E0
8.892724910E0,4.929199219E-1,-9.552154541E0,4.043869019E0
8.895135799E0,6.460571289E-1,-8.879760742E0,4.034301758E0
8.897546687E0,2.871398926E-1,-8.846267700E0,4.204193115E0
8.899957576E0,1.292114258E-1,-8.614166260E0,3.996017456E0
8.902337947E0,1.674957275E-1,-8.331802368E0,3.917053223E0
8.904748836E0,3.086700439E-1,-8.042282104E0,3.847656250E0
8.907159725E0,5.120697021E-1,-7.831710815E0,3.751953125E0
8.909570613E0,6.508483887E-1,-7.647460938E0,3.720840454E0
8.911950984E0,7.465667725E-1,-7.520645142E0,3.704086304E0
8.914361873E0,7.848510742E-1,-7.403396606E0,3.773483276E0
8.916772762E0,7.776641846E-1,-7.310073853E0,3.859619141E0
8.919183650E0,7.992095947E-1,-7.245468140E0,3.921829224E0
8.921594539E0,7.680969238E-1,-7.173675537E0,3.940979004E0
8.924005428E0,6.699829102E-1,-7.113861084E0,3.933807373E0
8.926416316E0,6.173553467E-1,-7.075576782E0,3.893127441E0
8.928827205E0,5.479583740E-1,-7.075576782E0,3.818939209E0
8.931238094E0,5.024871826E-1,-7.075576782E0,3.680160522E0
8.933618465E0,5.096740723E-1,-7.066009521E0,3.555740356E0
8.936029353E0,5.335998535E-1,-7.051651001E0,3.443267822E0
8.938440242E0,5.934143066E-1,-7.063613892E0,3.316452026E0
8.940851131E0,6.269226074E-1,-7.101898193E0,3.165710449E0
8.943231502E0,6.604156494E-1,-7.118652344E0,2.976669312E0
8.945642391E0,7.154541016E-1,-7.130615234E0,2.825927734E0
8.948053279E0,8.039855957E-1,-7.195220947E0,2.646469116E0
8.950464168E0,9.116668701E-1,-7.302902222E0,2.462219238E0
8.952875057E0,1.079162598E0,-7.429718018E0,2.225326538E0
8.955255428E0,1.203582764E0,-7.515853882E0,2.062606812E0
8.957666316E0,1.304092407E0,-7.666610718E0,1.899902344E0
8.960077205E0,1.423736572E0,-7.767105103E0,1.768295288E0
8.962488094E0,1.507476807E0,-7.850845337E0,1.674972534E0
8.964868465E0,1.579269409E0,-7.975280762E0,1.598403931E0
8.967279353E0,1.696517944E0,-8.061416626E0,1.500305176E0
8.969690242E0,1.703689575E0,-8.137985229E0,1.447662354E0
8.972101131E0,1.775466919E0,-8.228912354E0,1.371093750E0
8.974481502E0,1.806579590E0,-8.269592285E0,1.371093750E0
8.976892391E0,1.880752563E0,-8.319839478E0,1.368698120E0
8.979303279E0,1.928619385E0,-8.348556519E0,1.347152710E0
8.981714168E0,1.914260864E0,-8.355743408E0,1.339981079E0
8.984125057E0,1.861618042E0,-8.348556519E0,1.339981079E0
8.986505428E0,1.868789673E0,-8.315063477E0,1.332809448E0
8.988916316E0,1.856826782E0,-8.257629395E0,1.316055298E0
8.991327205E0,1.907073975E0,-8.204986572E0,1.330413818E0
8.993738094E0,1.950149536E0,-8.176269531E0,1.349548340E0
8.996118465E0,1.962112427E0,-8.104492188E0,1.366302490E0
8.998529353E0,1.916656494E0,-8.068603516E0,1.416549683E0
9.000940242E0,1.952545166E0,-8.075775146E0,1.442871094E0
9.003351131E0,1.904693604E0,-8.085342407E0,1.471588135E0
9.005731502E0,1.883148193E0,-8.142776489E0,1.529006958E0
9.008142391E0,1.677368164E0,-8.202590942E0,1.581649780E0
9.010553279E0,1.509872437E0,-8.248062134E0,1.691726685E0
9.012964168E0,1.390228271E0,-8.341384888E0,1.811370850E0
9.015375057E0,1.328018188E0,-8.496917725E0,1.902297974E0
9.017755428E0,1.174880981E0,-8.645263672E0,2.012359619E0
9.020166316E0,9.810638428E-1,-8.743377686E0,2.218139648E0
9.022577205E0,6.819610596E-1,-8.829513550E0,2.411972046E0
9.024988094E0,3.876342773E-1,-8.918045044E0,2.639282227E0
9.027368465E0,2.344970703E-1,-9.013763428E0,2.864212036E0
9.029779353E0,-2.395629883E-3,-9.119049072E0,3.163314819E0
9.032190242E0,-2.057800293E-1,-9.245864868E0,3.436096191E0
9.034601131E0,-4.307098389E-1,-9.365509033E0,3.728012085E0
9.036981502E0,-7.010955811E-1,-9.418151855E0,4.003189087E0
9.039392391E0,-8.446655273E-1,-9.444473267E0,4.393218994E0
9.041803279E0,-8.518524170E-1,-9.533004761E0,4.680358887E0
9.044214168E0,-7.633056641E-1,-9.628723145E0,4.943572998E0
9.046625057E0,-6.580200195E-1,-9.702896118E0,5.295318604E0
9.049005428E0,-5.694885254E-1,-9.767501831E0,5.551345825E0
9.051416316E0,-6.269226074E-1,-9.757934570E0,5.874374390E0
9.053827205E0,-3.828582764E-1,-9.798614502E0,6.113662720E0
9.056238094E0,-7.656860352E-2,-9.853637695E0,6.360122681E0
9.058618465E0,1.268157959E-1,-9.836898804E0,6.709472656E0
9.061029353E0,2.177429199E-1,-9.779464722E0,7.034896851E0
9.063440242E0,4.019927979E-1,-9.693328857E0,7.336395264E0
9.065851131E0,5.383911133E-1,-9.523437500E0,7.580459595E0
9.068231502E0,8.015899658E-1,-9.406188965E0,7.802993774E0
9.070642391E0,9.762725830E-1,-9.195617676E0,8.039886475E0
9.073053279E0,1.014556885E0,-8.915664673E0,8.190628052E0
9.075464168E0,9.978027344E-1,-8.590240479E0,8.370086670E0
9.077875057E0,1.014556885E0,-8.288742065E0,8.386840820E0
9.080255428E0,1.045669556E0,-7.977676392E0,8.331802368E0
9.082666316E0,1.079162598E0,-7.764709473E0,8.185852051E0
9.085077205E0,1.110275269E0,-7.556533813E0,7.951354980E0
9.087488094E0,1.115051270E0,-7.345962524E0,7.668991089E0
9.089868465E0,1.076766968E0,-7.161712646E0,7.403396606E0
9.092279353E0,1.038482666E0,-7.030120850E0,7.020538330E0
9.094690242E0,7.609100342E-1,-6.862609863E0,6.723831177E0
9.097101131E0,3.613128662E-1,-6.675979614E0,6.451049805E0
9.099481502E0,-7.177734375E-2,-6.537185669E0,6.242874146E0
9.101892391E0,-5.072784424E-1,-6.477371216E0,6.070587158E0
9.104303279E0,-9.595184326E-1,-6.525222778E0,5.879165649E0
9.106714168E0,-1.294509888E0,-6.652053833E0,5.778671265E0
9.109094539E0,-1.497909546E0,-6.900894165E0,5.694915771E0
9.111505428E0,-1.667800903E0,-7.214355469E0,5.706878662E0
9.113916316E0,-1.806579590E0,-7.590026855E0,5.874374390E0
9.116327205E0,-1.964508057E0,-7.987243652E0,6.171096802E0
9.118738094E0,-2.158325195E0,-8.362915039E0,6.575469971E0
9.121118465E0,-2.268402100E0,-8.803192139E0,7.044464111E0
9.123529353E0,-2.163116455E0,-9.245864868E0,7.489532471E0
9.125940242E0,-2.057830811E0,-9.580856323E0,8.015960693E0
9.128351131E0,-1.914260864E0,-9.805786133E0,8.523239136E0
9.130731502E0,-1.856826782E0,-9.844070435E0,8.951553345E0
9.133142391E0,-1.789825439E0,-9.731613159E0,9.245864868E0
9.135553279E0,-1.660614014E0,-9.499511719E0,9.353546143E0
9.137964168E0,-1.531402588E0,-9.238693237E0,9.387039185E0
9.140375057E0,-1.402191162E0,-8.968292236E0,9.372680664E0
9.142755428E0,-1.249053955E0,-8.671585083E0,9.384643555E0
9.145166316E0,-1.076766968E0,-8.346160889E0,9.346359253E0
9.147577205E0,-8.422698975E-1,-8.047058105E0,9.207580566E0
9.149988094E0,-6.029968262E-1,-7.688140869E0,9.016159058E0
9.152368465E0,-3.158569336E-1,-7.367507935E0,8.654846191E0
9.154779353E0,3.588867188E-2,-7.089935303E0,8.267196655E0
9.157190242E0,5.359954834E-1,-6.860229492E0,7.757537842E0
9.159601131E0,1.038482666E0,-6.659225464E0,7.266998291E0
9.161981502E0,1.550552368E0,-6.508483887E0,6.809967041E0
9.164392391E0,2.017150879E0,-6.374481201E0,6.472579956E0
9.166803279E0,2.419143677E0,-6.259628296E0,6.075378418E0
9.169214168E0,2.780456543E0,-6.089736938E0,5.702102661E0
9.171625057E0,3.084350586E0,-5.919845581E0,5.357528687E0
9.174005428E0,3.483947754E0,-5.843276978E0,5.008178711E0
9.176416316E0,3.905090332E0,-5.769088745E0,4.627716064E0
9.178827205E0,4.352539062E0,-5.721237183E0,4.278366089E0
9.181238094E0,4.733001709E0,-5.704483032E0,3.888336182E0
9.183618465E0,5.103897095E0,-5.737991333E0,3.529418945E0
9.186029353E0,5.465209961E0,-5.833694458E0,3.333206177E0
9.188440242E0,5.704483032E0,-5.941375732E0,3.180068970E0
9.190851131E0,5.668594360E0,-6.101699829E0,3.017349243E0
9.193231502E0,5.400604248E0,-6.214157104E0,2.866607666E0
9.195642391E0,5.056030273E0,-6.352951050E0,2.644073486E0
9.198053279E0,4.735397339E0,-6.515655518E0,2.371292114E0
9.200464168E0,4.412368774E0,-6.656829834E0,2.086547852E0
9.202844539E0,4.096511841E0,-6.855438232E0,1.823333740E0
9.205255428E0,3.689727783E0,-7.073181152E0,1.634292603E0
9.207666316E0,3.419342041E0,-7.439285278E0,1.533798218E0
9.210077205E0,3.211166382E0,-7.999206543E0,1.569686890E0
9.212488094E0,3.046066284E0,-8.733810425E0,1.600799561E0
9.214898982E0,2.775680542E0,-9.554534912E0,1.615158081E0
9.217309871E0,2.505279541E0,-1.056192017E1,1.483551025E0
9.219720760E0,2.000396729E0,-1.163868713E1,1.378265381E0
9.222131648E0,1.366302490E0,-1.271545410E1,1.354339600E0
9.224512019E0,7.968139648E-1,-1.385922241E1,1.299301147E0
9.226922908E0,1.220397949E-1,-1.498625183E1,1.174880981E0
9.229333797E0,-6.699829102E-1,-1.613719177E1,9.762725830E-1
9.231744685E0,-1.481155396E0,-1.724029541E1,6.652069092E-1
9.234125057E0,-2.234893799E0,-1.827159119E1,4.019927979E-1
9.236535945E0,-2.885742188E0,-1.928375244E1,2.991027832E-1
9.238946834E0,-3.414550781E0,-2.020260620E1,2.967071533E-1
9.241357723E0,-3.924224854E0,-2.098744202E1,5.048828125E-1
9.243768611E0,-4.333404541E0,-2.163591003E1,7.657012939E-1
9.246148982E0,-4.637283325E0,-2.209771729E1,1.050445557E0
9.248559871E0,-4.723434448E0,-2.236332703E1,1.292129517E0
9.250970760E0,-4.713867188E0,-2.248295593E1,1.500305176E0
9.253381648E0,-4.644470215E0,-2.257867432E1,1.801788330E0
9.255762019E0,-4.555938721E0,-2.274617004E1,2.158325195E0
9.258172908E0,-4.606185913E0,-2.291845703E1,2.378463745E0
9.260583797E0,-4.730606079E0,-2.311706543E1,2.624923706E0
9.262994685E0,-4.840682983E0,-2.327976990E1,2.756530762E0
9.265375057E0,-4.907684326E0,-2.350230408E1,2.878570557E0
9.267785945E0,-4.938781738E0,-2.371047974E1,2.957534790E0
9.270196834E0,-4.711471558E0,-2.392105103E1,2.873779297E0
9.272607723E0,-4.735397339E0,-2.404786682E1,2.775680542E0
9.275018611E0,-4.642074585E0,-2.416511536E1,2.617752075E0
9.277398982E0,-4.508071899E0,-2.414358521E1,2.404785156E0
9.279809871E0,-4.271194458E0,-2.405505371E1,2.163116455E0
9.282220760E0,-3.964904785E0,-2.385884094E1,1.768295288E0
9.284631648E0,-3.517456055E0,-2.356930542E1,1.395019531E0
9.287012019E0,-2.916854858E0,-2.316252136E1,9.236297607E-1
9.289422908E0,-2.419143677E0,-2.258346558E1,5.455627441E-1
9.291833797E0,-2.091323853E0,-2.179861450E1,1.794586182E-1
9.294244685E0,-1.883148193E0,-2.073141479E1,-1.722869873E-1
9.296625057E0,-1.933395386E0,-1.957807922E1,-2.991027832E-1
9.299035945E0,-2.005187988E0,-1.827638245E1,-4.307098389E-1
9.301446834E0,-2.012359619E0,-1.699382019E1,-3.828582764E-1
9.303857723E0,-2.024322510E0,-1.587399292E1,-2.392883301E-1
9.306268611E0,-1.878372192E0,-1.479721069E1,-1.196441650E-1
9.308648982E0,-1.634292603E0,-1.390229797E1,-1.028900146E-1
9.311059871E0,-1.366302490E0,-1.311984253E1,-4.547119141E-2
9.313470760E0,-1.100692749E0,-1.244985962E1,-1.172485352E-1
9.315881648E0,-8.374938965E-1,-1.185882568E1,-2.249298096E-1
9.318262019E0,-5.335998535E-1,-1.133718872E1,-2.392883301E-1
9.320672908E0,-2.512512207E-1,-1.093519592E1,-5.383911133E-1
9.323083797E0,3.349304199E-2,-1.061456299E1,-8.829498291E-1
9.325494685E0,3.373870850E-1,-1.033938599E1,-1.203582764E0
9.327875057E0,6.412811279E-1,-1.012881470E1,-1.497909546E0
9.330285945E0,9.547424316E-1,-1.001875305E1,-1.763504028E0
9.332696834E0,1.277770996E0,-9.987640381E0,-2.120040894E0
9.335107723E0,1.684539795E0,-1.000679016E1,-2.440673828E0
9.337518611E0,1.875976562E0,-9.966110229E0,-2.713455200E0
9.339898982E0,2.088928223E0,-9.918243408E0,-2.902496338E0
9.342309871E0,2.510070801E0,-9.913467407E0,-3.103485107E0
9.344720760E0,2.799606323E0,-9.958923340E0,-3.263809204E0
9.347131648E0,2.967102051E0,-1.006181335E1,-3.337982178E0
9.349512019E0,3.326019287E0,-1.009771729E1,-3.381057739E0
9.351922908E0,3.582061768E0,-1.008813477E1,-3.251846313E0
9.354333797E0,3.704086304E0,-1.010249329E1,-3.074783325E0
9.356744685E0,3.828521729E0,-1.014077759E1,-2.974273682E0
9.359125057E0,3.921829224E0,-1.009292603E1,-2.974273682E0
9.361535945E0,3.895507812E0,-9.997207642E0,-2.813964844E0
9.363946834E0,3.873977661E0,-9.882354736E0,-2.653640747E0
9.366357723E0,3.718444824E0,-9.753143311E0,-2.423934937E0
9.368768611E0,3.601196289E0,-9.633499146E0,-2.194213867E0
9.371148982E0,3.464813232E0,-9.511474609E0,-1.926223755E0
9.373559871E0,3.256637573E0,-9.377471924E0,-1.526626587E0
9.375970760E0,3.038879395E0,-9.224334717E0,-1.067199707E0
9.378381648E0,2.802001953E0,-9.119049072E0,-5.216369629E-1
9.380762019E0,2.742172241E0,-8.994613647E0,6.460571289E-2
9.383172908E0,2.562713623E0,-8.870193481E0,5.120697021E-1
9.385583797E0,2.493316650E0,-8.743377686E0,9.068756104E-1
9.387994685E0,2.435897827E0,-8.571090698E0,1.296905518E0
9.390375057E0,2.251647949E0,-8.384445190E0,1.677368164E0
9.392785945E0,2.014755249E0,-8.248062134E0,2.002792358E0
9.395196834E0,1.820938110E0,-8.109283447E0,2.258819580E0
9.397607723E0,1.634292603E0,-7.944168091E0,2.395217896E0
9.400018611E0,1.526626587E0,-7.759918213E0,2.519638062E0
9.402398982E0,1.519439697E0,-7.556533813E0,2.567504883E0
9.404809871E0,1.416549683E0,-7.345962524E0,2.622528076E0
9.407220760E0,1.308868408E0,-7.109069824E0,2.600997925E0
9.409631648E0,1.062408447E0,-6.893722534E0,2.555541992E0
9.412012019E0,8.279113770E-1,-6.654434204E0,2.543563843E0
9.414422908E0,5.551300049E-1,-6.424728394E0,2.478958130E0
9.416833797E0,2.751770020E-1,-6.202194214E0,2.481353760E0
9.419244685E0,5.024719238E-2,-5.965301514E0,2.466995239E0
9.421625057E0,-1.842498779E-1,-5.759521484E0,2.577072144E0
9.424035945E0,-2.895355225E-1,-5.527420044E0,2.658432007E0
9.426446834E0,-4.187469482E-1,-5.369491577E0,2.823532104E0
9.428857723E0,-5.694885254E-1,-5.249847412E0,2.964706421E0
9.431268611E0,-6.771697998E-1,-5.089538574E0,3.089126587E0
9.433648982E0,-9.858398438E-1,-5.003387451E0,3.175277710E0
9.436059871E0,-1.191619873E0,-4.888534546E0,3.266204834E0
9.438470760E0,-8.925170898E-1,-4.759323120E0,3.266204834E0
9.440881648E0,-7.513427734E-1,-4.682754517E0,3.342773438E0
9.443262019E0,-8.757781982E-1,-4.699508667E0,3.347564697E0
9.445672908E0,-1.124633789E0,-4.835891724E0,3.407379150E0
9.448083797E0,-1.440475464E0,-4.986648560E0,3.491134644E0
9.450494685E0,-1.753936768E0,-5.168502808E0,3.651443481E0
9.452875057E0,-1.952545166E0,-5.319244385E0,3.878768921E0
9.455285945E0,-2.057830811E0,-5.407775879E0,3.998413086E0
9.457696834E0,-2.091323853E0,-5.484344482E0,4.247253418E0
9.460107723E0,-2.055435181E0,-5.577667236E0,4.508071899E0
9.462488094E0,-1.844863892E0,-5.704483032E0,4.802398682E0
9.464898982E0,-1.452438354E0,-5.934204102E0,4.907684326E0
9.467309871E0,-1.454833984E0,-6.262023926E0,4.941177368E0
9.469720760E0,-1.646255493E0,-6.484542847E0,4.948364258E0
9.472131648E0,-1.907073975E0,-6.601791382E0,4.967498779E0
9.474512019E0,-2.050643921E0,-6.604187012E0,4.919647217E0
9.476922908E0,-2.067398071E0,-6.573089600E0,4.914855957E0
9.479333797E0,-2.108078003E0,-6.563507080E0,4.957931519E0
9.481744685E0,-2.163116455E0,-6.599411011E0,4.969894409E0
9.484125057E0,-2.210968018E0,-6.608978271E0,4.943572998E0
9.486535945E0,-2.342575073E0,-6.611373901E0,4.816757202E0
9.488946834E0,-2.411972046E0,-6.644866943E0,4.721038818E0
9.491357723E0,-2.368896484E0,-6.661621094E0,4.603790283E0
9.493768611E0,-2.266006470E0,-6.656829834E0,4.393218994E0
9.496179500E0,-2.158325195E0,-6.601791382E0,4.070190430E0
9.498590389E0,-2.091323853E0,-6.561126709E0,3.713653564E0
9.501001277E0,-1.976470947E0,-6.532409668E0,3.309280396E0
9.503412166E0,-1.847259521E0,-6.496520996E0,2.900100708E0
9.505792537E0,-1.758728027E0,-6.403198242E0,2.385650635E0
9.508203426E0,-1.629516602E0,-6.331405640E0,1.840087891E0
9.510614314E0,-1.490722656E0,-6.285949707E0,1.261016846E0
9.513025203E0,-1.339981079E0,-6.247665405E0,6.053771973E-1
9.515405574E0,-1.229904175E0,-6.214157104E0,-1.004943848E-1
9.517816463E0,-1.136596680E0,-6.211761475E0,-8.279113770E-1
9.520227351E0,-9.954071045E-1,-6.187835693E0,-1.464401245E0
9.522638240E0,-8.087768555E-1,-6.183059692E0,-2.053039551E0
9.525018611E0,-5.790557861E-1,-6.204589844E0,-2.512466431E0
9.527429500E0,-3.469543457E-1,-6.226119995E0,-2.763717651E0
9.529840389E0,-8.853149414E-2,-6.278762817E0,-2.857025146E0
9.532251277E0,6.460571289E-2,-6.305084229E0,-2.720642090E0
9.534662166E0,2.177429199E-1,-6.352951050E0,-2.414352417E0
9.537042537E0,3.469543457E-1,-6.393615723E0,-1.931015015E0
9.539453426E0,4.091796875E-1,-6.431915283E0,-1.313659668E0
9.541864314E0,4.019927979E-1,-6.453445435E0,-6.340942383E-1
9.544275203E0,3.948211670E-1,-6.501296997E0,1.124572754E-1
9.546655574E0,3.613128662E-1,-6.570693970E0,8.470611572E-1
9.549066463E0,3.541412354E-1,-6.640075684E0,1.536193848E0
9.551477351E0,2.919311523E-1,-6.728622437E0,2.175079346E0
9.553888240E0,2.536315918E-1,-6.800399780E0,2.758926392E0
9.556268611E0,1.890258789E-1,-6.869796753E0,3.292526245E0
9.558679500E0,1.890258789E-1,-6.948760986E0,3.773483276E0
9.561090389E0,2.440643311E-1,-6.987045288E0,4.211364746E0
9.563501277E0,2.751770020E-1,-7.020538330E0,4.625320435E0
9.565912166E0,3.708801270E-1,-7.018142700E0,5.070388794E0
9.568292537E0,4.809570312E-1,-7.039688110E0,5.438888550E0
9.570703426E0,6.604156494E-1,-7.097106934E0,5.807388306E0
9.573114314E0,8.614196777E-1,-7.099502563E0,6.206985474E0
9.575525203E0,1.076766968E0,-7.130615234E0,6.654434204E0
9.577905574E0,1.318450928E0,-7.221542358E0,7.128219604E0
9.580316463E0,1.572082520E0,-7.290924072E0,7.592422485E0
9.582727351E0,1.847259521E0,-7.410568237E0,8.116455078E0
9.585138240E0,2.165512085E0,-7.484756470E0,8.642868042E0
9.587518611E0,2.459823608E0,-7.585250854E0,9.169296265E0
9.589929500E0,2.792419434E0,-7.690536499E0,9.681365967E0
9.592340389E0,3.175277710E0,-7.783859253E0,1.014317322E1
9.594751277E0,3.567703247E0,-7.891525269E0,1.055952454E1
9.597162166E0,3.969696045E0,-8.001602173E0,1.096630859E1
9.599542537E0,4.383651733E0,-8.164306641E0,1.128454590E1
9.601953426E0,4.709075928E0,-8.271987915E0,1.149751282E1
9.604364314E0,5.008178711E0,-8.408386230E0,1.160279846E1
9.606775203E0,5.376678467E0,-8.516052246E0,1.164108276E1
9.609155574E0,5.757125854E0,-8.590240479E0,1.159083557E1
9.611566463E0,6.137588501E0,-8.717056274E0,1.145443726E1
9.613977351E0,6.482162476E0,-8.784057617E0,1.125344849E1
9.616388240E0,6.781265259E0,-8.903686523E0,1.095912170E1
9.618768611E0,7.111465454E0,-9.049652100E0,1.058106995E1
9.621179500E0,7.391433716E0,-9.209976196E0,1.019581604E1
9.623590389E0,7.678573608E0,-9.382263184E0,9.762710571E0
9.626001277E0,8.013565063E0,-9.571289062E0,9.358322144E0
9.628412166E0,8.305480957E0,-9.765106201E0,8.970687866E0
9.630792537E0,8.618942261E0,-9.925430298E0,8.554336548E0
9.633203426E0,8.836700439E0,-1.017189026E1,8.190628052E0
9.635614314E0,9.001800537E0,-1.042074585E1,7.836486816E0
9.638025203E0,9.078369141E0,-1.066720581E1,7.496719360E0
9.640405574E0,9.126220703E0,-1.088017273E1,7.216751099E0
9.642816463E0,9.157333374E0,-1.111227417E1,7.061218262E0
9.645227351E0,9.054443359E0,-1.133480835E1,6.972686768E0
9.647638240E0,8.913269043E0,-1.146879578E1,7.030120850E0
9.650018611E0,8.714660645E0,-1.152143860E1,7.195220947E0
9.652429500E0,8.386840820E0,-1.145922852E1,7.420150757E0
9.654840389E0,7.968093872E0,-1.124388123E1,7.688140869E0
9.657251277E0,7.558929443E0,-1.101416016E1,7.925033569E0
9.659662166E0,7.195220947E0,-1.074617004E1,8.121246338E0
9.662042537E0,6.812362671E0,-1.048535156E1,8.207382202E0
9.664453426E0,6.486938477E0,-1.020777893E1,8.226531982E0
9.666864314E0,6.180664062E0,-9.985244751E0,8.111663818E0
9.669275203E0,5.821731567E0,-9.755538940E0,7.898712158E0
9.671655574E0,5.493927002E0,-9.506683350E0,7.554138184E0
9.674066463E0,5.156539917E0,-9.312866211E0,7.121032715E0
9.676477351E0,4.804794312E0,-9.166900635E0,6.599411011E0
9.678888240E0,4.496109009E0,-9.061614990E0,6.029907227E0
9.681268611E0,4.206588745E0,-8.989837646E0,5.412567139E0
9.683679500E0,3.921829224E0,-8.973083496E0,4.780853271E0
9.686090389E0,3.622726440E0,-9.061614990E0,4.242477417E0
9.688501277E0,3.376266479E0,-9.250656128E0,3.704086304E0
9.690912166E0,3.117843628E0,-9.552154541E0,3.273376465E0
9.693292537E0,2.845062256E0,-9.913467407E0,2.897705078E0
9.695703426E0,2.603393555E0,-1.028434753E1,2.557922363E0
9.698114314E0,2.373687744E0,-1.063369751E1,2.306686401E0
9.700525203E0,2.182250977E0,-1.099502563E1,2.079360962E0
9.702905574E0,2.045867920E0,-1.135394287E1,1.849655151E0
9.705316463E0,1.868789673E0,-1.166261292E1,1.646255493E0
9.707727351E0,1.765899658E0,-1.192103577E1,1.569686890E0
9.710138240E0,1.667800903E0,-1.214356995E1,1.579269409E0
9.712518611E0,1.660614014E0,-1.233261108E1,1.753936768E0
9.714929500E0,1.765899658E0,-1.243550110E1,2.163116455E0
9.717340389E0,1.859222412E0,-1.254795837E1,2.849853516E0
9.719751277E0,1.895111084E0,-1.259342957E1,3.768692017E0
9.722131648E0,2.124832153E0,-1.255514526E1,4.938781738E0
9.724542537E0,2.634490967E0,-1.248335266E1,6.144775391E0
9.726953426E0,3.345169067E0,-1.247618103E1,7.333999634E0
9.729364314E0,3.969696045E0,-1.257667542E1,8.226531982E0
9.731775203E0,4.532012939E0,-1.274896240E1,8.796020508E0
9.734155574E0,4.943572998E0,-1.288534546E1,9.092727661E0
9.736566463E0,5.259429932E0,-1.300259399E1,9.023330688E0
9.738977351E0,5.400604248E0,-1.305763245E1,8.592620850E0
9.741388240E0,5.469985962E0,-1.283270264E1,7.791030884E0
9.743768611E0,5.261810303E0,-1.236610413E1,6.759719849E0
9.746179500E0,4.967498779E0,-1.179182434E1,5.592025757E0
9.748590389E0,4.543975830E0,-1.105484009E1,4.393218994E0
9.751001277E0,3.783050537E0,-1.027717590E1,3.034103394E0
9.753412166E0,2.572280884E0,-9.611968994E0,1.730010986E0
9.755792537E0,1.301696777E0,-9.032897949E0,4.881286621E-1
9.758203426E0,1.316070557E-1,-8.585449219E0,-7.058868408E-1
9.760614314E0,-9.571228027E-1,-8.271987915E0,-1.873580933E0
9.763025203E0,-2.134399414E0,-8.063812256E0,-2.964706421E0
9.765405574E0,-3.146560669E0,-7.929809570E0,-3.912261963E0
9.767816463E0,-4.153945923E0,-7.901107788E0,-4.589431763E0
9.770227351E0,-4.953140259E0,-7.939392090E0,-4.984252930E0
9.772638240E0,-5.510665894E0,-8.047058105E0,-5.213958740E0
9.775018611E0,-5.828918457E0,-8.164306641E0,-5.029708862E0
9.777429500E0,-5.943771362E0,-8.303100586E0,-4.378860474E0
9.779840389E0,-6.041870117E0,-8.453842163E0,-3.357131958E0
9.782251277E0,-6.049057007E0,-8.666809082E0,-2.184646606E0
9.784662166E0,-6.254837036E0,-9.090332031E0,-9.714813232E-1
9.787073055E0,-7.032501221E0,-9.499511719E0,9.809875488E-2
9.789483943E0,-7.673782349E0,-9.889541626E0,7.537384033E-1
9.791894832E0,-7.580459595E0,-1.027478027E1,1.251449585E0
9.794305721E0,-7.544570923E0,-1.050448608E1,1.392623901E0
9.796686092E0,-7.657028198E0,-1.079881287E1,1.490722656E0
9.799096980E0,-7.695312500E0,-1.100219727E1,1.466796875E0
9.801507869E0,-7.800598145E0,-1.110031128E1,1.457229614E0
9.803918758E0,-7.800598145E0,-1.109312439E1,1.607971191E0
9.806299129E0,-7.623535156E0,-1.101176453E1,1.768295288E0
9.808710017E0,-7.156936646E0,-1.092802429E1,2.062606812E0
9.811120906E0,-6.817153931E0,-1.083470154E1,2.378463745E0
9.813531795E0,-6.510864258E0,-1.073898315E1,2.591430664E0
9.815942684E0,-6.027526855E0,-1.067437744E1,2.892929077E0
9.818323055E0,-5.737991333E0,-1.064567566E1,3.062820435E0
9.820733943E0,-5.584854126E0,-1.064328003E1,3.005386353E0
9.823144832E0,-5.340774536E0,-1.065763855E1,3.046066284E0
9.825555721E0,-4.680358887E0,-1.076290894E1,3.101104736E0
9.827936092E0,-4.060623169E0,-1.086819458E1,3.043670654E0
9.830346980E0,-3.390625000E0,-1.089930725E1,2.976669312E0
9.832757869E0,-2.670394897E0,-1.100938416E1,3.000595093E0
9.835168758E0,-1.993225098E0,-1.114816284E1,3.010177612E0
9.837549129E0,-1.241882324E0,-1.125105286E1,3.117843628E0
9.839960017E0,-4.761657715E-1,-1.134677124E1,3.208770752E0
9.842370906E0,3.565368652E-1,-1.150468445E1,3.175277710E0
9.844781795E0,1.036087036E0,-1.160519409E1,3.110671997E0
9.847162166E0,1.665405273E0,-1.160758972E1,2.959915161E0
9.849573055E0,2.134399414E0,-1.152622986E1,2.830703735E0
9.851983943E0,2.450256348E0,-1.151666260E1,2.708679199E0
9.854394832E0,2.670394897E0,-1.153819275E1,2.718246460E0
9.856805721E0,2.806777954E0,-1.145205688E1,2.720642090E0
9.859186092E0,3.010177612E0,-1.143290710E1,2.679962158E0
9.861596980E0,3.237487793E0,-1.139222717E1,2.519638062E0
9.864007869E0,3.347564697E0,-1.122233582E1,2.428710938E0
9.866418758E0,3.548553467E0,-1.121037292E1,2.124832153E0
9.868799129E0,3.364303589E0,-1.098306274E1,1.983642578E0
9.871210017E0,3.146560669E0,-1.064567566E1,1.971679688E0
9.873620906E0,3.019744873E0,-1.043270874E1,2.100891113E0
9.876031795E0,2.833099365E0,-1.032263184E1,2.249252319E0
9.878412166E0,2.574676514E0,-1.017668152E1,2.426315308E0
9.880823055E0,2.488540649E0,-1.012164307E1,2.553146362E0
9.883233943E0,2.392822266E0,-1.008335876E1,2.670394897E0
9.885644832E0,2.218139648E0,-1.002832031E1,2.804382324E0
9.888055721E0,2.151153564E0,-1.007377625E1,3.002990723E0
9.890436092E0,1.986038208E0,-1.011924744E1,3.172882080E0
9.892846980E0,1.739578247E0,-1.019821167E1,3.330810547E0
9.895257869E0,1.694122314E0,-1.021257019E1,3.481552124E0
9.897668758E0,1.646255493E0,-1.021974182E1,3.675369263E0
9.900049129E0,1.751541138E0,-1.015513611E1,3.838088989E0
9.902460017E0,1.873580933E0,-1.003788757E1,4.053436279E0
9.904870906E0,1.921432495E0,-9.954147339E0,4.311859131E0
9.907281795E0,1.505081177E0,-9.958923340E0,4.508071899E0
9.909662166E0,1.093521118E0,-9.913467407E0,4.567901611E0
9.912073055E0,9.164581299E-1,-9.853637695E0,4.656433105E0
9.914483943E0,8.805541992E-1,-9.803390503E0,4.776077271E0
9.916894832E0,9.403839111E-1,-9.748352051E0,4.843078613E0
9.919305721E0,1.081558228E0,-9.693328857E0,4.843078613E0
9.921686092E0,8.303070068E-1,-9.511474609E0,4.744964600E0
9.924096980E0,9.092712402E-2,-9.351150513E0,4.354934692E0
9.926507869E0,-1.038482666E0,-9.140579224E0,3.902694702E0
9.928918758E0,-1.416549683E0,-8.992233276E0,3.617950439E0
9.931299129E0,-3.378662109E0,-9.020935059E0,3.505477905E0
9.933710017E0,-4.630111694E0,-9.066406250E0,3.483947754E0
9.936120906E0,-5.309677124E0,-9.195617676E0,3.261413574E0
9.938531795E0,-5.580062866E0,-9.351150513E0,2.943176270E0
9.940912166E0,-5.814559937E0,-9.640686035E0,2.620147705E0
9.943323055E0,-7.171295166E0,-9.779464722E0,2.574676514E0
9.945733943E0,-6.257232666E0,-9.894317627E0,2.084152222E0
9.948144832E0,-6.142379761E0,-9.956542969E0,1.741973877E0
9.950555721E0,-6.250045776E0,-9.927825928E0,1.505081177E0
9.952936092E0,-6.642471313E0,-9.956542969E0,2.014755249E0
9.955346980E0,-7.154541016E0,-1.014556885E1,3.014953613E0
9.957757869E0,-7.781463623E0,-1.037767029E1,4.036697388E0
9.960168758E0,-8.056640625E0,-1.054516602E1,4.508071899E0
9.962549129E0,-7.573287964E0,-1.094477844E1,4.512863159E0
9.964960017E0,-6.874572754E0,-1.136351013E1,4.252044678E0
9.967370906E0,-5.893524170E0,-1.166500854E1,3.804580688E0
9.969781795E0,-4.816757202E0,-1.178225708E1,3.424133301E0
9.972162166E0,-3.986450195E0,-1.192822266E1,3.048461914E0
9.974573055E0,-3.361923218E0,-1.188275146E1,2.857025146E0
9.976983943E0,-2.653640747E0,-1.169851685E1,2.813964844E0
9.979394832E0,-1.914260864E0,-1.139462280E1,2.952743530E0
9.981805721E0,-1.062408447E0,-1.103570557E1,3.218353271E0
9.984186092E0,-2.560272217E-1,-1.039202881E1,3.440872192E0
9.986596980E0,-9.332275391E-2,-9.966110229E0,3.627517700E0
9.989007869E0,-9.571838379E-2,-9.958923340E0,4.058227539E0
9.991418758E0,-1.746826172E-1,-9.681365967E0,4.072586060E0
9.993799129E0,-9.092712402E-2,-9.379867554E0,4.027114868E0
9.996210017E0,0.000000000E0,-9.066406250E0,4.058227539E0
9.998620906E0,1.124572754E-1,-8.733810425E0,4.199401855E0
1.000103180E1,2.512512207E-1,-8.415557861E0,4.321441650E0
1.000341217E1,4.713897705E-1,-8.137985229E0,4.460220337E0
1.000582306E1,5.694885254E-1,-7.982452393E0,4.613357544E0
1.000823394E1,8.039855957E-1,-7.647460938E0,4.706680298E0
1.001064483E1,1.150955200E0,-7.185653687E0,4.898101807E0
1.001305572E1,1.529006958E0,-6.853042603E0,4.948364258E0
1.001543609E1,1.840087891E0,-6.573089600E0,4.823928833E0
1.001784698E1,1.921432495E0,-6.302688599E0,4.673187256E0
1.002025787E1,1.940582275E0,-6.128021240E0,4.553543091E0
1.002266876E1,1.825729370E0,-5.998809814E0,4.390823364E0
1.002504913E1,1.629516602E0,-5.919845581E0,4.285552979E0
1.002746002E1,1.490722656E0,-5.869598389E0,4.192230225E0
1.002987091E1,1.454833984E0,-5.960525513E0,4.082153320E0
1.003228180E1,1.488342285E0,-6.056228638E0,3.960128784E0
1.003466217E1,1.533798218E0,-6.204589844E0,3.821334839E0
1.003707306E1,1.615158081E0,-6.422332764E0,3.644271851E0
1.003948394E1,1.794616699E0,-6.678375244E0,3.364303589E0
1.004189483E1,1.852050781E0,-6.953536987E0,3.134597778E0
1.004430572E1,1.926223755E0,-7.164108276E0,2.914459229E0
1.004668609E1,2.031509399E0,-7.444076538E0,2.648849487E0
1.004909698E1,2.129608154E0,-7.738388062E0,2.325820923E0
1.005150787E1,2.172683716E0,-7.999206543E0,2.014755249E0
1.005391876E1,2.337783813E0,-8.283950806E0,1.670196533E0
1.005629913E1,2.383255005E0,-8.556732178E0,1.426116943E0
1.005871002E1,2.462219238E0,-8.800796509E0,1.239486694E0
1.006112091E1,2.517242432E0,-8.980270386E0,1.110275269E0
1.006353180E1,2.600997925E0,-9.200408936E0,9.547424316E-1
1.006594268E1,2.682357788E0,-9.365509033E0,8.518524170E-1
1.006835357E1,2.794815063E0,-9.494720459E0,7.704925537E-1
1.007076446E1,2.816345215E0,-9.544967651E0,7.298126221E-1
1.007317535E1,2.854644775E0,-9.521041870E0,7.082824707E-1
1.007558624E1,2.919250488E0,-9.470794678E0,6.986999512E-1
1.007796661E1,2.959915161E0,-9.379867554E0,6.723785400E-1
1.008037750E1,2.945571899E0,-9.291336060E0,6.604156494E-1
1.008278839E1,2.955139160E0,-9.193222046E0,6.556396484E-1
1.008519928E1,2.964706421E0,-9.109481812E0,6.197357178E-1
1.008757965E1,2.981460571E0,-9.025726318E0,5.886383057E-1
1.008999054E1,2.952743530E0,-8.901306152E0,6.029968262E-1
1.009240142E1,2.897705078E0,-8.784057617E0,5.934143066E-1
1.009481231E1,2.813964844E0,-8.702697754E0,5.934143066E-1
1.009719268E1,2.677566528E0,-8.604583740E0,5.551300049E-1
1.009960357E1,2.565109253E0,-8.549560547E0,5.958099365E-1
1.010201446E1,2.361709595E0,-8.518447876E0,5.982055664E-1
1.010442535E1,2.084152222E0,-8.441879272E0,7.010955811E-1
1.010680572E1,1.849655151E0,-8.408386230E0,7.465667725E-1
1.010921661E1,1.674972534E0,-8.389236450E0,8.039855957E-1
1.011162750E1,1.445266724E0,-8.396408081E0,8.685913086E-1
1.011403839E1,1.186843872E0,-8.420349121E0,1.060012817E0
1.011644928E1,9.499511719E-1,-8.403594971E0,1.179656982E0
1.011882965E1,6.652069092E-1,-8.410766602E0,1.325622559E0
1.012124054E1,3.493499756E-1,-8.394027710E0,1.588836670E0
1.012365142E1,8.375549316E-2,-8.420349121E0,1.883148193E0
1.012606231E1,-8.613586426E-2,-8.482559204E0,2.191818237E0
1.012844268E1,-2.727813721E-1,-8.542373657E0,2.502899170E0
1.013085357E1,-5.623168945E-1,-8.597412109E0,2.849853516E0
1.013326446E1,-9.092712402E-1,-8.614166260E0,3.285339355E0
1.013567535E1,-1.194015503E0,-8.640487671E0,3.699310303E0
1.013805572E1,-1.435699463E0,-8.657226562E0,4.051055908E0
1.014046661E1,-1.603195190E0,-8.729019165E0,4.352539062E0
1.014287750E1,-1.643875122E0,-8.846267700E0,4.694717407E0
1.014528839E1,-1.641479492E0,-8.999404907E0,5.096710205E0
1.014769928E1,-1.584045410E0,-9.142974854E0,5.381454468E0
1.015007965E1,-1.481155396E0,-9.265014648E0,5.694915771E0
1.015249054E1,-1.464401245E0,-9.310470581E0,6.084945679E0
1.015490142E1,-1.339981079E0,-9.418151855E0,6.400802612E0
1.015731231E1,-1.275375366E0,-9.482757568E0,6.790832520E0
1.015969268E1,-9.858398438E-1,-9.616760254E0,7.013366699E0
1.016210357E1,-8.087768555E-1,-9.688537598E0,7.233505249E0
1.016451446E1,-7.465667725E-1,-9.714859009E0,7.465606689E0
1.016692535E1,-5.072784424E-1,-9.734008789E0,7.738388062E0
1.016930572E1,-2.727813721E-1,-9.724426270E0,7.984848022E0
1.017171661E1,-1.268157959E-1,-9.638290405E0,8.185852051E0
1.017412750E1,-9.567260742E-3,-9.494720459E0,8.396408081E0
1.017653839E1,-4.307556152E-2,-9.257827759E0,8.590240479E0
1.017894928E1,-1.986083984E-1,-8.930007935E0,8.774475098E0
1.018132965E1,-1.914978027E-2,-8.726623535E0,8.731414795E0
1.018374054E1,2.321014404E-1,-8.559127808E0,8.583053589E0
1.018615142E1,2.847442627E-1,-8.370086670E0,8.480163574E0
1.018856231E1,4.929199219E-1,-8.262420654E0,8.248062134E0
1.019094268E1,6.436767578E-1,-8.142776489E0,7.963317871E0
1.019335357E1,6.508483887E-1,-8.023132324E0,7.690536499E0
1.019576446E1,5.479583740E-1,-7.896316528E0,7.369888306E0
1.019817535E1,4.211425781E-1,-7.814956665E0,7.061218262E0
1.020055572E1,2.943115234E-1,-7.802993774E0,6.723831177E0
1.020296661E1,1.651000977E-1,-7.807785034E0,6.419937134E0
1.020537750E1,-3.349304199E-2,-7.874786377E0,6.211761475E0
1.020778839E1,-2.344970703E-1,-7.965713501E0,5.989242554E0
1.021019928E1,-5.790557861E-1,-8.066207886E0,5.927017212E0
1.021257965E1,-8.398742676E-1,-8.216949463E0,5.977264404E0
1.021499054E1,-9.499511719E-1,-8.480163574E0,5.974884033E0
1.021740142E1,-1.086334229E0,-8.745773315E0,6.029907227E0
1.021981231E1,-1.191619873E0,-9.016159058E0,6.216552734E0
1.022219268E1,-1.263412476E0,-9.291336060E0,6.506088257E0
1.022460357E1,-1.265808105E0,-9.521041870E0,6.884155273E0
1.022701446E1,-1.275375366E0,-9.655044556E0,7.257431030E0
1.022942535E1,-1.256225586E0,-9.762710571E0,7.657028198E0
1.023180572E1,-1.158126831E0,-9.724426270E0,8.018356323E0
1.023421661E1,-1.124633789E0,-9.537796021E0,8.322235107E0
1.023662750E1,-1.198806763E0,-9.257827759E0,8.580657959E0
1.023903839E1,-1.246658325E0,-8.896514893E0,8.717056274E0
1.024144928E1,-1.261016846E0,-8.568695068E0,8.774475098E0
1.024382965E1,-1.198806763E0,-8.264816284E0,8.798416138E0
1.024624054E1,-1.007385254E0,-8.013565063E0,8.743377686E0
1.024865142E1,-6.891326904E-1,-7.817352295E0,8.633300781E0
1.025106231E1,-3.182525635E-1,-7.673782349E0,8.573486328E0
1.025344268E1,1.387786865E-1,-7.609176636E0,8.413162231E0
1.025585357E1,5.647125244E-1,-7.532608032E0,8.252853394E0
1.025826446E1,9.475555420E-1,-7.432113647E0,8.015960693E0
1.026067535E1,1.256225586E0,-7.240676880E0,7.762313843E0
1.026305572E1,1.409378052E0,-7.001403809E0,7.424926758E0
1.026546661E1,1.579269409E0,-6.742980957E0,6.996612549E0
1.026787750E1,1.804183960E0,-6.503692627E0,6.522827148E0
1.027028839E1,2.170288086E0,-6.293121338E0,6.072982788E0
1.027269928E1,2.562713623E0,-6.113662720E0,5.611175537E0
1.027507965E1,2.969497681E0,-5.948562622E0,5.249847412E0
1.027749054E1,3.404983521E0,-5.848052979E0,4.919647217E0
1.027990142E1,3.749557495E0,-5.759521484E0,4.630111694E0
1.028231231E1,4.108474731E0,-5.769088745E0,4.398010254E0
1.028469268E1,4.529617310E0,-5.793029785E0,4.216156006E0
1.028710357E1,4.792816162E0,-5.883956909E0,4.158721924E0
1.028951446E1,4.869400024E0,-5.950942993E0,4.230514526E0
1.029192535E1,4.768890381E0,-6.037094116E0,4.280761719E0
1.029430572E1,4.620544434E0,-6.187835693E0,4.177871704E0
1.029671661E1,4.412368774E0,-6.333801270E0,4.063018799E0
1.029912750E1,4.235290527E0,-6.491729736E0,3.864410400E0
1.030153839E1,4.125228882E0,-6.692718506E0,3.613159180E0
1.030394928E1,4.070190430E0,-6.879364014E0,3.316452026E0
1.030632965E1,3.952941895E0,-7.058822632E0,3.053237915E0
1.030874054E1,3.672988892E0,-7.307678223E0,2.902496338E0
1.031115142E1,3.436096191E0,-7.783859253E0,2.873779297E0
1.031356231E1,3.448059082E0,-8.415557861E0,2.828323364E0
1.031594268E1,3.342773438E0,-9.138183594E0,2.732604980E0
1.031835357E1,3.144165039E0,-1.000439453E1,2.466995239E0
1.032076446E1,2.919250488E0,-1.093280029E1,2.110473633E0
1.032317535E1,2.529220581E0,-1.192343140E1,1.804183960E0
1.032555572E1,1.919036865E0,-1.291166687E1,1.584045410E0
1.032796661E1,1.177261353E0,-1.393101501E1,1.418945312E0
1.033037750E1,4.689941406E-1,-1.497189331E1,1.304092407E0
1.033278839E1,-1.483612061E-1,-1.612283325E1,1.100692749E0
1.033519928E1,-7.752685547E-1,-1.736711121E1,8.039855957E-1
1.033757965E1,-1.339981079E0,-1.860897827E1,4.450683594E-1
1.033999054E1,-1.785049438E0,-1.984606934E1,1.603240967E-1
1.034240142E1,-2.239685059E0,-2.096830750E1,8.135986328E-2
1.034481231E1,-2.569885254E0,-2.194458008E1,1.674957275E-1
1.034719268E1,-2.778060913E0,-2.271028137E1,3.541412354E-1
1.034960357E1,-2.969497681E0,-2.332284546E1,6.029968262E-1
1.035201446E1,-3.259017944E0,-2.382533264E1,8.518524170E-1
1.035442535E1,-3.510269165E0,-2.418664551E1,1.127014160E0
1.035683624E1,-4.170684814E0,-2.449053955E1,1.454833984E0
1.035924713E1,-4.802398682E0,-2.469392395E1,1.933395386E0
1.036165802E1,-5.096710205E0,-2.487817383E1,2.388031006E0
1.036406890E1,-5.359924316E0,-2.509114075E1,2.744567871E0
1.036644928E1,-5.218750000E0,-2.530648804E1,2.964706421E0
1.036886016E1,-4.955535889E0,-2.539741516E1,3.139389038E0
1.037127105E1,-4.898101807E0,-2.530171204E1,3.385848999E0
1.037368194E1,-4.524826050E0,-2.515574646E1,3.369094849E0
1.037609283E1,-4.132400513E0,-2.491885376E1,3.139389038E0
1.037847320E1,-3.871582031E0,-2.458146667E1,2.967102051E0
1.038088409E1,-3.366699219E0,-2.412203979E1,2.648849487E0
1.038329498E1,-2.912063599E0,-2.360279846E1,2.282745361E0
1.038570587E1,-2.239685059E0,-2.305723572E1,1.684539795E0
1.038808624E1,-1.732406616E0,-2.235374451E1,1.201202393E0
1.039049713E1,-1.552947998E0,-2.145166016E1,8.135528564E-1
1.039290802E1,-1.600799561E0,-2.036531067E1,6.364898682E-1
1.039531890E1,-1.617553711E0,-1.921914673E1,4.881286621E-1
1.039769928E1,-1.703689575E0,-1.796052551E1,5.335998535E-1
1.040011016E1,-1.765899658E0,-1.672583008E1,7.537384033E-1
1.040252105E1,-1.562515259E0,-1.564187622E1,9.451599121E-1
1.040493194E1,-1.335189819E0,-1.461535645E1,1.354339600E0
1.040734283E1,-1.071990967E0,-1.371804810E1,1.529006958E0
1.040972320E1,-8.279113770E-1,-1.293081665E1,1.617553711E0
1.041213409E1,-3.517456055E-1,-1.228713989E1,1.519439697E0
1.041454498E1,-1.675415039E-2,-1.183489990E1,1.189239502E0
1.041695587E1,2.440643311E-1,-1.147358704E1,6.316986084E-1
1.041933624E1,3.948211670E-1,-1.116012573E1,8.853149414E-2
1.042174713E1,4.115600586E-1,-1.083470154E1,-4.498443604E-1
1.042415802E1,5.503540039E-1,-1.052842712E1,-8.685913086E-1
1.042656890E1,6.652069092E-1,-1.023170471E1,-1.292129517E0
1.042897979E1,9.810638428E-1,-1.004985046E1,-1.746765137E0
1.043136016E1,1.452438354E0,-9.982849121E0,-2.170288086E0
1.043377105E1,1.737182617E0,-9.908676147E0,-2.596206665E0
1.043618194E1,2.084152222E0,-9.851257324E0,-2.921630859E0
1.043859283E1,2.447860718E0,-9.834503174E0,-3.294921875E0
1.044097320E1,2.713455200E0,-9.815353394E0,-3.665802002E0
1.044338409E1,2.921630859E0,-9.753143311E0,-4.043869019E0
1.044579498E1,3.141769409E0,-9.745971680E0,-4.371688843E0
1.044820587E1,3.316452026E0,-9.659820557E0,-4.697113037E0
1.045058624E1,3.433700562E0,-9.585647583E0,-4.912460327E0
1.045299713E1,3.464813232E0,-9.442077637E0,-4.984252930E0
1.045540802E1,3.455230713E0,-9.320037842E0,-4.931610107E0
1.045781890E1,3.469589233E0,-9.178863525E0,-4.776077271E0
1.046019928E1,3.464813232E0,-9.044876099E0,-4.615753174E0
1.046261016E1,3.330810547E0,-8.910873413E0,-4.407577515E0
1.046502105E1,3.251846313E0,-8.764907837E0,-3.948150635E0
1.046743194E1,3.156127930E0,-8.587844849E0,-3.421737671E0
1.046984283E1,3.029312134E0,-8.437088013E0,-2.921630859E0
1.047222320E1,2.919250488E0,-8.307876587E0,-2.390426636E0
1.047463409E1,2.746963501E0,-8.204986572E0,-1.768295288E0
1.047704498E1,2.651245117E0,-8.087738037E0,-1.107879639E0
1.047945587E1,2.596206665E0,-8.015960693E0,-4.761657715E-1
1.048183624E1,2.550750732E0,-7.920242310E0,1.268157959E-1
1.048424713E1,2.510070801E0,-7.788635254E0,6.699829102E-1
1.048665802E1,2.414352417E0,-7.657028198E0,1.098312378E0
1.048906890E1,2.258819580E0,-7.508682251E0,1.402191162E0
1.049144928E1,2.084152222E0,-7.367507935E0,1.576873779E0
1.049386016E1,1.782653809E0,-7.195220947E0,1.581649780E0
1.049627105E1,1.560119629E0,-6.958328247E0,1.414154053E0
1.049868194E1,1.375869751E0,-6.776473999E0,1.115051270E0
1.050109283E1,1.225128174E0,-6.575469971E0,7.848510742E-1
1.050347320E1,1.045669556E0,-6.340972900E0,5.072784424E-1
1.050588409E1,8.207397461E-1,-6.223724365E0,3.900299072E-1
1.050829498E1,6.077728271E-1,-6.061019897E0,3.110656738E-1
1.051070587E1,4.139556885E-1,-5.910278320E0,2.967071533E-1
1.051308624E1,2.488555908E-1,-5.807388306E0,3.876342773E-1
1.051549713E1,1.124572754E-1,-5.704483032E0,5.766754150E-1
1.051790802E1,-4.307556152E-2,-5.637496948E0,7.680969238E-1
1.052031890E1,-1.268157959E-1,-5.601593018E0,9.547424316E-1
1.052269928E1,-2.225341797E-1,-5.536987305E0,1.112655640E0
1.052511016E1,-2.057800293E-1,-5.496307373E0,1.251449585E0
1.052752105E1,-7.896423340E-2,-5.455642700E0,1.406982422E0
1.052993194E1,-1.603240967E-1,-5.398208618E0,1.591232300E0
1.053234283E1,-4.283142090E-1,-5.352737427E0,1.828109741E0
1.053472320E1,-7.441711426E-1,-5.350357056E0,2.117645264E0
1.053713409E1,-1.069595337E0,-5.345565796E0,2.344970703E0
1.053954498E1,-1.497909546E0,-5.391036987E0,2.778060913E0
1.054195587E1,-1.859222412E0,-5.388641357E0,3.170486450E0
1.054433624E1,-2.036285400E0,-5.386245728E0,3.651443481E0
1.054674713E1,-1.770690918E0,-5.326416016E0,4.165908813E0
1.054915802E1,-9.762725830E-1,-5.458023071E0,4.579864502E0
1.055156890E1,-8.111724854E-1,-5.804992676E0,4.723434448E0
1.055394928E1,-8.518524170E-1,-6.070587158E0,4.998611450E0
1.055636016E1,-1.265808105E0,-6.216552734E0,5.072784424E0
1.055877105E1,-1.785049438E0,-6.257232666E0,4.960327148E0
1.056118194E1,-2.076965332E0,-6.202194214E0,4.967498779E0
1.056359283E1,-2.210968018E0,-6.159118652E0,5.099105835E0
1.056597320E1,-2.349746704E0,-6.144775391E0,5.194824219E0
1.056838409E1,-2.526824951E0,-6.144775391E0,5.242675781E0
1.057079498E1,-2.684753418E0,-6.125625610E0,5.369491577E0
1.057320587E1,-2.864212036E0,-6.065811157E0,5.398208618E0
1.057558624E1,-3.053237915E0,-6.005981445E0,5.498703003E0
1.057799713E1,-3.184844971E0,-5.941375732E0,5.503494263E0
1.058040802E1,-3.247055054E0,-5.852844238E0,5.469985962E0
1.058281890E1,-3.304489136E0,-5.752349854E0,5.357528687E0
1.058519928E1,-3.326019287E0,-5.649459839E0,5.225921631E0
1.058761016E1,-3.309280396E0,-5.544174194E0,4.984252930E0
1.059002105E1,-3.266204834E0,-5.424530029E0,4.682754517E0
1.059243194E1,-3.175277710E0,-5.338394165E0,4.331008911E0
1.059484283E1,-3.077163696E0,-5.235488892E0,3.952941895E0
1.059722320E1,-2.926422119E0,-5.166107178E0,3.567703247E0
1.059963409E1,-2.763717651E0,-5.082351685E0,3.182449341E0
1.060204498E1,-2.550750732E0,-5.036895752E0,2.790023804E0
1.060445587E1,-2.311462402E0,-5.046463013E0,2.419143677E0
1.060683624E1,-2.086547852E0,-5.039291382E0,1.993225098E0
1.060924713E1,-1.830505371E0,-5.041671753E0,1.612762451E0
1.061165802E1,-1.593612671E0,-5.120635986E0,1.174880981E0
1.061406890E1,-1.356735229E0,-5.197204590E0,7.537384033E-1
1.061644928E1,-1.177261353E0,-5.271392822E0,3.804626465E-1
1.061886016E1,-9.906311035E-1,-5.374282837E0,9.092712402E-2
1.062127105E1,-8.494567871E-1,-5.460418701E0,-1.076812744E-1
1.062368194E1,-7.465667725E-1,-5.584854126E0,-1.818542480E-1
1.062606231E1,-6.412811279E-1,-5.682952881E0,-1.507415771E-1
1.062847320E1,-5.359954834E-1,-5.773880005E0,4.067993164E-2
1.063088409E1,-4.809570312E-1,-5.871994019E0,3.038940430E-1
1.063329498E1,-4.259185791E-1,-5.970092773E0,6.101684570E-1
1.063570587E1,-3.972015381E-1,-6.041870117E0,1.000198364E0
1.063811676E1,-3.541412354E-1,-6.123229980E0,1.397415161E0
1.064052764E1,-3.517456055E-1,-6.214157104E0,1.763504028E0
1.064293853E1,-2.775726318E-1,-6.271591187E0,2.170288086E0
1.064534942E1,-1.938171387E-1,-6.364913940E0,2.612960815E0
1.064772979E1,-1.914978027E-2,-6.463012695E0,3.091522217E0
1.065014068E1,1.674957275E-1,-6.558731079E0,3.601196289E0
1.065255157E1,4.283142090E-1,-6.664016724E0,4.125228882E0
1.065496246E1,7.178497314E-1,-6.802795410E0,4.668395996E0
1.065734283E1,1.088729858E0,-6.948760986E0,5.237884521E0
1.065975372E1,1.469192505E0,-7.123428345E0,5.807388306E0
1.066216461E1,1.897506714E0,-7.245468140E0,6.391235352E0
1.066457550E1,2.333007812E0,-7.444076538E0,6.960723877E0
1.066698639E1,2.806777954E0,-7.592422485E0,7.573287964E0
1.066936676E1,3.316452026E0,-7.762313843E0,8.161911011E0
1.067177764E1,3.833297729E0,-7.913070679E0,8.819946289E0
1.067418853E1,4.388442993E0,-8.099700928E0,9.449264526E0
1.067659942E1,4.934005737E0,-8.257629395E0,9.966110229E0
1.067897979E1,5.508270264E0,-8.429916382E0,1.045184326E1
1.068139068E1,6.094512939E0,-8.587844849E0,1.081077576E1
1.068380157E1,6.707077026E0,-8.772094727E0,1.105244446E1
1.068621246E1,7.262222290E0,-8.908477783E0,1.115773010E1
1.068862335E1,7.807785034E0,-9.035293579E0,1.107398987E1
1.069100372E1,8.367706299E0,-9.176467896E0,1.083470154E1
1.069341461E1,8.913269043E0,-9.339187622E0,1.058345032E1
1.069582550E1,9.468399048E0,-9.542572021E0,1.021017456E1
1.069823639E1,1.001396179E1,-9.841674805E0,9.822540283E0
1.070061676E1,1.055474854E1,-1.014796448E1,9.434906006E0
1.070302764E1,1.105484009E1,-1.047578430E1,9.126220703E0
1.070543853E1,1.155732727E1,-1.082991028E1,8.889343262E0
1.070784942E1,1.203350830E1,-1.116252136E1,8.671585083E0
1.071022979E1,1.242353821E1,-1.149034119E1,8.544769287E0
1.071264068E1,1.283509827E1,-1.183729553E1,8.525634766E0
1.071505157E1,1.315335083E1,-1.218185425E1,8.566299438E0
1.071746246E1,1.338305664E1,-1.243070984E1,8.697906494E0
1.071987335E1,1.342134094E1,-1.263171387E1,8.927627563E0
1.072225372E1,1.329452515E1,-1.271784973E1,9.272186279E0
1.072466461E1,1.295953369E1,-1.266043091E1,9.633499146E0
1.072707550E1,1.245463562E1,-1.250727844E1,1.005224609E1
1.072948639E1,1.174157715E1,-1.230389404E1,1.043988037E1
1.073186676E1,1.095195007E1,-1.206939697E1,1.073898315E1
1.073427764E1,1.006181335E1,-1.181576538E1,1.095434570E1
1.073668853E1,9.174087524E0,-1.154058838E1,1.102851868E1
1.073909942E1,8.233703613E0,-1.133001709E1,1.095912170E1
1.074147979E1,7.326828003E0,-1.118405151E1,1.078923035E1
1.074389068E1,6.494125366E0,-1.107398987E1,1.047578430E1
1.074630157E1,5.694915771E0,-1.099502563E1,1.008575439E1
1.074871246E1,5.017745972E0,-1.093759155E1,9.528213501E0
1.075109283E1,4.417144775E0,-1.084906006E1,8.839080811E0
1.075350372E1,3.862014771E0,-1.082034302E1,8.011169434E0
1.075591461E1,3.359527588E0,-1.074137878E1,7.087539673E0
1.075832550E1,2.943176270E0,-1.067199707E1,6.053848267E0
1.076073639E1,2.648849487E0,-1.057148743E1,5.041671753E0
1.076311676E1,2.366500854E0,-1.051406860E1,4.029510498E0
1.076552764E1,2.108078003E0,-1.046142578E1,3.022140503E0
1.076793853E1,1.866409302E0,-1.044706726E1,2.053039551E0
1.077034942E1,1.660614014E0,-1.049731445E1,1.210769653E0
1.077272979E1,1.445266724E0,-1.060737610E1,4.546356201E-1
1.077514068E1,1.306488037E0,-1.081794739E1,-1.842498779E-1
1.077755157E1,1.234695435E0,-1.111705017E1,-7.465667725E-1
1.077996246E1,1.150955200E0,-1.146162415E1,-1.172485352E0
1.078234283E1,1.124633789E0,-1.180140686E1,-1.368698120E0
1.078475372E1,1.129409790E0,-1.214356995E1,-1.287338257E0
1.078716461E1,1.179656982E0,-1.249053955E1,-8.877410889E-1
1.078957550E1,1.344772339E0,-1.277049255E1,-1.244201660E-1
1.079198639E1,1.629516602E0,-1.302174377E1,9.475555420E-1
1.079436676E1,1.931015015E0,-1.317248535E1,2.280364990E0
1.079677764E1,2.385650635E0,-1.330169678E1,3.759124756E0
1.079918853E1,2.830703735E0,-1.345722961E1,5.355133057E0
1.080159942E1,3.194412231E0,-1.363670349E1,6.905685425E0
1.080397979E1,3.483947754E0,-1.381376648E1,8.298309326E0
1.080639068E1,3.567703247E0,-1.396450806E1,9.389434814E0
1.080880157E1,3.476776123E0,-1.422055054E1,9.745971680E0
1.081121246E1,3.203994751E0,-1.471347046E1,9.485153198E0
1.081359283E1,2.797210693E0,-1.515614319E1,8.834304810E0
1.081600372E1,2.385650635E0,-1.550549316E1,7.891525269E0
1.081841461E1,1.792221069E0,-1.568255615E1,6.699905396E0
1.082082550E1,1.105484009E0,-1.554617310E1,5.223526001E0
1.082323639E1,2.943115234E-1,-1.506521606E1,3.615554810E0
1.082561676E1,-4.522399902E-1,-1.419900513E1,1.945358276E0
1.082802764E1,-1.031311035E0,-1.295234680E1,3.278198242E-1
1.083043853E1,-1.521835327E0,-1.154536438E1,-9.667053223E-1
1.083284942E1,-2.179855347E0,-1.022932434E1,-2.084152222E0
1.083522979E1,-2.857025146E0,-9.123840332E0,-2.991027832E0
1.083764068E1,-3.223129272E0,-8.245666504E0,-3.601196289E0
1.084005157E1,-3.538986206E0,-7.666610718E0,-3.914657593E0
1.084246246E1,-3.967300415E0,-7.355529785E0,-3.957733154E0
1.084484283E1,-4.340576172E0,-7.168899536E0,-3.737594604E0
1.084725372E1,-4.668395996E0,-7.116256714E0,-3.340377808E0
1.084966461E1,-4.893325806E0,-7.166503906E0,-2.749359131E0
1.085207550E1,-5.170883179E0,-7.314865112E0,-2.230117798E0
1.085448639E1,-5.484344482E0,-7.642669678E0,-1.469192505E0
1.085686676E1,-5.977264404E0,-8.094924927E0,-5.288085938E-1
1.085927764E1,-6.953536987E0,-8.554336548E0,9.571838379E-2
1.086168853E1,-7.245468140E0,-9.008972168E0,4.307098389E-1
1.086409942E1,-7.013366699E0,-9.410964966E0,7.992095947E-1
1.086647979E1,-6.661621094E0,-9.800994873E0,1.203582764E0
1.086889068E1,-6.671188354E0,-1.028195190E1,1.359130859E0
1.087130157E1,-6.620941162E0,-1.073181152E1,1.299301147E0
1.087371246E1,-6.652053833E0,-1.105484009E1,1.270584106E0
1.087609283E1,-6.565902710E0,-1.131086731E1,1.170089722E0
1.087850372E1,-6.293121338E0,-1.145683289E1,1.320831299E0
1.088091461E1,-5.893524170E0,-1.149511719E1,1.526626587E0
1.088332550E1,-5.730804443E0,-1.141137695E1,1.624725342E0
1.088573639E1,-5.412567139E0,-1.134915161E1,1.830505371E0
1.088811676E1,-5.168502808E0,-1.118644714E1,2.031509399E0
1.089052764E1,-5.029708862E0,-1.104766846E1,1.978866577E0
1.089293853E1,-4.914855957E0,-1.094715881E1,2.007583618E0
1.089534942E1,-4.821533203E0,-1.090170288E1,1.868789673E0
1.089772979E1,-4.457824707E0,-1.090647888E1,1.775466919E0
1.090014068E1,-4.278366089E0,-1.087059021E1,1.691726685E0
1.090255157E1,-4.180267334E0,-1.079881287E1,1.660614014E0
1.090496246E1,-3.775878906E0,-1.078684998E1,1.713256836E0
1.090734283E1,-3.383453369E0,-1.078684998E1,1.859222412E0
1.090975372E1,-3.031707764E0,-1.075094604E1,2.079360962E0
1.091216461E1,-2.450256348E0,-1.070309448E1,2.280364990E0
1.091457550E1,-1.801788330E0,-1.067677307E1,2.529220581E0
1.091695587E1,-1.328018188E0,-1.060020447E1,2.833099365E0
1.091936676E1,-1.174880981E0,-1.061216736E1,3.084350586E0
1.092177764E1,-8.303070068E-1,-1.061935425E1,3.306884766E0
1.092418853E1,-4.474639893E-1,-1.058824158E1,3.376266479E0
1.092659942E1,9.567260742E-3,-1.055952454E1,3.421737671E0
1.092901031E1,4.474639893E-1,-1.042791748E1,3.342773438E0
1.093142120E1,9.690856934E-1,-1.027238464E1,3.247055054E0
1.093383209E1,1.481155396E0,-1.012164307E1,3.069992065E0
1.093624298E1,1.909469604E0,-9.939788818E0,2.902496338E0
1.093862335E1,2.218139648E0,-9.745971680E0,2.682357788E0
1.094103424E1,2.529220581E0,-9.619140625E0,2.407180786E0
1.094344512E1,2.711074829E0,-9.554534912E0,2.203796387E0
1.094585601E1,2.512466431E0,-9.631118774E0,2.294723511E0
1.094826690E1,2.201400757E0,-9.815353394E0,2.730209351E0
1.095064727E1,1.804183960E0,-9.891921997E0,3.160919189E0
1.095305816E1,1.672576904E0,-9.899108887E0,3.495910645E0
1.095546905E1,1.674972534E0,-9.829711914E0,3.730407715E0
1.095787994E1,1.679763794E0,-9.698104858E0,3.914657593E0
1.096026031E1,1.581649780E0,-9.549758911E0,4.125228882E0
1.096267120E1,1.543365479E0,-9.432510376E0,4.398010254E0
1.096508209E1,1.548156738E0,-9.384643555E0,4.637283325E0
1.096749298E1,1.641479492E0,-9.324829102E0,4.811965942E0
1.096987335E1,1.634292603E0,-9.267395020E0,4.989028931E0
1.097228424E1,1.476364136E0,-9.178863525E0,5.115859985E0
1.097469512E1,1.497909546E0,-9.097518921E0,5.254638672E0
1.097710601E1,1.667800903E0,-8.951553345E0,5.335998535E0
1.097951690E1,1.820938110E0,-8.834304810E0,5.395812988E0
1.098189727E1,1.966903687E0,-8.690734863E0,5.312072754E0
1.098430816E1,1.770690918E0,-8.618942261E0,5.209182739E0
1.098671905E1,1.253845215E0,-8.525634766E0,5.010574341E0
1.098912994E1,9.331970215E-1,-8.439483643E0,4.934005737E0
1.099151031E1,7.154541016E-1,-8.410766602E0,4.845458984E0
1.099392120E1,4.929199219E-1,-8.348556519E0,4.680358887E0
1.099633209E1,3.517456055E-1,-8.248062134E0,4.541580200E0
1.099874298E1,2.943115234E-1,-8.159530640E0,4.362121582E0
1.100112335E1,5.982055664E-1,-8.104492188E0,4.060623169E0
1.100353424E1,1.265808105E0,-7.951354980E0,3.859619141E0
1.100594512E1,1.682159424E0,-7.738388062E0,3.711273193E0
1.100835601E1,5.120697021E-1,-7.310073853E0,3.672988892E0
1.101073639E1,-1.378265381E0,-7.051651001E0,3.448059082E0
1.101314727E1,-2.586639404E0,-7.020538330E0,3.259017944E0
1.101555816E1,-3.546157837E0,-7.118652344E0,3.570098877E0
1.101796905E1,-4.651641846E0,-7.307678223E0,4.386047363E0
1.102037994E1,-6.041870117E0,-7.518249512E0,4.505691528E0
1.102276031E1,-6.764511108E0,-7.858032227E0,4.273574829E0
1.102517120E1,-7.077972412E0,-8.307876587E0,3.957733154E0
1.102758209E1,-7.135391235E0,-8.939590454E0,3.364303589E0
1.102999298E1,-6.735794067E0,-9.693328857E0,2.620147705E0
1.103237335E1,-5.953338623E0,-1.037287903E1,1.828109741E0
1.103478424E1,-5.113464355E0,-1.090887451E1,1.162918091E0
1.103719512E1,-4.388442993E0,-1.129890442E1,7.657012939E-1
1.103960601E1,-3.663406372E0,-1.153340149E1,7.585296631E-1
1.104198639E1,-2.924026489E0,-1.151666260E1,1.127014160E0
1.104439727E1,-2.309066772E0,-1.127258301E1,1.782653809E0
1.104680816E1,-1.887939453E0,-1.091366577E1,2.476577759E0
1.104921905E1,-1.612762451E0,-1.059063721E1,3.132202148E0
1.105162994E1,-1.452438354E0,-1.034895325E1,3.641876221E0
1.105401031E1,-1.174880981E0,-1.024366760E1,3.900299072E0
1.105642120E1,-8.973083496E-1,-1.008335876E1,4.070190430E0
1.105883209E1,-6.029968262E-1,-9.970886230E0,4.118041992E0
1.106124298E1,-2.919311523E-1,-9.865615845E0,4.089340210E0
1.106362335E1,-4.785156250E-2,-9.839294434E0,3.972091675E0
1.106603424E1,2.895355225E-1,-9.714859009E0,3.823730469E0
1.106844512E1,7.034912109E-1,-9.537796021E0,3.713653564E0
1.107085601E1,1.009765625E0,-9.346359253E0,3.684951782E0
1.107323639E1,1.229904175E0,-9.219543457E0,3.629913330E0
1.107564727E1,1.306488037E0,-9.087936401E0,3.431304932E0
1.107805816E1,1.270584106E0,-8.985046387E0,3.278167725E0
1.108046905E1,1.313659668E0,-8.975479126E0,3.132202148E0
1.108287994E1,1.241882324E0,-8.922836304E0,3.089126587E0
1.108526031E1,1.194015503E0,-8.879760742E0,3.053237915E0
1.108767120E1,1.069595337E0,-8.858230591E0,3.060424805E0
1.109008209E1,9.331970215E-1,-8.831909180E0,3.038879395E0
1.109249298E1,8.733825684E-1,-8.803192139E0,3.014953613E0
1.109487335E1,7.896270752E-1,-8.740982056E0,3.026916504E0
1.109728424E1,6.963043213E-1,-8.618942261E0,2.995819092E0
1.109969512E1,5.838470459E-1,-8.470596313E0,2.957534790E0
1.110210601E1,5.001068115E-1,-8.374877930E0,2.828323364E0
1.110448639E1,5.407714844E-1,-8.384445190E0,2.522033691E0
1.110689727E1,5.790557861E-1,-8.365310669E0,2.285140991E0
1.110930816E1,6.221313477E-1,-8.370086670E0,2.076965332E0
1.111171905E1,6.340942383E-1,-8.358123779E0,1.849655151E0
1.111412994E1,6.364898682E-1,-8.353347778E0,1.634292603E0
1.111651031E1,6.484527588E-1,-8.358123779E0,1.373474121E0
1.111892120E1,6.891326904E-1,-8.312667847E0,1.071990967E0
1.112133209E1,7.680969238E-1,-8.319839478E0,8.422698975E-1
1.112374298E1,8.350982666E-1,-8.322235107E0,6.101684570E-1
1.112612335E1,8.542327881E-1,-8.310272217E0,4.426727295E-1
1.112853424E1,8.997039795E-1,-8.262420654E0,3.254241943E-1
1.113094512E1,1.009765625E0,-8.166702271E0,2.081756592E-1
1.113335601E1,1.131805420E0,-8.090133667E0,1.938171387E-1
1.113573639E1,1.275375366E0,-7.939392090E0,1.555328369E-1
1.113814727E1,1.383056641E0,-7.798202515E0,1.914215088E-1
1.114055816E1,1.483551025E0,-7.700103760E0,2.081756592E-1
1.114296905E1,1.605590820E0,-7.602005005E0,2.823486328E-1
1.114537994E1,1.691726685E0,-7.501495361E0,3.637084961E-1
1.114776031E1,1.789825439E0,-7.436889648E0,4.570312500E-1
1.115017120E1,1.842468262E0,-7.331604004E0,5.599212646E-1
1.115258209E1,1.907073975E0,-7.278961182E0,6.795654297E-1
1.115499298E1,1.895111084E0,-7.209579468E0,8.279113770E-1
1.115737335E1,1.835296631E0,-7.171295166E0,1.057632446E0
1.115978424E1,1.856826782E0,-7.128219604E0,1.179656982E0
1.116219512E1,1.835296631E0,-7.121032715E0,1.330413818E0
1.116460601E1,1.768295288E0,-7.099502563E0,1.478759766E0
1.116698639E1,1.741973877E0,-7.130615234E0,1.715652466E0
1.116939727E1,1.631912231E0,-7.178466797E0,1.928619385E0
1.117180816E1,1.524230957E0,-7.231109619E0,2.096115112E0
1.117421905E1,1.402191162E0,-7.312469482E0,2.239685059E0
1.117662994E1,1.155731201E0,-7.379470825E0,2.416748047E0
1.117901031E1,1.014556885E0,-7.487136841E0,2.608169556E0
1.118142120E1,7.992095947E-1,-7.585250854E0,2.713455200E0
1.118383209E1,5.623168945E-1,-7.745559692E0,2.787643433E0
1.118624298E1,3.158569336E-1,-7.927429199E0,2.902496338E0
1.118862335E1,1.268157959E-1,-8.169097900E0,3.060424805E0
1.119103424E1,-6.939697266E-2,-8.384445190E0,3.172882080E0
1.119344512E1,-1.435699463E-1,-8.678771973E0,3.364303589E0
1.119585601E1,-4.905242920E-1,-8.853439331E0,3.682556152E0
1.119823639E1,-7.800598145E-1,-9.035293579E0,3.964904785E0
1.120064727E1,-8.661956787E-1,-9.265014648E0,4.144363403E0
1.120305816E1,-1.021728516E0,-9.470794678E0,4.517654419E0
1.120546905E1,-1.122238159E0,-9.702896118E0,4.804794312E0
1.120787994E1,-1.081558228E0,-9.937393188E0,5.125427246E0
1.121029083E1,-1.320831299E0,-1.005464172E1,5.484344482E0
1.121270172E1,-1.318450928E0,-1.015274048E1,5.924636841E0
1.121511260E1,-1.110275269E0,-1.031546021E1,6.087341309E0
1.121752349E1,-9.786682129E-1,-1.039920044E1,6.522827148E0
1.121990387E1,-7.872314453E-1,-1.048056030E1,6.920043945E0
1.122231475E1,-5.958099365E-1,-1.052124023E1,7.173675537E0
1.122472564E1,-3.589172363E-1,-1.048774719E1,7.527816772E0
1.122713653E1,9.809875488E-2,-1.045423889E1,7.714462280E0
1.122951690E1,1.244201660E-1,-1.023170471E1,8.111663818E0
1.123192779E1,4.450683594E-1,-1.007377625E1,8.169097900E0
1.123433868E1,6.293182373E-1,-9.846466064E0,8.293518066E0
1.123674957E1,6.939239502E-1,-9.542572021E0,8.461029053E0
1.123916046E1,6.652069092E-1,-9.131011963E0,8.520843506E0
1.124154083E1,5.647125244E-1,-8.798416138E0,8.492126465E0
1.124395172E1,7.657012939E-1,-8.621337891E0,8.267196655E0
1.124636260E1,8.973083496E-1,-8.360519409E0,8.032699585E0
1.124877349E1,1.031311035E0,-8.123626709E0,7.817352295E0
1.125115387E1,9.738769531E-1,-7.824523926E0,7.508682251E0
1.125356475E1,7.968139648E-1,-7.546966553E0,7.211975098E0
1.125597564E1,4.905242920E-1,-7.257431030E0,6.934402466E0
1.125838653E1,1.914215088E-1,-6.941574097E0,6.642471313E0
1.126076690E1,-1.387786865E-1,-6.697509766E0,6.350555420E0
1.126317779E1,-4.091796875E-1,-6.482162476E0,6.080169678E0
1.126558868E1,-7.561340332E-1,-6.348159790E0,5.893524170E0
1.126799957E1,-1.048049927E0,-6.336196899E0,5.692520142E0
1.127037994E1,-1.277770996E0,-6.479766846E0,5.479568481E0
1.127279083E1,-1.430908203E0,-6.771682739E0,5.381454468E0
1.127520172E1,-1.622329712E0,-7.185653687E0,5.405380249E0
1.127761260E1,-1.725219727E0,-7.685745239E0,5.620742798E0
1.128002349E1,-1.933395386E0,-8.193023682E0,5.996414185E0
1.128240387E1,-2.084152222E0,-8.793624878E0,6.455841064E0
1.128481475E1,-2.189437866E0,-9.284149170E0,6.984649658E0
1.128722564E1,-2.273178101E0,-9.626327515E0,7.606781006E0
1.128963653E1,-2.289932251E0,-9.867996216E0,8.123626709E0
1.129201690E1,-2.297103882E0,-9.982849121E0,8.575881958E0
1.129442779E1,-2.423934937E0,-9.920639038E0,9.008972168E0
1.129683868E1,-2.593826294E0,-9.765106201E0,9.255432129E0
1.129924957E1,-2.694320679E0,-9.621536255E0,9.434906006E0
1.130162994E1,-2.665603638E0,-9.399002075E0,9.643081665E0
1.130404083E1,-2.524429321E0,-9.140579224E0,9.800994873E0
1.130645172E1,-2.304290771E0,-8.867797852E0,9.865615845E0
1.130886260E1,-1.954940796E0,-8.523239136E0,9.755538940E0
1.131127349E1,-1.517044067E0,-8.216949463E0,9.556930542E0
1.131365387E1,-9.954071045E-1,-7.898712158E0,9.255432129E0
1.131606475E1,-3.924255371E-1,-7.654632568E0,8.882156372E0
1.131847564E1,2.656097412E-1,-7.451248169E0,8.549560547E0
1.132088653E1,9.020996094E-1,-7.247863770E0,8.140380859E0
1.132326690E1,1.466796875E0,-7.010971069E0,7.824523926E0
1.132567779E1,1.907073975E0,-6.735794067E0,7.367507935E0
1.132808868E1,2.256439209E0,-6.412765503E0,6.967895508E0
1.133049957E1,2.634490967E0,-6.180664062E0,6.489334106E0
1.133287994E1,3.012557983E0,-5.927017212E0,6.089736938E0
1.133529083E1,3.373886108E0,-5.721237183E0,5.759521484E0
1.133770172E1,3.742370605E0,-5.620742798E0,5.429321289E0
1.134011260E1,4.137191772E0,-5.575271606E0,5.113464355E0
1.134252349E1,4.551147461E0,-5.560913086E0,4.900497437E0
1.134490387E1,4.898101807E0,-5.613555908E0,4.780853271E0
1.134731475E1,5.211563110E0,-5.737991333E0,4.835891724E0
1.134972564E1,5.496307373E0,-5.938980103E0,4.864608765E0
1.135213653E1,5.592025757E0,-6.125625610E0,4.831115723E0
1.135451690E1,5.546569824E0,-6.350555420E0,4.713867188E0
1.135692779E1,5.395812988E0,-6.532409668E0,4.570297241E0
1.135933868E1,5.213958740E0,-6.742980957E0,4.316650391E0
1.136174957E1,4.991424561E0,-6.891326904E0,4.017547607E0
1.136412994E1,4.773681641E0,-7.104293823E0,3.725631714E0
1.136654083E1,4.448257446E0,-7.384246826E0,3.409774780E0
1.136895172E1,4.103683472E0,-7.690536499E0,3.081954956E0
1.137136260E1,3.797409058E0,-8.109283447E0,2.715850830E0
1.137377349E1,3.696914673E0,-8.729019165E0,2.280364990E0
1.137615387E1,3.816558838E0,-9.556930542E0,1.653442383E0
1.137856475E1,3.802200317E0,-1.053559875E1,1.067199707E0
1.138097564E1,3.524627686E0,-1.164825439E1,7.417755127E-1
1.138338653E1,3.091522217E0,-1.278245544E1,4.809570312E-1
1.138576690E1,2.557922363E0,-1.398605347E1,3.086700439E-1
1.138817779E1,1.892715454E0,-1.509153748E1,1.651000977E-1
1.139058868E1,1.040878296E0,-1.632623291E1,5.981445312E-2
1.139299957E1,2.057800293E-1,-1.782891846E1,2.871704102E-2
1.139537994E1,-5.455627441E-1,-1.956611633E1,6.460571289E-2
1.139779083E1,-1.194015503E0,-2.148036194E1,2.512512207E-1
1.140020172E1,-1.811370850E0,-2.337309265E1,6.149597168E-1
1.140261260E1,-2.239685059E0,-2.503132629E1,9.188385010E-1
1.140499298E1,-2.617752075E0,-2.647180176E1,1.225128174E0
1.140740387E1,-3.055633545E0,-2.768974304E1,1.749160767E0
1.140981475E1,-3.531799316E0,-2.859184265E1,2.115249634E0
1.141222564E1,-4.137191772E0,-2.941018677E1,2.545959473E0
1.141463653E1,-4.886138916E0,-3.009692383E1,3.034103394E0
1.141701690E1,-5.582458496E0,-3.047978210E1,3.378662109E0
1.141942779E1,-6.281158447E0,-3.052044678E1,3.412170410E0
1.142183868E1,-6.939178467E0,-3.047019958E1,3.187240601E0
1.142424957E1,-7.472778320E0,-3.042234802E1,3.326019287E0
1.142662994E1,-7.896316528E0,-3.012324524E1,3.625122070E0
1.142904083E1,-7.759918213E0,-2.972125244E1,3.897903442E0
1.143145172E1,-7.405792236E0,-2.916850281E1,4.029510498E0
1.143386260E1,-7.022933960E0,-2.836691284E1,3.893127441E0
1.143627349E1,-6.144775391E0,-2.740020752E1,3.471984863E0
1.143865387E1,-4.948364258E0,-2.633779907E1,2.790023804E0
1.144106475E1,-3.684951782E0,-2.525863647E1,1.902297974E0
1.144347564E1,-2.754135132E0,-2.402873230E1,1.150955200E0
1.144588653E1,-2.222930908E0,-2.263131714E1,5.718841553E-1
1.144826690E1,-2.132003784E0,-2.106402588E1,1.028900146E-1
1.145067779E1,-2.280364990E0,-1.941058350E1,7.171630859E-3
1.145308868E1,-2.316253662E0,-1.780978394E1,-1.914978027E-2
1.145549957E1,-2.407180786E0,-1.636451721E1,3.828430176E-2
1.145787994E1,-2.376068115E0,-1.499821472E1,2.560272217E-1
1.146029083E1,-2.323425293E0,-1.370130920E1,2.943115234E-1
1.146270172E1,-2.088928223E0,-1.269392395E1,1.866455078E-1
1.146511260E1,-1.636688232E0,-1.181336975E1,1.387786865E-1
1.146752349E1,-1.210769653E0,-1.097348022E1,1.579284668E-1
1.146990387E1,-8.350982666E-1,-1.026281738E1,2.751770020E-1
1.147231475E1,-2.584228516E-1,-9.714859009E0,2.536315918E-1
1.147472564E1,1.411743164E-1,-9.303298950E0,1.459655762E-1
1.147713653E1,4.235229492E-1,-8.992233276E0,-5.743408203E-2
1.147951690E1,6.676025391E-1,-8.824737549E0,-3.349914551E-1
1.148192779E1,8.398742676E-1,-8.786437988E0,-7.800598145E-1
1.148433868E1,1.356735229E0,-8.831909180E0,-1.402191162E0
1.148674957E1,1.660614014E0,-8.939590454E0,-1.818542480E0
1.148912994E1,1.892715454E0,-8.965911865E0,-2.333007812E0
1.149154083E1,2.038681030E0,-8.860626221E0,-2.825927734E0
1.149395172E1,2.148757935E0,-8.683547974E0,-3.184844971E0
1.149636260E1,2.227722168E0,-8.487335205E0,-3.582061768E0
1.149877349E1,2.301895142E0,-8.336593628E0,-4.012756348E0
1.150118438E1,2.476577759E0,-8.154739380E0,-4.486541748E0
1.150359527E1,2.445465088E0,-8.025527954E0,-4.838287354E0
1.150600616E1,2.203796387E0,-7.953735352E0,-5.099105835E0
1.150841705E1,1.665405273E0,-7.822143555E0,-5.036895752E0
1.151079742E1,8.231353760E-1,-7.319641113E0,-5.216354370E0
1.151320831E1,2.129608154E0,-6.884155273E0,-4.173080444E0
1.151561920E1,3.239883423E0,-6.984649658E0,-2.457427979E0
1.151803009E1,4.108474731E0,-7.161712646E0,-2.270782471E0
1.152041046E1,4.398010254E0,-7.427322388E0,-2.914459229E0
1.152282135E1,4.218551636E0,-7.573287964E0,-3.218353271E0
1.152523223E1,4.354934692E0,-7.647460938E0,-2.955139160E0
1.152764312E1,4.426727295E0,-7.704895020E0,-2.182250977E0
1.153002349E1,4.383651733E0,-7.709671021E0,-1.490722656E0
1.153243438E1,4.187438965E0,-7.685745239E0,-8.781585693E-1
1.153484527E1,3.948150635E0,-7.657028198E0,-3.517456055E-1
1.153725616E1,3.744766235E0,-7.628311157E0,2.871704102E-2
1.153966705E1,3.479156494E0,-7.592422485E0,3.134613037E-1
1.154204742E1,3.235092163E0,-7.501495361E0,5.718841553E-1
1.154445831E1,3.007781982E0,-7.451248169E0,7.752685547E-1
1.154686920E1,2.766098022E0,-7.362716675E0,1.024124146E0
1.154928009E1,2.421539307E0,-7.259826660E0,1.186843872E0
1.155166046E1,2.009963989E0,-7.183258057E0,1.208374023E0
1.155407135E1,1.576873779E0,-7.082748413E0,1.134201050E0
1.155648223E1,1.205978394E0,-6.955932617E0,9.978027344E-1
1.155889312E1,8.374938965E-1,-6.831512451E0,8.255310059E-1
1.156127349E1,5.551300049E-1,-6.721435547E0,6.963043213E-1
1.156368438E1,2.967071533E-1,-6.664016724E0,6.723785400E-1
1.156609527E1,1.172485352E-1,-6.582656860E0,6.245269775E-1
1.156850616E1,-3.349304199E-2,-6.525222778E0,6.915283203E-1
1.157091705E1,-1.316070557E-1,-6.453445435E0,7.992095947E-1
1.157329742E1,-2.081756592E-1,-6.393615723E0,9.355926514E-1
1.157570831E1,-3.182525635E-1,-6.319442749E0,1.074371338E0
1.157811920E1,-5.599212646E-1,-6.250045776E0,1.217941284E0
1.158053009E1,-7.154541016E-1,-6.204589844E0,1.332809448E0
1.158291046E1,-9.930267334E-1,-6.154342651E0,1.493118286E0
1.158532135E1,-1.368698120E0,-6.111267090E0,1.756332397E0
1.158773223E1,-1.550552368E0,-6.039489746E0,1.962112427E0
1.159014312E1,-1.426116943E0,-6.010772705E0,2.222930908E0
1.159252349E1,-1.347152710E0,-5.903091431E0,2.433502197E0
1.159493438E1,-1.351943970E0,-5.860015869E0,2.739776611E0
1.159734527E1,-1.426116943E0,-5.840881348E0,2.928817749E0
1.159975616E1,-1.557723999E0,-5.812164307E0,3.089126587E0
1.160216705E1,-1.722839355E0,-5.757125854E0,3.189636230E0
1.160454742E1,-1.832901001E0,-5.690139771E0,3.309280396E0
1.160695831E1,-1.952545166E0,-5.647064209E0,3.381057739E0
1.160936920E1,-1.974075317E0,-5.570495605E0,3.507873535E0
1.161178009E1,-2.124832153E0,-5.575271606E0,3.615554810E0
1.161416046E1,-2.244461060E0,-5.534591675E0,3.644271851E0
1.161657135E1,-2.311462402E0,-5.534591675E0,3.661026001E0
1.161898223E1,-2.411972046E0,-5.541778564E0,3.742370605E0
1.162139312E1,-2.529220581E0,-5.529815674E0,3.792617798E0
1.162377349E1,-2.653640747E0,-5.486740112E0,3.845260620E0
1.162618438E1,-2.799606323E0,-5.467605591E0,3.979263306E0
1.162859527E1,-2.964706421E0,-5.412567139E0,4.048660278E0
1.163100616E1,-3.120239258E0,-5.374282837E0,4.158721924E0
1.163341705E1,-3.302093506E0,-5.268997192E0,4.175476074E0
1.163579742E1,-3.464813232E0,-5.211563110E0,4.173080444E0
1.163820831E1,-3.548553467E0,-5.137390137E0,4.098907471E0
1.164061920E1,-3.603591919E0,-5.072784424E0,3.967300415E0
1.164303009E1,-3.632308960E0,-5.056030273E0,3.795013428E0
1.164541046E1,-3.610763550E0,-5.017745972E0,3.512664795E0
1.164782135E1,-3.572479248E0,-5.012969971E0,3.232696533E0
1.165023223E1,-3.491134644E0,-5.008178711E0,2.909667969E0
1.165264312E1,-3.330810547E0,-4.991424561E0,2.533996582E0
1.165502349E1,-3.196807861E0,-4.981857300E0,2.175079346E0
1.165743438E1,-3.017349243E0,-5.024932861E0,1.761123657E0
1.165984527E1,-2.833099365E0,-5.005783081E0,1.387832642E0
1.166225616E1,-2.627319336E0,-5.022537231E0,9.643096924E-1
1.166466705E1,-2.380859375E0,-5.103897095E0,6.316986084E-1
1.166704742E1,-2.170288086E0,-5.180465698E0,3.948211670E-1
1.166945831E1,-1.947753906E0,-5.278564453E0,2.273254395E-1
1.167186920E1,-1.749160767E0,-5.352737427E0,1.722869873E-1
1.167428009E1,-1.564910889E0,-5.441284180E0,2.081756592E-1
1.167666046E1,-1.395019531E0,-5.527420044E0,3.325958252E-1
1.167907135E1,-1.232299805E0,-5.637496948E0,5.910339355E-1
1.168148223E1,-1.036087036E0,-5.733200073E0,8.805541992E-1
1.168389312E1,-8.901367188E-1,-5.821731567E0,1.179656982E0
1.168627349E1,-7.920227051E-1,-5.929412842E0,1.593612671E0
1.168868438E1,-7.226257324E-1,-5.984451294E0,1.990829468E0
1.169109527E1,-7.010955811E-1,-6.032302856E0,2.414352417E0
1.169350616E1,-6.556396484E-1,-6.101699829E0,2.868988037E0
1.169591705E1,-5.862426758E-1,-6.163909912E0,3.302093506E0
1.169829742E1,-4.570312500E-1,-6.226119995E0,3.763916016E0
1.170070831E1,-3.373870850E-1,-6.307479858E0,4.242477417E0
1.170311920E1,-1.555328369E-1,-6.396011353E0,4.721038818E0
1.170549957E1,6.700134277E-2,-6.467803955E0,5.144561768E0
1.170791046E1,3.852386475E-1,-6.561126709E0,5.596817017E0
1.171032135E1,7.298126221E-1,-6.687942505E0,6.096908569E0
1.171273223E1,1.122238159E0,-6.812362671E0,6.625732422E0
1.171514312E1,1.483551025E0,-6.989440918E0,7.176071167E0
1.171752349E1,1.880752563E0,-7.152145386E0,7.695312500E0
1.171993438E1,2.316253662E0,-7.350753784E0,8.257629395E0
1.172234527E1,2.758926392E0,-7.551742554E0,8.784057617E0
1.172475616E1,3.299697876E0,-7.762313843E0,9.308074951E0
1.172716705E1,3.852447510E0,-8.015960693E0,9.738784790E0
1.172954742E1,4.417144775E0,-8.312667847E0,1.012881470E1
1.173195831E1,4.989028931E0,-8.599807739E0,1.039920044E1
1.173436920E1,5.568099976E0,-8.901306152E0,1.060020447E1
1.173678009E1,6.195022583E0,-9.188446045E0,1.065763855E1
1.173916046E1,6.738189697E0,-9.442077637E0,1.061216736E1
1.174157135E1,7.336395264E0,-9.676574707E0,1.050927734E1
1.174398223E1,7.881958008E0,-9.903900146E0,1.031066895E1
1.174639312E1,8.468200684E0,-1.014796448E1,1.008813477E1
1.174877349E1,9.061614990E0,-1.036810303E1,9.779464722E0
1.175118438E1,9.638290405E0,-1.066720581E1,9.466003418E0
1.175359527E1,1.025802612E1,-1.098066711E1,9.159729004E0
1.175600616E1,1.080358887E1,-1.130609131E1,8.872589111E0
1.175841705E1,1.136830139E1,-1.166740417E1,8.571090698E0
1.176079742E1,1.185404968E1,-1.204307556E1,8.377273560E0
1.176320831E1,1.231585693E1,-1.240200806E1,8.238494873E0
1.176561920E1,1.272503662E1,-1.273460388E1,8.197814941E0
1.176803009E1,1.299781799E1,-1.298345947E1,8.188232422E0
1.177041046E1,1.316770935E1,-1.319163513E1,8.346160889E0
1.177282135E1,1.313659668E1,-1.329930115E1,8.544769287E0
1.177523223E1,1.292842102E1,-1.328973389E1,8.803192139E0
1.177764312E1,1.251446533E1,-1.318206787E1,9.107086182E0
1.178005401E1,1.191865540E1,-1.293559265E1,9.384643555E0
1.178246490E1,1.119601440E1,-1.260539246E1,9.631118774E0
1.178487579E1,1.038246155E1,-1.224645996E1,9.772293091E0
1.178728668E1,9.521041870E0,-1.188037109E1,9.805786133E0
1.178966705E1,8.597412109E0,-1.156929016E1,9.748352051E0
1.179207794E1,7.700103760E0,-1.124865723E1,9.556930542E0
1.179448883E1,6.843475342E0,-1.095912170E1,9.284149170E0
1.179689972E1,6.104095459E0,-1.066720581E1,8.910873413E0
1.179931060E1,5.429321289E0,-1.039682007E1,8.468200684E0
1.180169098E1,4.840682983E0,-1.013121033E1,7.889129639E0
1.180410186E1,4.314254761E0,-9.884750366E0,7.216751099E0
1.180651275E1,3.799804688E0,-9.650253296E0,6.491729736E0
1.180892364E1,3.321243286E0,-9.458831787E0,5.663818359E0
1.181130401E1,2.840286255E0,-9.265014648E0,4.883758545E0
1.181371490E1,2.399993896E0,-9.099899292E0,4.194625854E0
1.181612579E1,1.959716797E0,-8.982650757E0,3.495910645E0
1.181853668E1,1.567306519E0,-8.934799194E0,2.830703735E0
1.182091705E1,1.198806763E0,-8.944366455E0,2.258819580E0
1.182332794E1,8.327026367E-1,-9.030517578E0,1.686935425E0
1.182573883E1,5.694885254E-1,-9.174087524E0,1.150955200E0
1.182814972E1,3.541412354E-1,-9.351150513E0,6.029968262E-1
1.183056060E1,2.105712891E-1,-9.592819214E0,1.076812744E-1
1.183294098E1,1.411743164E-1,-9.901504517E0,-2.967071533E-1
1.183535186E1,1.220397949E-1,-1.020060730E1,-5.838470459E-1
1.183776275E1,9.332275391E-2,-1.049491882E1,-6.891326904E-1
1.184017364E1,1.675415039E-2,-1.079162598E1,-5.766754150E-1
1.184255401E1,-4.791259766E-3,-1.104048157E1,-1.914215088E-1
1.184496490E1,2.632141113E-2,-1.125105286E1,4.450683594E-1
1.184737579E1,1.004943848E-1,-1.144007874E1,1.433303833E0
1.184978668E1,2.703857422E-1,-1.160997009E1,2.672790527E0
1.185216705E1,5.862426758E-1,-1.168655396E1,4.077377319E0
1.185457794E1,9.738769531E-1,-1.174876404E1,5.697311401E0
1.185698883E1,1.454833984E0,-1.172004700E1,7.432113647E0
1.185939972E1,2.108078003E0,-1.191146851E1,8.908477783E0
1.186181060E1,2.644073486E0,-1.253359985E1,9.817749023E0
1.186419098E1,3.014953613E0,-1.353858948E1,1.012164307E1
1.186660186E1,3.285339355E0,-1.472782898E1,9.975677490E0
1.186901275E1,3.378662109E0,-1.599841309E1,9.377471924E0
1.187142364E1,3.268600464E0,-1.726899719E1,8.315063477E0
1.187380401E1,2.943176270E0,-1.852044678E1,7.171295166E0
1.187621490E1,2.471786499E0,-1.971925354E1,5.946166992E0
1.187862579E1,2.187042236E0,-2.064527893E1,4.742568970E0
1.188103668E1,2.072189331E0,-2.105204773E1,3.658630371E0
1.188341705E1,1.820938110E0,-2.053042603E1,2.833099365E0
1.188582794E1,1.148559570E0,-1.857069397E1,1.969299316E0
1.188823883E1,6.316986084E-1,-1.535713196E1,1.086334229E0
1.189064972E1,3.302154541E-1,-1.214596558E1,1.794586182E-1
1.189306060E1,-6.460571289E-2,-9.590438843E0,-4.450683594E-1
1.189544098E1,-7.728881836E-1,-7.733596802E0,-9.547424316E-1
1.189785186E1,-1.660614014E0,-6.374481201E0,-1.433303833E0
1.190026275E1,-2.833099365E0,-5.402999878E0,-1.830505371E0
1.190267364E1,-4.053436279E0,-4.811965942E0,-2.108078003E0
1.190505401E1,-5.089538574E0,-4.637283325E0,-2.141571045E0
1.190746490E1,-5.955734253E0,-4.838287354E0,-1.883148193E0
1.190987579E1,-6.695114136E0,-5.343170166E0,-1.378265381E0
1.191228668E1,-6.958328247E0,-6.005981445E0,-8.111724854E-1
1.191466705E1,-6.845870972E0,-6.809967041E0,-1.603240967E-1
1.191707794E1,-6.843475342E0,-7.740783691E0,4.689941406E-1
1.191948883E1,-6.680755615E0,-8.664413452E0,7.417755127E-1
1.192189972E1,-6.228515625E0,-9.571289062E0,1.019348145E0
1.192431060E1,-6.238082886E0,-1.042552185E1,9.092712402E-1
1.192669098E1,-6.223724365E0,-1.122712708E1,7.704925537E-1
1.192910186E1,-6.474975586E0,-1.188993835E1,5.862426758E-1
1.193151275E1,-6.757324219E0,-1.238764954E1,2.775726318E-1
1.193392364E1,-6.541976929E0,-1.274417114E1,3.637084961E-1
1.193630401E1,-6.474975586E0,-1.290927124E1,5.575256348E-1
1.193871490E1,-6.039489746E0,-1.296191406E1,7.322082520E-1
1.194112579E1,-5.536987305E0,-1.289970398E1,1.304092407E0
1.194353668E1,-5.702102661E0,-1.265324402E1,1.670196533E0
1.194591705E1,-5.759521484E0,-1.241397095E1,1.875976562E0
1.194832794E1,-5.752349854E0,-1.211486816E1,2.038681030E0
1.195073883E1,-5.977264404E0,-1.173200989E1,1.993225098E0
1.195314972E1,-5.900695801E0,-1.131565857E1,1.935791016E0
1.195556060E1,-5.680557251E0,-1.096151733E1,1.969299316E0
1.195794098E1,-5.513061523E0,-1.060977173E1,1.928619385E0
1.196035186E1,-5.146957397E0,-1.034657288E1,2.065002441E0
1.196276275E1,-4.718643188E0,-1.013600159E1,2.172683716E0
1.196517364E1,-4.168304443E0,-9.973281860E0,2.452636719E0
1.196755401E1,-3.510269165E0,-9.815353394E0,2.675170898E0
1.196996490E1,-2.744567871E0,-9.695724487E0,2.991027832E0
1.197237579E1,-1.928619385E0,-9.583251953E0,3.194412231E0
1.197478668E1,-1.347152710E0,-9.497116089E0,3.385848999E0
1.197716705E1,-7.944183350E-1,-9.480361938E0,3.596405029E0
1.197957794E1,-2.560272217E-1,-9.504287720E0,3.637084961E0
1.198198883E1,-1.411743164E-1,-9.530609131E0,3.696914673E0
1.198439972E1,2.395629883E-3,-9.580856323E0,3.723236084E0
1.198681060E1,5.551300049E-1,-9.722045898E0,3.634704590E0
1.198919098E1,1.256225586E0,-9.779464722E0,3.419342041E0
1.199160186E1,1.615158081E0,-9.906280518E0,3.256637573E0
1.199401275E1,1.651046753E0,-1.002352905E1,3.113067627E0
1.199642364E1,1.844863892E0,-1.010728455E1,3.062820435E0
1.199880401E1,2.136795044E0,-1.021017456E1,2.983856201E0
1.200121490E1,2.462219238E0,-1.019821167E1,2.974273682E0
1.200362579E1,2.667999268E0,-1.012164307E1,3.091522217E0
1.200603668E1,2.849853516E0,-1.011445618E1,3.227920532E0
1.200841705E1,3.084350586E0,-1.009532166E1,3.364303589E0
1.201082794E1,3.270996094E0,-1.004747009E1,3.464813232E0
1.201323883E1,3.345169067E0,-9.975677490E0,3.689727783E0
1.201564972E1,3.445663452E0,-1.002832031E1,4.156326294E0
1.201806060E1,3.699310303E0,-9.915863037E0,4.654037476E0
1.202044098E1,3.814163208E0,-9.808181763E0,5.175674438E0
1.202285186E1,3.696914673E0,-9.796218872E0,5.718841553E0
1.202526275E1,3.469589233E0,-9.726821899E0,6.089736938E0
1.202767364E1,3.275772095E0,-9.600006104E0,6.199798584E0
1.203005401E1,3.108276367E0,-9.454040527E0,6.128021240E0
1.203246490E1,3.010177612E0,-9.365509033E0,5.982055664E0
1.203487579E1,2.835494995E0,-9.312866211E0,5.721237183E0
1.203728668E1,2.622528076E0,-9.279373169E0,5.424530029E0
1.203966705E1,2.483749390E0,-9.202789307E0,5.137390137E0
1.204207794E1,2.524429321E0,-9.176467896E0,4.867004395E0
1.204448883E1,2.533996582E0,-9.181259155E0,4.587036133E0
1.204689972E1,2.443069458E0,-9.128616333E0,4.340576172E0
1.204928009E1,2.349746704E0,-9.111862183E0,4.254440308E0
1.205169098E1,2.297103882E0,-9.030517578E0,4.264007568E0
1.205410186E1,2.172683716E0,-8.882156372E0,4.264007568E0
1.205651275E1,1.933395386E0,-8.740982056E0,4.331008911E0
1.205892364E1,1.622329712E0,-8.487335205E0,4.476974487E0
1.206130401E1,1.359130859E0,-8.212173462E0,4.680358887E0
1.206371490E1,1.502685547E0,-7.862808228E0,4.814361572E0
1.206612579E1,1.797012329E0,-7.424926758E0,5.125427246E0
1.206853668E1,2.079360962E0,-6.831512451E0,5.864807129E0
1.207094757E1,7.010955811E-1,-6.367294312E0,6.685546875E0
1.207335846E1,-5.623168945E-1,-6.345764160E0,6.568298340E0
1.207576934E1,-1.871185303E0,-6.266799927E0,5.982055664E0
1.207818023E1,-3.471984863E0,-6.324234009E0,5.345565796E0
1.208056060E1,-4.438690186E0,-6.647262573E0,4.919647217E0
1.208297149E1,-5.063217163E0,-7.123428345E0,4.115661621E0
1.208538238E1,-5.656631470E0,-7.791030884E0,2.892929077E0
1.208779327E1,-6.307479858E0,-8.669189453E0,3.900299072E-1
1.209020416E1,-6.836288452E0,-9.798614502E0,-3.579666138E0
1.209258453E1,-6.666397095E0,-1.109072876E1,-7.214355469E0
1.209499542E1,-5.682952881E0,-1.207658386E1,-7.984848022E0
1.209740631E1,-4.555938721E0,-1.253121948E1,-6.845870972E0
1.209981720E1,-3.603591919E0,-1.244985962E1,-4.740188599E0
1.210219757E1,-2.864212036E0,-1.204307556E1,-2.421539307E0
1.210460846E1,-2.344970703E0,-1.147119141E1,-3.804626465E-1
1.210701934E1,-1.954940796E0,-1.098066711E1,1.057632446E0
1.210943023E1,-1.567306519E0,-1.050927734E1,2.105682373E0
1.211181060E1,-1.289733887E0,-1.014556885E1,2.842666626E0
1.211422149E1,-1.134201050E0,-9.796218872E0,3.311660767E0
1.211663238E1,-9.475555420E-1,-9.492324829E0,3.519836426E0
1.211904327E1,-7.944183350E-1,-9.329620361E0,3.455230713E0
1.212145416E1,-6.364898682E-1,-9.126220703E0,3.419342041E0
1.212383453E1,-4.067840576E-1,-8.879760742E0,3.215957642E0
1.212624542E1,-1.196441650E-1,-8.662017822E0,3.069992065E0
1.212865631E1,1.507415771E-1,-8.477767944E0,2.931213379E0
1.213106720E1,3.206329346E-1,-8.315063477E0,2.857025146E0
1.213344757E1,4.331054688E-1,-8.193023682E0,2.845062256E0
1.213585846E1,5.096740723E-1,-8.061416626E0,2.993423462E0
1.213826934E1,6.245269775E-1,-7.975280762E0,3.160919189E0
1.214068023E1,5.886383057E-1,-7.913070679E0,3.369094849E0
1.214306060E1,5.455627441E-1,-7.814956665E0,3.646667480E0
1.214547149E1,5.288085938E-1,-7.774276733E0,3.948150635E0
1.214788238E1,4.881286621E-1,-7.767105103E0,4.187438965E0
1.215029327E1,4.187469482E-1,-7.704895020E0,4.472183228E0
1.215270416E1,3.972015381E-1,-7.709671021E0,4.677963257E0
1.215508453E1,3.230285645E-1,-7.774276733E0,4.632507324E0
1.215749542E1,3.014984131E-1,-7.848464966E0,4.627716064E0
1.215990631E1,2.656097412E-1,-7.905883789E0,4.565505981E0
1.216231720E1,1.770629883E-1,-7.992034912E0,4.453048706E0
1.216469757E1,2.081756592E-1,-8.104492188E0,4.271194458E0
1.216710846E1,3.445739746E-1,-8.276779175E0,3.996017456E0
1.216951934E1,3.637084961E-1,-8.434707642E0,3.658630371E0
1.217193023E1,3.469543457E-1,-8.554336548E0,3.359527588E0
1.217431060E1,2.823486328E-1,-8.618942261E0,3.062820435E0
1.217672149E1,3.182525635E-1,-8.700302124E0,2.711074829E0
1.217913238E1,3.517456055E-1,-8.784057617E0,2.397613525E0
1.218154327E1,4.498443604E-1,-8.848663330E0,2.124832153E0
1.218395416E1,5.120697021E-1,-8.930007935E0,1.844863892E0
1.218633453E1,6.364898682E-1,-9.004196167E0,1.605590820E0
1.218874542E1,7.250213623E-1,-9.011367798E0,1.457229614E0
1.219115631E1,6.771697998E-1,-8.980270386E0,1.289733887E0
1.219356720E1,6.101684570E-1,-8.939590454E0,1.213165283E0
1.219594757E1,5.599212646E-1,-8.908477783E0,1.081558228E0
1.219835846E1,5.670928955E-1,-8.863021851E0,1.019348145E0
1.220076934E1,5.910339355E-1,-8.757736206E0,9.882354736E-1
1.220318023E1,7.106628418E-1,-8.616561890E0,9.690856934E-1
1.220556060E1,7.441711426E-1,-8.451446533E0,1.055236816E0
1.220797149E1,7.369842529E-1,-8.331802368E0,1.129409790E0
1.221038238E1,6.676025391E-1,-8.142776489E0,1.227523804E0
1.221279327E1,6.316986084E-1,-8.011169434E0,1.361511230E0
1.221520416E1,5.647125244E-1,-7.836486816E0,1.435699463E0
1.221758453E1,5.216369629E-1,-7.666610718E0,1.517044067E0
1.221999542E1,4.929199219E-1,-7.525421143E0,1.639083862E0
1.222240631E1,4.426727295E-1,-7.405792236E0,1.765899658E0
1.222481720E1,4.378814697E-1,-7.293319702E0,1.945358276E0
1.222719757E1,4.905242920E-1,-7.219146729E0,2.055435181E0
1.222960846E1,4.474639893E-1,-7.140182495E0,2.120040894E0
1.223201934E1,3.995971680E-1,-7.054046631E0,2.256439209E0
1.223443023E1,4.139556885E-1,-7.063613892E0,2.304290771E0
1.223681060E1,4.019927979E-1,-7.087539673E0,2.423934937E0
1.223922149E1,4.043884277E-1,-7.190429688E0,2.498107910E0
1.224163238E1,4.043884277E-1,-7.245468140E0,2.632110596E0
1.224404327E1,5.144500732E-1,-7.420150757E0,2.689529419E0
1.224645416E1,5.455627441E-1,-7.578063965E0,2.868988037E0
1.224883453E1,4.115600586E-1,-7.668991089E0,3.134597778E0
1.225124542E1,4.139556885E-1,-7.810180664E0,3.304489136E0
1.225365631E1,5.120697021E-1,-7.999206543E0,3.527023315E0
1.225606720E1,5.694885254E-1,-8.176269531E0,3.775878906E0
1.225844757E1,5.359954834E-1,-8.310272217E0,4.118041992E0
1.226085846E1,5.790557861E-1,-8.415557861E0,4.472183228E0
1.226326934E1,6.125640869E-1,-8.587844849E0,4.835891724E0
1.226568023E1,6.006011963E-1,-8.745773315E0,5.127822876E0
1.226806060E1,7.800598145E-1,-8.903686523E0,5.398208618E0
1.227047149E1,9.284210205E-1,-9.090332031E0,5.704483032E0
1.227288238E1,1.026519775E0,-9.262619019E0,5.982055664E0
1.227529327E1,1.012161255E0,-9.365509033E0,6.302688599E0
1.227767364E1,9.930267334E-1,-9.439682007E0,6.623336792E0
1.228008453E1,9.475555420E-1,-9.480361938E0,6.943969727E0
1.228249542E1,9.547424316E-1,-9.542572021E0,7.176071167E0
1.228490631E1,6.364898682E-1,-9.401397705E0,7.456039429E0
1.228731720E1,4.546356201E-1,-9.250656128E0,7.642669678E0
1.228969757E1,2.225341797E-1,-9.068801880E0,7.903488159E0
1.229210846E1,-8.613586426E-2,-8.889343262E0,8.130813599E0
1.229451934E1,-3.708801270E-1,-8.659622192E0,8.303100586E0
1.229693023E1,-5.694885254E-1,-8.499313354E0,8.398803711E0
1.229931060E1,-8.111724854E-1,-8.264816284E0,8.583053589E0
1.230172149E1,-1.182052612E0,-7.960922241E0,8.764907837E0
1.230413238E1,-1.363906860E0,-7.738388062E0,8.812759399E0
1.230654327E1,-1.509872437E0,-7.544570923E0,8.889343262E0
1.230892364E1,-1.686935425E0,-7.374679565E0,8.965911865E0
1.231133453E1,-1.938186646E0,-7.142578125E0,9.035293579E0
1.231374542E1,-2.093719482E0,-7.030120850E0,9.035293579E0
1.231615631E1,-2.316253662E0,-6.908081055E0,9.085556030E0
1.231856720E1,-2.553146362E0,-6.838684082E0,9.061614990E0
1.232094757E1,-2.756530762E0,-6.879364014E0,8.997009277E0
1.232335846E1,-2.892929077E0,-7.037292480E0,8.793624878E0
1.232576934E1,-3.002990723E0,-7.317245483E0,8.566299438E0
1.232818023E1,-3.120239258E0,-7.676177979E0,8.319839478E0
1.233056060E1,-3.103485107E0,-8.092529297E0,8.104492188E0
1.233297149E1,-3.050842285E0,-8.571090698E0,7.929809570E0
1.233538238E1,-2.938385010E0,-9.032897949E0,7.908279419E0
1.233779327E1,-2.706283569E0,-9.485153198E0,7.901107788E0
1.234017364E1,-2.579467773E0,-9.800994873E0,8.008773804E0
1.234258453E1,-2.469390869E0,-1.002352905E1,8.135604858E0
1.234499542E1,-2.445465088E0,-1.004507446E1,8.269592285E0
1.234740631E1,-2.316253662E0,-9.939788818E0,8.365310669E0
1.234981720E1,-2.227722168E0,-9.678970337E0,8.417953491E0
1.235222808E1,-2.079360962E0,-9.439682007E0,8.539978027E0
1.235463897E1,-1.591232300E0,-9.322433472E0,8.578262329E0
1.235704986E1,-9.499511719E-1,-9.255432129E0,8.571090698E0
1.235946075E1,-2.010040283E-1,-9.291336060E0,8.539978027E0
1.236184112E1,4.833526611E-1,-9.291336060E0,8.441879272E0
1.236425201E1,1.019348145E0,-9.274581909E0,8.197814941E0
1.236666290E1,1.366302490E0,-9.188446045E0,7.838882446E0
1.236907379E1,1.538589478E0,-9.056838989E0,7.410568237E0
1.237145416E1,1.619934082E0,-8.807983398E0,7.054046631E0
1.237386505E1,1.751541138E0,-8.537597656E0,6.539581299E0
1.237627594E1,2.033905029E0,-8.293518066E0,5.977264404E0
1.237868682E1,2.466995239E0,-8.166702271E0,5.391036987E0
1.238109771E1,2.995819092E0,-8.059020996E0,4.943572998E0
1.238347808E1,3.531799316E0,-7.996810913E0,4.503295898E0
1.238588897E1,3.976867676E0,-7.968093872E0,4.089340210E0
1.238829986E1,4.378860474E0,-7.941772461E0,3.732803345E0
1.239071075E1,4.680358887E0,-7.896316528E0,3.534194946E0
1.239309112E1,4.929214478E0,-7.886749268E0,3.538986206E0
1.239550201E1,5.118240356E0,-7.905883789E0,3.620346069E0
1.239791290E1,5.118240356E0,-7.905883789E0,3.689727783E0
1.240032379E1,5.041671753E0,-7.872390747E0,3.706481934E0
1.240270416E1,4.917251587E0,-7.855636597E0,3.651443481E0
1.240511505E1,4.845458984E0,-7.764709473E0,3.445663452E0
1.240752594E1,4.756927490E0,-7.678573608E0,3.196807861E0
1.240993682E1,4.692321777E0,-7.575683594E0,2.935989380E0
1.241234771E1,4.646865845E0,-7.535003662E0,2.648849487E0
1.241472808E1,4.565505981E0,-7.546966553E0,2.402389526E0
1.241713897E1,4.419540405E0,-7.683349609E0,2.165512085E0
1.241954986E1,4.247253418E0,-7.963317871E0,1.954940796E0
1.242196075E1,4.115661621E0,-8.401199341E0,1.689331055E0
1.242434112E1,4.022338867E0,-8.989837646E0,1.406982422E0
1.242675201E1,3.921829224E0,-9.760330200E0,1.045669556E0
1.242916290E1,3.751953125E0,-1.063369751E1,7.322082520E-1
1.243157379E1,3.479156494E0,-1.159800720E1,4.594268799E-1
1.243395416E1,3.122634888E0,-1.257907104E1,1.962127686E-1
1.243636505E1,2.763717651E0,-1.360079956E1,8.613586426E-2
1.243877594E1,2.397613525E0,-1.457946777E1,3.828430176E-2
1.244118682E1,1.909469604E0,-1.559162903E1,8.135986328E-2
1.244359771E1,1.464401245E0,-1.660858154E1,1.220397949E-1
1.244597808E1,9.044799805E-1,-1.775474548E1,2.847442627E-1
1.244838897E1,3.804626465E-1,-1.906361389E1,5.264282227E-1
1.245079986E1,-1.579284668E-1,-2.040119934E1,8.183441162E-1
1.245321075E1,-6.125640869E-1,-2.174597168E1,1.172485352E0
1.245559112E1,-1.007385254E0,-2.299263000E1,1.529006958E0
1.245800201E1,-1.306488037E0,-2.413162231E1,1.868789673E0
1.246041290E1,-1.591232300E0,-2.504566956E1,2.237289429E0
1.246282379E1,-1.861618042E0,-2.574916077E1,2.464614868E0
1.246520416E1,-2.194213867E0,-2.632344055E1,2.696716309E0
1.246761505E1,-2.768493652E0,-2.671107483E1,2.892929077E0
1.247002594E1,-3.531799316E0,-2.704846191E1,3.110671997E0
1.247243682E1,-4.388442993E0,-2.734518433E1,3.407379150E0
1.247484771E1,-5.259429932E0,-2.754138184E1,3.627517700E0
1.247722808E1,-5.931808472E0,-2.776391602E1,3.814163208E0
1.247963897E1,-6.608978271E0,-2.783091736E1,3.895507812E0
1.248204986E1,-6.967895508E0,-2.779023743E1,3.957733154E0
1.248446075E1,-6.903289795E0,-2.766342163E1,3.756729126E0
1.248684112E1,-6.702301025E0,-2.727818298E1,3.675369263E0
1.248925201E1,-6.068191528E0,-2.660340881E1,3.340377808E0
1.249166290E1,-5.001007080E0,-2.560559082E1,2.806777954E0
1.249407379E1,-3.775878906E0,-2.442832947E1,2.268402100E0
1.249645416E1,-2.634490967E0,-2.312663269E1,1.682159424E0
1.249886505E1,-1.801788330E0,-2.175553894E1,1.284942627E0
1.250127594E1,-1.354339600E0,-2.030310059E1,9.643096924E-1
1.250368682E1,-1.189239502E0,-1.879322815E1,8.997039795E-1
1.250609771E1,-1.715652466E0,-1.724986267E1,1.215560913E0
1.250847808E1,-1.741973877E0,-1.596492004E1,1.392623901E0
1.251088897E1,-1.579269409E0,-1.473979187E1,1.466796875E0
1.251329986E1,-1.294509888E0,-1.364627075E1,1.356735229E0
1.251571075E1,-1.205978394E0,-1.263888550E1,1.241882324E0
1.251809112E1,-1.043273926E0,-1.178225708E1,1.198806763E0
1.252050201E1,-7.824554443E-1,-1.110748291E1,1.115051270E0
1.252291290E1,-5.743408203E-2,-1.062892151E1,1.031311035E0
1.252532379E1,4.761657715E-1,-1.026760864E1,8.350982666E-1
1.252770416E1,7.393798828E-1,-1.004028320E1,7.274169922E-1
1.253011505E1,1.086334229E0,-9.925430298E0,5.527496338E-1
1.253252594E1,1.399795532E0,-9.918243408E0,3.038940430E-1
1.253493682E1,1.715652466E0,-9.923034668E0,2.395629883E-3
1.253734771E1,1.813766479E0,-9.946960449E0,-3.684997559E-1
1.253972808E1,1.842468262E0,-9.980468750E0,-9.451599121E-1
1.254213897E1,2.280364990E0,-1.009053040E1,-1.574478149E0
1.254454986E1,2.622528076E0,-9.994827271E0,-2.249252319E0
1.254696075E1,2.833099365E0,-9.832107544E0,-2.739776611E0
1.254934112E1,3.036499023E0,-9.729217529E0,-3.357131958E0
1.255175201E1,3.227920532E0,-9.662216187E0,-4.144363403E0
1.255416290E1,3.340377808E0,-9.501892090E0,-4.871780396E0
1.255657379E1,3.452850342E0,-9.298507690E0,-5.441284180E0
1.255895416E1,3.416946411E0,-9.140579224E0,-5.757125854E0
1.256136505E1,3.304489136E0,-8.970687866E0,-5.917449951E0
1.256377594E1,3.194412231E0,-8.803192139E0,-5.855239868E0
1.256618682E1,3.048461914E0,-8.590240479E0,-5.620742798E0
1.256856720E1,2.947952271E0,-8.360519409E0,-5.292922974E0
1.257097808E1,2.816345215E0,-8.145172119E0,-4.850250244E0
1.257338897E1,2.766098022E0,-7.960922241E0,-4.299896240E0
1.257579986E1,2.703887939E0,-7.795822144E0,-3.656234741E0
1.257821075E1,2.751739502E0,-7.690536499E0,-2.840286255E0
1.258059112E1,2.852249146E0,-7.654632568E0,-2.065002441E0
1.258300201E1,2.940780640E0,-7.582855225E0,-1.371093750E0
1.258541290E1,2.897705078E0,-7.463211060E0,-7.226257324E-1
1.258782379E1,2.854644775E0,-7.298110962E0,-1.603240967E-1
1.259020416E1,2.713455200E0,-7.152145386E0,3.062744141E-1
1.259261505E1,2.541183472E0,-7.008575439E0,7.417755127E-1
1.259502594E1,2.270782471E0,-6.812362671E0,1.016952515E0
1.259743682E1,1.923828125E0,-6.611373901E0,1.325622559E0
1.259981720E1,1.627120972E0,-6.415161133E0,1.545761108E0
1.260222808E1,1.392623901E0,-6.209381104E0,1.684539795E0
1.260463897E1,1.184448242E0,-6.015548706E0,1.746765137E0
1.260704986E1,9.140625000E-1,-5.802597046E0,1.713256836E0
1.260946075E1,4.857482910E-1,-5.596817017E0,1.607971191E0
1.261184112E1,1.004943848E-1,-5.441284180E0,1.421340942E0
1.261425201E1,-3.589172363E-1,-5.252243042E0,1.213165283E0
1.261666290E1,-4.474639893E-1,-5.046463013E0,1.026519775E0
1.261907379E1,-4.953155518E-1,-4.852645874E0,9.595184326E-1
1.262145416E1,-3.134613037E-1,-4.589431763E0,8.805541992E-1
1.262386505E1,-9.809875488E-2,-4.376480103E0,6.628112793E-1
1.262627594E1,-1.483612061E-1,-4.594223022E0,6.819610596E-1
1.262868682E1,-1.818542480E-1,-4.855041504E0,1.033706665E0
1.263106720E1,-9.332275391E-2,-5.175674438E0,1.397415161E0
1.263347808E1,2.395629883E-3,-5.539382935E0,1.485946655E0
1.263588897E1,8.375549316E-2,-5.814559937E0,1.289733887E0
1.263829986E1,1.172485352E-1,-6.005981445E0,9.308013916E-1
1.264071075E1,1.555328369E-1,-6.051452637E0,6.652069092E-1
1.264312164E1,1.459655762E-1,-6.089736938E0,5.240325928E-1
1.264553253E1,1.124572754E-1,-6.101699829E0,4.498443604E-1
1.264794342E1,1.675415039E-2,-6.125625610E0,4.642028809E-1
1.265035430E1,-1.507415771E-1,-6.132797241E0,5.431671143E-1
1.265273468E1,-4.091796875E-1,-6.159118652E0,7.178497314E-1
1.265514556E1,-6.388854980E-1,-6.223724365E0,9.116668701E-1
1.265755645E1,-8.446655273E-1,-6.240478516E0,1.227523804E0
1.265996734E1,-1.048049927E0,-6.252441406E0,1.552947998E0
1.266234771E1,-1.280166626E0,-6.230911255E0,1.808975220E0
1.266475860E1,-1.509872437E0,-6.226119995E0,2.026718140E0
1.266716949E1,-1.801788330E0,-6.192626953E0,2.227722168E0
1.266958038E1,-2.096115112E0,-6.147155762E0,2.361709595E0
1.267199127E1,-2.385650635E0,-6.113662720E0,2.478958130E0
1.267437164E1,-2.629714966E0,-6.084945679E0,2.603393555E0
1.267678253E1,-2.864212036E0,-6.003585815E0,2.782852173E0
1.267919342E1,-3.067596436E0,-5.934204102E0,2.955139160E0
1.268160430E1,-3.335601807E0,-5.819351196E0,3.208770752E0
1.268398468E1,-3.582061768E0,-5.742767334E0,3.512664795E0
1.268639556E1,-3.816558838E0,-5.675781250E0,3.869201660E0
1.268880645E1,-4.010375977E0,-5.594421387E0,4.247253418E0
1.269121734E1,-4.146759033E0,-5.517852783E0,4.608581543E0
1.269359771E1,-4.235290527E0,-5.450851440E0,4.886138916E0
1.269600860E1,-4.242477417E0,-5.400604248E0,5.065612793E0
1.269841949E1,-4.225723267E0,-5.343170166E0,5.180465698E0
1.270083038E1,-4.127624512E0,-5.340774536E0,5.182861328E0
1.270324127E1,-3.960128784E0,-5.309677124E0,5.123031616E0
1.270562164E1,-3.806976318E0,-5.278564453E0,4.955535889E0
1.270803253E1,-3.582061768E0,-5.278564453E0,4.725830078E0
1.271044342E1,-3.292526245E0,-5.259429932E0,4.402786255E0
1.271285430E1,-2.993423462E0,-5.252243042E0,4.084548950E0
1.271523468E1,-2.711074829E0,-5.264205933E0,3.706481934E0
1.271764556E1,-2.390426636E0,-5.271392822E0,3.316452026E0
1.272005645E1,-2.091323853E0,-5.283355713E0,2.979064941E0
1.272246734E1,-1.811370850E0,-5.321640015E0,2.653640747E0
1.272484771E1,-1.505081177E0,-5.359924316E0,2.328216553E0
1.272725860E1,-1.198806763E0,-5.391036987E0,2.038681030E0
1.272966949E1,-9.595184326E-1,-5.450851440E0,1.794616699E0
1.273208038E1,-7.896270752E-1,-5.462814331E0,1.591232300E0
1.273449127E1,-6.221313477E-1,-5.510665894E0,1.505081177E0
1.273687164E1,-5.001068115E-1,-5.560913086E0,1.505081177E0
1.273928253E1,-3.732757568E-1,-5.642272949E0,1.564910889E0
1.274169342E1,-2.703857422E-1,-5.718841553E0,1.730010986E0
1.274410430E1,-1.435699463E-1,-5.814559937E0,1.933395386E0
1.274648468E1,-3.111267090E-2,-5.960525513E0,2.222930908E0
1.274889556E1,8.375549316E-2,-6.092132568E0,2.545959473E0
1.275130645E1,2.560272217E-1,-6.206985474E0,2.864212036E0
1.275371734E1,4.665985107E-1,-6.317047119E0,3.227920532E0
1.275609771E1,6.986999512E-1,-6.439086914E0,3.601196289E0
1.275850860E1,9.619140625E-1,-6.587448120E0,4.024734497E0
1.276091949E1,1.268188477E0,-6.742980957E0,4.457824707E0
1.276333038E1,1.581649780E0,-6.857833862E0,4.878967285E0
1.276574127E1,1.914260864E0,-6.984649658E0,5.297714233E0
1.276812164E1,2.254043579E0,-7.137786865E0,5.769088745E0
1.277053253E1,2.644073486E0,-7.312469482E0,6.259628296E0
1.277294342E1,3.079559326E0,-7.491928101E0,6.819549561E0
1.277535430E1,3.560516357E0,-7.673782349E0,7.365112305E0
1.277773468E1,4.086944580E0,-7.862808228E0,7.901107788E0
1.278014556E1,4.596618652E0,-8.111663818E0,8.432312012E0
1.278255645E1,5.158920288E0,-8.384445190E0,8.920440674E0
1.278496734E1,5.745162964E0,-8.693130493E0,9.384643555E0
1.278734771E1,6.343368530E0,-8.968292236E0,9.734008789E0
1.278975860E1,6.989440918E0,-9.279373169E0,1.005224609E1
1.279216949E1,7.661819458E0,-9.544967651E0,1.025564575E1
1.279458038E1,8.291137695E0,-9.789031982E0,1.035374451E1
1.279699127E1,8.949157715E0,-1.001156616E1,1.030110168E1
1.279937164E1,9.600006104E0,-1.021017456E1,1.020060730E1
1.280178253E1,1.023170471E1,-1.044706726E1,9.973281860E0
1.280419342E1,1.088494873E1,-1.066001892E1,9.755538940E0
1.280660430E1,1.156451416E1,-1.087059021E1,9.516250610E0
1.280898468E1,1.220579529E1,-1.116252136E1,9.202789307E0
1.281139556E1,1.272024536E1,-1.146879578E1,8.910873413E0
1.281380645E1,1.320599365E1,-1.178704834E1,8.671585083E0
1.281621734E1,1.356970215E1,-1.209811401E1,8.458633423E0
1.281859771E1,1.390229797E1,-1.245225525E1,8.291137695E0
1.282100860E1,1.406262207E1,-1.275373840E1,8.279159546E0
1.282341949E1,1.415115356E1,-1.298345947E1,8.324630737E0
1.282583038E1,1.408894348E1,-1.317967224E1,8.501693726E0
1.282821075E1,1.386161804E1,-1.332801819E1,8.827117920E0
1.283062164E1,1.350987244E1,-1.337588501E1,9.214767456E0
1.283303253E1,1.296670532E1,-1.317008972E1,9.583251953E0
1.283544342E1,1.226560974E1,-1.274896240E1,9.875183105E0
1.283785430E1,1.145683289E1,-1.218904114E1,1.000679016E1
1.284023468E1,1.057627869E1,-1.161236572E1,9.944564819E0
1.284264556E1,9.736389160E0,-1.112423706E1,9.743576050E0
1.284505645E1,8.987442017E0,-1.074856567E1,9.391830444E0
1.284746734E1,8.264816284E0,-1.048056030E1,8.927627563E0
1.284984771E1,7.542175293E0,-1.031066895E1,8.384445190E0
1.285225860E1,6.826721191E0,-1.021257019E1,7.807785034E0
1.285466949E1,6.094512939E0,-1.014317322E1,7.223937988E0
1.285708038E1,5.446060181E0,-1.009053040E1,6.628112793E0
1.285946075E1,4.761718750E0,-1.004028320E1,6.001205444E0
1.286187164E1,3.955337524E0,-1.014556885E1,5.367095947E0
1.286428253E1,3.333206177E0,-1.021257019E1,4.754531860E0
1.286669342E1,2.835494995E0,-1.034895325E1,4.232910156E0
1.286910430E1,2.414352417E0,-1.052124023E1,3.704086304E0
1.287148468E1,2.067398071E0,-1.077009583E1,3.225524902E0
1.287389556E1,1.725219727E0,-1.107159424E1,2.775680542E0
1.287630645E1,1.373474121E0,-1.148794556E1,2.337783813E0
1.287871734E1,1.043273926E0,-1.187078857E1,2.005187988E0
1.288109771E1,8.111724854E-1,-1.226800537E1,1.727615356E0
1.288350860E1,5.527496338E-1,-1.259820557E1,1.466796875E0
1.288591949E1,3.804626465E-1,-1.284466553E1,1.198806763E0
1.288833038E1,2.321014404E-1,-1.293081665E1,9.930267334E-1
1.289071075E1,1.196441650E-1,-1.292362976E1,8.925170898E-1
1.289312164E1,2.395629883E-3,-1.286381531E1,9.499511719E-1
1.289553253E1,-1.028900146E-1,-1.276092529E1,1.129409790E0
1.289794342E1,-4.785156250E-2,-1.266999817E1,1.464401245E0
1.290035430E1,6.460571289E-2,-1.247618103E1,2.009963989E0
1.290273468E1,1.411743164E-1,-1.227278137E1,2.888137817E0
1.290514556E1,3.158569336E-1,-1.201196289E1,3.952941895E0
1.290755645E1,6.939239502E-1,-1.161955261E1,5.302490234E0
1.290996734E1,1.282546997E0,-1.108833313E1,6.812362671E0
1.291234771E1,1.727615356E0,-1.070549011E1,7.946563721E0
1.291475860E1,2.177474976E0,-1.047816467E1,8.705093384E0
1.291716949E1,2.581863403E0,-1.051167297E1,9.054443359E0
1.291958038E1,3.069992065E0,-1.065763855E1,9.164505005E0
1.292196075E1,3.326019287E0,-1.108355713E1,8.736190796E0
1.292437164E1,3.412170410E0,-1.146401978E1,7.846069336E0
1.292678253E1,3.225524902E0,-1.171286011E1,6.549148560E0
1.292919342E1,2.682357788E0,-1.178465271E1,4.936386108E0
1.293160430E1,1.954940796E0,-1.166500854E1,3.086746216E0
1.293401519E1,1.098312378E0,-1.141854858E1,1.373474121E0
1.293642608E1,2.153472900E-1,-1.102612305E1,-1.986083984E-1
1.293883697E1,-5.623168945E-1,-1.047099304E1,-1.579269409E0
1.294124786E1,-1.179656982E0,-9.841674805E0,-2.727813721E0
1.294362823E1,-1.785049438E0,-9.274581909E0,-3.725631714E0
1.294603912E1,-2.411972046E0,-8.827117920E0,-4.398010254E0
1.294845001E1,-3.034103394E0,-8.587844849E0,-4.797607422E0
1.295086090E1,-3.615554810E0,-8.439483643E0,-4.804794312E0
1.295324127E1,-4.242477417E0,-8.434707642E0,-4.606185913E0
1.295565216E1,-4.943572998E0,-8.568695068E0,-4.067794800E0
1.295806305E1,-5.795410156E0,-8.853439331E0,-3.237487793E0
1.296047393E1,-6.137588501E0,-9.035293579E0,-2.187042236E0
1.296288482E1,-5.781066895E0,-9.035293579E0,-8.111724854E-1
1.296526519E1,-5.723632812E0,-9.042480469E0,3.182525635E-1
1.296767608E1,-5.781066895E0,-9.133407593E0,1.150955200E0
1.297008697E1,-5.982055664E0,-9.521041870E0,1.861618042E0
1.297249786E1,-6.221343994E0,-1.010488892E1,2.139190674E0
1.297487823E1,-6.608978271E0,-1.067437744E1,1.959716797E0
1.297728912E1,-6.965499878E0,-1.122712708E1,1.617553711E0
1.297970001E1,-7.192825317E0,-1.168655396E1,1.366302490E0
1.298211090E1,-7.252639771E0,-1.201435852E1,1.115051270E0
1.298449127E1,-6.922439575E0,-1.224645996E1,1.119842529E0
1.298690216E1,-6.692718506E0,-1.236132812E1,1.026519775E0
1.298931305E1,-6.312271118E0,-1.252882385E1,1.208374023E0
1.299172393E1,-6.029907227E0,-1.259582520E1,1.131805420E0
1.299413482E1,-5.804992676E0,-1.248335266E1,1.138977051E0
1.299651519E1,-5.472381592E0,-1.236370850E1,1.256225586E0
1.299892608E1,-5.087142944E0,-1.233261108E1,1.306488037E0
1.300133697E1,-4.888534546E0,-1.229193115E1,1.545761108E0
1.300374786E1,-4.450653076E0,-1.228236389E1,1.837692261E0
1.300612823E1,-4.027114868E0,-1.226081848E1,2.148757935E0
1.300853912E1,-3.651443481E0,-1.216989136E1,2.356933594E0
1.301095001E1,-3.115447998E0,-1.209092712E1,2.691925049E0
1.301336090E1,-2.526824951E0,-1.197846985E1,2.904891968E0
1.301574127E1,-1.730010986E0,-1.184925842E1,3.136993408E0
1.301815216E1,-1.342376709E0,-1.169132996E1,3.404983521E0
1.302056305E1,-7.130584717E-1,-1.162672424E1,3.553344727E0
1.302297393E1,-2.344970703E-1,-1.138026428E1,3.589233398E0
1.302538482E1,-1.052856445E-1,-1.113140869E1,3.594024658E0
1.302776519E1,-1.507415771E-1,-1.088255310E1,3.572479248E0
1.303017608E1,4.665985107E-1,-1.079162598E1,3.505477905E0
1.303258697E1,1.057632446E0,-1.060499573E1,3.433700562E0
1.303499786E1,1.318450928E0,-1.033938599E1,3.311660767E0
1.303737823E1,1.753936768E0,-1.018385315E1,3.223129272E0
1.303978912E1,2.134399414E0,-9.913467407E0,3.160919189E0
1.304220001E1,2.483749390E0,-9.712463379E0,2.974273682E0
1.304461090E1,2.802001953E0,-9.631118774E0,2.727813721E0
1.304699127E1,2.706283569E0,-9.585647583E0,2.478958130E0
1.304940216E1,2.352142334E0,-9.671783447E0,2.701492310E0
1.305181305E1,1.885543823E0,-9.817749023E0,2.955139160E0
1.305422393E1,1.672576904E0,-9.891921997E0,3.146560669E0
1.305663482E1,1.593612671E0,-9.934997559E0,3.347564697E0
1.305901519E1,1.600799561E0,-9.901504517E0,3.591629028E0
1.306142608E1,1.502685547E0,-9.839294434E0,3.763916016E0
1.306383697E1,1.323226929E0,-9.827316284E0,3.833297729E0
1.306624786E1,1.213165283E0,-9.839294434E0,3.979263306E0
1.306862823E1,1.129409790E0,-9.875183105E0,4.137191772E0
1.307103912E1,9.930267334E-1,-9.992431641E0,4.342971802E0
1.307345001E1,9.978027344E-1,-1.005464172E1,4.582260132E0
1.307586090E1,1.158126831E0,-1.008813477E1,4.783248901E0
1.307824127E1,1.356735229E0,-1.013121033E1,4.922042847E0
1.308065216E1,1.210769653E0,-1.021496582E1,4.780853271E0
1.308306305E1,9.667053223E-1,-1.016232300E1,4.639678955E0
1.308547393E1,6.580200195E-1,-1.002832031E1,4.651641846E0
1.308785430E1,6.197357178E-1,-9.896713257E0,4.656433105E0
1.309026519E1,5.455627441E-1,-9.765106201E0,4.613357544E0
1.309267608E1,5.958099365E-1,-9.662216187E0,4.536788940E0
1.309508697E1,8.829498291E-1,-9.497116089E0,4.412368774E0
1.309749786E1,1.485946655E0,-9.346359253E0,4.256835938E0
1.309987823E1,2.110473633E0,-9.111862183E0,4.106079102E0
1.310228912E1,1.227523804E0,-8.590240479E0,4.127624512E0
1.310470001E1,-8.183441162E-1,-8.193023682E0,3.845260620E0
1.310711090E1,-2.029113770E0,-8.023132324E0,3.282958984E0
1.310949127E1,-3.031707764E0,-7.905883789E0,3.290130615E0
1.311190216E1,-4.419540405E0,-7.960922241E0,3.852447510E0
1.311431305E1,-5.711669922E0,-8.142776489E0,4.529617310E0
1.311672393E1,-7.109069824E0,-8.331802368E0,4.615753174E0
1.311910430E1,-7.925033569E0,-8.633300781E0,4.362121582E0
1.312151519E1,-8.358123779E0,-8.987442017E0,3.912261963E0
1.312392608E1,-8.506484985E0,-9.382263184E0,3.443267822E0
1.312633697E1,-8.190628052E0,-9.887145996E0,2.880966187E0
1.312874786E1,-7.537399292E0,-1.042314148E1,2.251647949E0
1.313112823E1,-6.661621094E0,-1.091845703E1,1.737182617E0
1.313353912E1,-5.599212646E0,-1.134677124E1,1.356735229E0
1.313595001E1,-4.630111694E0,-1.149990845E1,1.165298462E0
1.313836090E1,-4.039077759E0,-1.163868713E1,1.155731201E0
1.314074127E1,-3.515060425E0,-1.165065002E1,1.311264038E0
1.314315216E1,-2.919250488E0,-1.143530273E1,1.591232300E0
1.314556305E1,-2.354537964E0,-1.107637024E1,1.981262207E0
1.314797393E1,-1.828109741E0,-1.062652588E1,2.388031006E0
1.315035430E1,-1.411758423E0,-1.022213745E1,2.742172241E0
1.315276519E1,-1.083953857E0,-9.879959106E0,2.926422119E0
1.315517608E1,-7.441711426E-1,-9.509078979E0,3.029312134E0
1.315758697E1,-3.995971680E-1,-9.099899292E0,3.029312134E0
1.315999786E1,-1.962127686E-1,-8.738586426E0,2.940780640E0
1.316237823E1,0.000000000E0,-8.477767944E0,2.804382324E0
1.316478912E1,1.555328369E-1,-8.295913696E0,2.744567871E0
1.316720001E1,3.900299072E-1,-8.013565063E0,2.735000610E0
1.316961090E1,7.968139648E-1,-7.735992432E0,2.742172241E0
1.317199127E1,1.117446899E0,-7.439285278E0,2.782852173E0
1.317440216E1,1.361511230E0,-7.159332275E0,2.823532104E0
1.317681305E1,1.509872437E0,-6.912872314E0,2.955139160E0
1.317922393E1,1.536193848E0,-6.692718506E0,3.127426147E0
1.318160430E1,1.514663696E0,-6.534805298E0,3.309280396E0
1.318401519E1,1.600799561E0,-6.458221436E0,3.428909302E0
1.318642608E1,1.689331055E0,-6.455841064E0,3.409774780E0
1.318883697E1,1.818542480E0,-6.498901367E0,3.299697876E0
1.319124786E1,1.940582275E0,-6.601791382E0,3.297302246E0
1.319362823E1,1.969299316E0,-6.671188354E0,3.287734985E0
1.319603912E1,2.043472290E0,-6.754943848E0,3.218353271E0
1.319845001E1,2.043472290E0,-6.896118164E0,3.055633545E0
1.320086090E1,1.993225098E0,-7.008575439E0,2.876174927E0
1.320324127E1,1.971679688E0,-7.164108276E0,2.675170898E0
1.320565216E1,2.002792358E0,-7.345962524E0,2.455032349E0
1.320806305E1,2.019546509E0,-7.472778320E0,2.242080688E0
1.321047393E1,1.998001099E0,-7.590026855E0,2.060226440E0
1.321288482E1,2.009963989E0,-7.714462280E0,1.864013672E0
1.321529571E1,2.031509399E0,-7.838882446E0,1.710861206E0
1.321770660E1,2.074584961E0,-7.948959351E0,1.524230957E0
1.322011749E1,2.124832153E0,-8.037490845E0,1.349548340E0
1.322252838E1,2.065002441E0,-8.152343750E0,1.234695435E0
1.322490875E1,2.132003784E0,-8.240875244E0,1.129409790E0
1.322731964E1,2.158325195E0,-8.298309326E0,1.055236816E0
1.322973052E1,2.141571045E0,-8.408386230E0,9.403839111E-1
1.323214141E1,2.127212524E0,-8.554336548E0,9.020996094E-1
1.323452178E1,2.213363647E0,-8.671585083E0,8.231353760E-1
1.323693267E1,2.285140991E0,-8.659622192E0,8.374938965E-1
1.323934356E1,2.321044922E0,-8.573486328E0,8.350982666E-1
1.324175445E1,2.579467773E0,-8.492126465E0,7.657012939E-1
1.324413482E1,2.708679199E0,-8.374877930E0,7.896270752E-1
1.324654571E1,2.880966187E0,-8.269592285E0,7.968139648E-1
1.324895660E1,3.177673340E0,-8.221740723E0,7.393798828E-1
1.325136749E1,3.404983521E0,-8.159530640E0,6.412811279E-1
1.325374786E1,3.491134644E0,-8.068603516E0,5.886383057E-1
1.325615875E1,3.586837769E0,-8.073379517E0,5.886383057E-1
1.325856964E1,3.617950439E0,-8.015960693E0,6.795654297E-1
1.326098052E1,3.531799316E0,-7.996810913E0,7.609100342E-1
1.326339141E1,3.433700562E0,-7.958526611E0,9.044799805E-1
1.326577178E1,3.352340698E0,-7.970489502E0,1.004989624E0
1.326818267E1,3.261413574E0,-7.999206543E0,1.189239502E0
1.327059356E1,2.907272339E0,-8.008773804E0,1.440475464E0
1.327300445E1,2.560317993E0,-8.087738037E0,1.619934082E0
1.327538482E1,2.155929565E0,-8.128417969E0,1.921432495E0
1.327779571E1,1.902297974E0,-8.291137695E0,2.143966675E0
1.328020660E1,1.497909546E0,-8.465805054E0,2.421539307E0
1.328261749E1,1.196411133E0,-8.664413452E0,2.670394897E0
1.328502838E1,1.009765625E0,-8.901306152E0,2.873779297E0
1.328740875E1,6.412811279E-1,-9.126220703E0,3.189636230E0
1.328981964E1,2.775726318E-1,-9.281753540E0,3.658630371E0
1.329223052E1,7.656860352E-2,-9.485153198E0,4.003189087E0
1.329464141E1,-8.375549316E-2,-9.702896118E0,4.395614624E0
1.329702178E1,-2.010040283E-1,-9.865615845E0,4.766510010E0
1.329943267E1,-3.302154541E-1,-9.968505859E0,5.175674438E0
1.330184356E1,-4.642028809E-1,-1.007377625E1,5.668594360E0
1.330425445E1,-6.077728271E-1,-1.008813477E1,6.082550049E0
1.330663482E1,-4.689941406E-1,-1.015274048E1,6.379272461E0
1.330904571E1,-3.948211670E-1,-1.013360596E1,6.735794067E0
1.331145660E1,-2.177429199E-1,-1.012641907E1,6.953536987E0
1.331386749E1,-8.375549316E-2,-1.010488892E1,7.295715332E0
1.331627838E1,-2.395629883E-3,-1.003071594E1,7.613967896E0
1.331865875E1,8.135986328E-2,-9.949356079E0,7.798202515E0
1.332106964E1,1.124572754E-1,-9.870391846E0,7.960922241E0
1.332348052E1,2.632141113E-2,-9.724426270E0,8.190628052E0
1.332589141E1,1.627044678E-1,-9.628723145E0,8.212173462E0
1.332827178E1,1.340026855E-1,-9.470794678E0,8.307876587E0
1.333068267E1,6.700134277E-2,-9.274581909E0,8.382064819E0
1.333309356E1,-1.722869873E-1,-9.056838989E0,8.427520752E0
1.333550445E1,-4.833526611E-1,-8.807983398E0,8.489730835E0
1.333788482E1,-7.010955811E-1,-8.563919067E0,8.405990601E0
1.334029571E1,-9.523468018E-1,-8.276779175E0,8.362915039E0
1.334270660E1,-1.062408447E0,-8.023132324E0,8.236099243E0
1.334511749E1,-1.155731201E0,-7.764709473E0,8.020736694E0
1.334749786E1,-1.277770996E0,-7.484756470E0,7.862808228E0
1.334990875E1,-1.344772339E0,-7.266998291E0,7.630706787E0
1.335231964E1,-1.404586792E0,-7.056427002E0,7.362716675E0
1.335473052E1,-1.550552368E0,-6.853042603E0,7.109069824E0
1.335714141E1,-1.741973877E0,-6.647262573E0,6.860229492E0
1.335952178E1,-1.928619385E0,-6.549148560E0,6.597015381E0
1.336193267E1,-2.043472290E0,-6.515655518E0,6.388839722E0
1.336434356E1,-2.002792358E0,-6.553939819E0,6.192626953E0
1.336675445E1,-1.823333740E0,-6.726226807E0,6.080169678E0
1.336913482E1,-1.624725342E0,-6.991821289E0,5.955734253E0
1.337154571E1,-1.385437012E0,-7.350753784E0,5.862411499E0
1.337395660E1,-1.124633789E0,-7.850845337E0,5.833694458E0
1.337636749E1,-9.595184326E-1,-8.343780518E0,5.970092773E0
1.337874786E1,-8.709869385E-1,-8.848663330E0,6.247665405E0
1.338115875E1,-7.968139648E-1,-9.391830444E0,6.666397095E0
1.338356964E1,-8.015899658E-1,-9.832107544E0,7.183258057E0
1.338598052E1,-7.609100342E-1,-1.018385315E1,7.774276733E0
1.338839141E1,-7.034912109E-1,-1.037527466E1,8.312667847E0
1.339077178E1,-7.202453613E-1,-1.034417725E1,8.827117920E0
1.339318267E1,-7.513427734E-1,-1.015036011E1,9.209976196E0
1.339559356E1,-8.518524170E-1,-9.786651611E0,9.437286377E0
1.339800445E1,-9.260253906E-1,-9.387039185E0,9.556930542E0
1.340038482E1,-9.762725830E-1,-8.975479126E0,9.552154541E0
1.340279571E1,-9.499511719E-1,-8.523239136E0,9.439682007E0
1.340520660E1,-8.111724854E-1,-8.121246338E0,9.253051758E0
1.340761749E1,-5.240325928E-1,-7.798202515E0,8.980270386E0
1.340999786E1,-5.981445312E-2,-7.561325073E0,8.700302124E0
1.341240875E1,4.570312500E-1,-7.365112305E0,8.468200684E0
1.341481964E1,8.973083496E-1,-7.168899536E0,8.181060791E0
1.341723052E1,1.268188477E0,-6.960723877E0,7.831710815E0
1.341964141E1,1.564910889E0,-6.762115479E0,7.389038086E0
1.342202178E1,1.823333740E0,-6.537185669E0,6.876968384E0
1.342443267E1,2.182250977E0,-6.381652832E0,6.372085571E0
1.342684356E1,2.586639404E0,-6.209381104E0,5.824127197E0
1.342925445E1,3.058029175E0,-6.056228638E0,5.326416016E0
1.343163482E1,3.534194946E0,-5.950942993E0,4.800003052E0
1.343404571E1,4.027114868E0,-5.869598389E0,4.292724609E0
1.343645660E1,4.362121582E0,-5.833694458E0,3.938583374E0
1.343886749E1,4.610961914E0,-5.855239868E0,3.668197632E0
1.344124786E1,4.752151489E0,-5.907882690E0,3.548553467E0
1.344365875E1,4.689926147E0,-6.003585815E0,3.448059082E0
1.344606964E1,4.496109009E0,-6.116058350E0,3.357131958E0
1.344848052E1,4.189834595E0,-6.290725708E0,3.218353271E0
1.345089141E1,3.905090332E0,-6.441482544E0,3.029312134E0
1.345327178E1,3.617950439E0,-6.599411011E0,2.794815063E0
1.345568267E1,3.361923218E0,-6.798004150E0,2.603393555E0
1.345809356E1,3.285339355E0,-7.039688110E0,2.409576416E0
1.346050445E1,3.141769409E0,-7.357925415E0,2.289932251E0
1.346288482E1,2.904891968E0,-7.814956665E0,2.388031006E0
1.346529571E1,2.823532104E0,-8.437088013E0,2.483749390E0
1.346770660E1,2.888137817E0,-9.250656128E0,2.435897827E0
1.347011749E1,3.060424805E0,-1.022692871E1,2.251647949E0
1.347249786E1,3.192031860E0,-1.132522583E1,2.263610840E0
1.347490875E1,3.282958984E0,-1.244746399E1,2.368896484E0
1.347731964E1,3.287734985E0,-1.362951660E1,2.514862061E0
1.347973052E1,3.043670654E0,-1.477807617E1,2.598602295E0
1.348211090E1,2.763717651E0,-1.595533752E1,2.500503540E0
1.348452178E1,2.371292114E0,-1.719003296E1,2.222930908E0
1.348693267E1,1.892715454E0,-1.862333679E1,1.710861206E0
1.348934356E1,1.330413818E0,-2.018585205E1,1.107879639E0
1.349175445E1,8.781585693E-1,-2.186082458E1,4.857482910E-1
1.349413482E1,3.948211670E-1,-2.345922852E1,5.503845215E-2
1.349654571E1,-2.273254395E-1,-2.489013672E1,-1.387786865E-1
1.349895660E1,-1.021728516E0,-2.616311646E1,-1.842498779E-1
1.350136749E1,-2.110473633E0,-2.740979004E1,-4.498443604E-1
1.350377838E1,-3.479156494E0,-2.866601562E1,1.028900146E-1
1.350618927E1,-4.900497437E0,-2.940779114E1,1.301696777E0
1.350860015E1,-6.077774048E0,-2.992942810E1,2.096115112E0
1.351101104E1,-6.386444092E0,-3.046063232E1,2.904891968E0
1.351339141E1,-6.436691284E0,-3.073580933E1,3.663406372E0
1.351580230E1,-6.568298340E0,-3.065205383E1,4.158721924E0
1.351821319E1,-6.326629639E0,-3.031228638E1,4.311859131E0
1.352062408E1,-5.513061523E0,-2.979064941E1,4.182647705E0
1.352303497E1,-4.721038818E0,-2.904408264E1,3.840484619E0
1.352541534E1,-3.859619141E0,-2.814916992E1,3.546157837E0
1.352782623E1,-2.943176270E0,-2.723750305E1,3.058029175E0
1.353023712E1,-2.203796387E0,-2.635932922E1,2.438293457E0
1.353264801E1,-1.454833984E0,-2.545724487E1,1.643875122E0
1.353502838E1,-9.690856934E-1,-2.446182251E1,7.872314453E-1
1.353743927E1,-8.063812256E-1,-2.330848694E1,1.555328369E-1
1.353985015E1,-9.284210205E-1,-2.201396179E1,-2.273254395E-1
1.354226104E1,-1.411758423E0,-2.065245056E1,-4.833526611E-1
1.354464141E1,-1.916656494E0,-1.925982666E1,-5.024871826E-1
1.354705230E1,-2.340179443E0,-1.780978394E1,-4.235229492E-1
1.354946319E1,-2.522033691E0,-1.651286316E1,-2.608184814E-1
1.355187408E1,-2.476577759E0,-1.529013062E1,-8.853149414E-2
1.355428497E1,-2.318649292E0,-1.410807800E1,1.986083984E-1
1.355666534E1,-1.935791016E0,-1.316291809E1,3.588867188E-2
1.355907623E1,-1.402191162E0,-1.234936523E1,-6.939697266E-2
1.356148712E1,-8.422698975E-1,-1.164825439E1,-1.722869873E-1
1.356389801E1,-4.737854004E-1,-1.102372742E1,-2.871398926E-1
1.356627838E1,-1.962127686E-1,-1.057867432E1,-4.881286621E-1
1.356868927E1,6.460571289E-2,-1.024606323E1,-6.652069092E-1
1.357110015E1,2.967071533E-1,-9.954147339E0,-9.451599121E-1
1.357351104E1,4.355010986E-1,-9.710067749E0,-1.234695435E0
1.357589141E1,7.561340332E-1,-9.602401733E0,-1.557723999E0
1.357830230E1,1.182052612E0,-9.585647583E0,-1.758728027E0
1.358071319E1,1.366302490E0,-9.580856323E0,-2.019546509E0
1.358312408E1,1.261016846E0,-9.528213501E0,-2.368896484E0
1.358553497E1,1.301696777E0,-9.372680664E0,-2.758926392E0
1.358791534E1,1.586441040E0,-9.166900635E0,-2.871383667E0
1.359032623E1,1.727615356E0,-8.927627563E0,-3.002990723E0
1.359273712E1,1.919036865E0,-8.676376343E0,-3.144165039E0
1.359514801E1,2.213363647E0,-8.482559204E0,-3.438491821E0
1.359752838E1,2.337783813E0,-8.329421997E0,-3.852447510E0
1.359993927E1,2.397613525E0,-8.161911011E0,-4.342971802E0
1.360235015E1,1.696517944E0,-7.889129639E0,-4.785644531E0
1.360476104E1,1.222732544E0,-7.247863770E0,-5.034500122E0
1.360714141E1,2.742172241E0,-7.027725220E0,-3.464813232E0
1.360955230E1,3.996017456E0,-7.322036743E0,-1.758728027E0
1.361196319E1,4.883758545E0,-7.668991089E0,-1.919036865E0
1.361437408E1,5.010574341E0,-7.939392090E0,-2.754135132E0
1.361678497E1,4.917251587E0,-8.109283447E0,-2.897705078E0
1.361916534E1,5.127822876E0,-8.123626709E0,-2.538787842E0
1.362157623E1,5.192428589E0,-8.082962036E0,-1.816146851E0
1.362398712E1,5.139785767E0,-8.075775146E0,-1.229904175E0
1.362639801E1,5.029708862E0,-8.063812256E0,-8.015899658E-1
1.362877838E1,4.809570312E0,-8.078170776E0,-3.541412354E-1
1.363118927E1,4.383651733E0,-8.111663818E0,1.196289062E-2
1.363360015E1,4.031906128E0,-8.137985229E0,2.943115234E-1
1.363601104E1,3.792617798E0,-8.061416626E0,5.001068115E-1
1.363839141E1,3.476776123E0,-7.941772461E0,6.125640869E-1
1.364080230E1,3.113067627E0,-7.867599487E0,6.915283203E-1
1.364321319E1,2.778060913E0,-7.769500732E0,6.652069092E-1
1.364562408E1,2.474182129E0,-7.647460938E0,6.891326904E-1
1.364803497E1,2.110473633E0,-7.513458252E0,6.556396484E-1
1.365041534E1,1.746765137E0,-7.417755127E0,6.723785400E-1
1.365282623E1,1.416549683E0,-7.312469482E0,7.178497314E-1
1.365523712E1,1.136596680E0,-7.180862427E0,7.896270752E-1
1.365764801E1,8.446655273E-1,-7.137786865E0,8.997039795E-1
1.366002838E1,5.001068115E-1,-7.051651001E0,1.048049927E0
1.366243927E1,1.890258789E-1,-6.989440918E0,1.203582764E0
1.366485015E1,1.363983154E-1,-6.955932617E0,1.217941284E0
1.366726104E1,-6.460571289E-2,-6.893722534E0,1.249053955E0
1.366964141E1,-4.426727295E-1,-6.790832520E0,1.373474121E0
1.367205230E1,-6.364898682E-1,-6.738189697E0,1.354339600E0
1.367446319E1,-5.168457031E-1,-6.721435547E0,1.332809448E0
1.367687408E1,-3.206329346E-1,-6.671188354E0,1.284942627E0
1.367928497E1,-2.632141113E-1,-6.592224121E0,1.275375366E0
1.368166534E1,-2.823486328E-1,-6.544372559E0,1.275375366E0
1.368407623E1,-3.469543457E-1,-6.491729736E0,1.359130859E0
1.368648712E1,-4.618072510E-1,-6.419937134E0,1.488342285E0
1.368889801E1,-6.269226074E-1,-6.391235352E0,1.768295288E0
1.369127838E1,-7.800598145E-1,-6.331405640E0,2.053039551E0
1.369368927E1,-9.355926514E-1,-6.305084229E0,2.323425293E0
1.369610015E1,-1.071990967E0,-6.295516968E0,2.672790527E0
1.369851104E1,-1.265808105E0,-6.285949707E0,3.055633545E0
1.370089141E1,-1.445266724E0,-6.262023926E0,3.369094849E0
1.370330230E1,-1.641479492E0,-6.221343994E0,3.675369263E0
1.370571319E1,-1.847259521E0,-6.252441406E0,3.940979004E0
1.370812408E1,-2.076965332E0,-6.262023926E0,4.180267334E0
1.371053497E1,-2.304290771E0,-6.281158447E0,4.402786255E0
1.371291534E1,-2.543563843E0,-6.285949707E0,4.579864502E0
1.371532623E1,-2.754135132E0,-6.262023926E0,4.771286011E0
1.371773712E1,-2.952743530E0,-6.238082886E0,4.828720093E0
1.372014801E1,-3.189636230E0,-6.233306885E0,4.905288696E0
1.372252838E1,-3.404983521E0,-6.223724365E0,4.929214478E0
1.372493927E1,-3.627517700E0,-6.202194214E0,4.912460327E0
1.372735015E1,-3.785446167E0,-6.156738281E0,4.855041504E0
1.372976104E1,-3.984054565E0,-6.120834351E0,4.744964600E0
1.373214141E1,-4.197006226E0,-6.082550049E0,4.613357544E0
1.373455230E1,-4.414764404E0,-6.041870117E0,4.551147461E0
1.373696319E1,-4.563110352E0,-5.996414185E0,4.436294556E0
1.373937408E1,-4.637283325E0,-5.910278320E0,4.304687500E0
1.374175445E1,-4.701904297E0,-5.804992676E0,4.208969116E0
1.374416534E1,-4.761718750E0,-5.704483032E0,4.070190430E0
1.374657623E1,-4.764114380E0,-5.565704346E0,3.890731812E0
1.374898712E1,-4.723434448E0,-5.429321289E0,3.668197632E0
1.375139801E1,-4.654037476E0,-5.304885864E0,3.462417603E0
1.375377838E1,-4.541580200E0,-5.144561768E0,3.230316162E0
1.375618927E1,-4.383651733E0,-5.024932861E0,2.976669312E0
1.375860015E1,-4.153945923E0,-4.938781738E0,2.672790527E0
1.376101104E1,-3.885940552E0,-4.905288696E0,2.309066772E0
1.376339141E1,-3.565307617E0,-4.883758545E0,1.978866577E0
1.376580230E1,-3.175277710E0,-4.898101807E0,1.631912231E0
1.376821319E1,-2.785247803E0,-4.943572998E0,1.246658325E0
1.377062408E1,-2.313858032E0,-5.027313232E0,9.044799805E-1
1.377300445E1,-1.897506714E0,-5.111068726E0,5.288085938E-1
1.377541534E1,-1.517044067E0,-5.213958740E0,2.010040283E-1
1.377782623E1,-1.172485352E0,-5.328811646E0,-7.417297363E-2
1.378023712E1,-8.446655273E-1,-5.438888550E0,-2.895355225E-1
1.378264801E1,-5.455627441E-1,-5.599212646E0,-3.517456055E-1
1.378505889E1,-2.608184814E-1,-5.706878662E0,-3.613128662E-1
1.378746978E1,-3.349304199E-2,-5.845672607E0,-2.225341797E-1
1.378988067E1,1.340026855E-1,-5.977264404E0,9.567260742E-3
1.379229156E1,2.608184814E-1,-6.063415527E0,3.613128662E-1
1.379467193E1,3.110656738E-1,-6.163909912E0,8.518524170E-1
1.379708282E1,2.656097412E-1,-6.221343994E0,1.442871094E0
1.379949371E1,2.488555908E-1,-6.293121338E0,2.067398071E0
1.380190460E1,2.297058105E-1,-6.405578613E0,2.732604980E0
1.380431549E1,2.847442627E-1,-6.446258545E0,3.381057739E0
1.380669586E1,4.163513184E-1,-6.503692627E0,4.000793457E0
1.380910675E1,5.479583740E-1,-6.553939819E0,4.572677612E0
1.381151764E1,7.657012939E-1,-6.556335449E0,5.123031616E0
1.381392852E1,1.009765625E0,-6.625732422E0,5.620742798E0
1.381630889E1,1.306488037E0,-6.692718506E0,6.161514282E0
1.381871978E1,1.665405273E0,-6.776473999E0,6.721435547E0
1.382113067E1,2.074584961E0,-6.860229492E0,7.324432373E0
1.382354156E1,2.522033691E0,-6.996612549E0,7.975280762E0
1.382592193E1,2.988632202E0,-7.154541016E0,8.681167603E0
1.382833282E1,3.529418945E0,-7.293319702E0,9.384643555E0
1.383074371E1,4.122833252E0,-7.460815430E0,1.016471863E1
1.383315460E1,4.800003052E0,-7.645065308E0,1.090409851E1
1.383553497E1,5.484344482E0,-7.869995117E0,1.160519409E1
1.383794586E1,6.168701172E0,-8.142776489E0,1.220100403E1
1.384035675E1,6.910476685E0,-8.405990601E0,1.265324402E1
1.384276764E1,7.592422485E0,-8.697906494E0,1.293798828E1
1.384517852E1,8.281555176E0,-8.953948975E0,1.306242371E1
1.384755889E1,8.927627563E0,-9.152542114E0,1.300498962E1
1.384996978E1,9.542572021E0,-9.384643555E0,1.278485107E1
1.385238067E1,1.013360596E1,-9.655044556E0,1.242114258E1
1.385479156E1,1.067916870E1,-9.884750366E0,1.191146851E1
1.385717193E1,1.120797729E1,-1.021496582E1,1.129173279E1
1.385958282E1,1.175115967E1,-1.056431580E1,1.057388306E1
1.386199371E1,1.225604248E1,-1.090647888E1,9.796218872E0
1.386440460E1,1.271784973E1,-1.129412842E1,8.963516235E0
1.386678497E1,1.324427795E1,-1.165783691E1,8.049453735E0
1.386919586E1,1.367259216E1,-1.200718689E1,7.156936646E0
1.387160675E1,1.404107666E1,-1.238764954E1,6.419937134E0
1.387401764E1,1.435215759E1,-1.274896240E1,5.907882690E0
1.387642852E1,1.443110657E1,-1.302174377E1,5.697311401E0
1.387880889E1,1.426123047E1,-1.317967224E1,5.848052979E0
1.388121978E1,1.388554382E1,-1.321316528E1,6.350555420E0
1.388363067E1,1.321076965E1,-1.310070801E1,6.984649658E0
1.388604156E1,1.234217834E1,-1.282553101E1,7.709671021E0
1.388842193E1,1.135154724E1,-1.245463562E1,8.432312012E0
1.389083282E1,1.037527466E1,-1.204067993E1,8.987442017E0
1.389324371E1,9.470794678E0,-1.164825439E1,9.408584595E0
1.389565460E1,8.618942261E0,-1.125822449E1,9.650253296E0
1.389803497E1,7.807785034E0,-1.091366577E1,9.690933228E0
1.390044586E1,7.094726562E0,-1.063369751E1,9.604797363E0
1.390285675E1,6.369689941E0,-1.037049866E1,9.449264526E0
1.390526764E1,5.663818359E0,-1.010728455E1,9.257827759E0
1.390767852E1,5.024932861E0,-9.882354736E0,9.008972168E0
1.391005889E1,4.417144775E0,-9.724426270E0,8.719451904E0
1.391246978E1,3.852447510E0,-9.554534912E0,8.386840820E0
1.391488067E1,3.366699219E0,-9.442077637E0,8.063812256E0
1.391729156E1,2.912063599E0,-9.446868896E0,7.640289307E0
1.391967193E1,2.490921021E0,-9.540191650E0,7.168899536E0
1.392208282E1,2.057830811E0,-9.690933228E0,6.539581299E0
1.392449371E1,1.660614014E0,-9.994827271E0,5.836090088E0
1.392690460E1,1.311264038E0,-1.038006592E1,5.032104492E0
1.392928497E1,1.012161255E0,-1.076290894E1,4.103683472E0
1.393169586E1,7.752685547E-1,-1.117448425E1,3.158523560E0
1.393410675E1,6.006011963E-1,-1.149272156E1,2.208572388E0
1.393651764E1,4.570312500E-1,-1.177508545E1,1.349548340E0
1.393892852E1,4.713897705E-1,-1.197846985E1,5.335998535E-1
1.394130889E1,4.594268799E-1,-1.209571838E1,-1.579284668E-1
1.394371978E1,5.335998535E-1,-1.209811401E1,-6.101684570E-1
1.394613067E1,5.910339355E-1,-1.200239563E1,-7.489471436E-1
1.394854156E1,8.279113770E-1,-1.184925842E1,-4.642028809E-1
1.395092193E1,1.160522461E0,-1.163151550E1,2.201385498E-1
1.395333282E1,1.514663696E0,-1.140179443E1,1.284942627E0
1.395574371E1,1.890335083E0,-1.112901306E1,2.651245117E0
1.395815460E1,2.376068115E0,-1.091845703E1,4.175476074E0
1.396053497E1,2.912063599E0,-1.071266174E1,5.666198730E0
1.396294586E1,3.512664795E0,-1.056909180E1,7.027725220E0
1.396535675E1,4.158721924E0,-1.039202881E1,8.195419312E0
1.396776764E1,4.749755859E0,-1.035614014E1,8.989837646E0
1.397017852E1,5.187637329E0,-1.063848877E1,9.193222046E0
1.397255889E1,5.508270264E0,-1.107159424E1,9.107086182E0
1.397496978E1,5.733200073E0,-1.158604431E1,8.573486328E0
1.397738067E1,5.742767334E0,-1.213639832E1,7.850845337E0
1.397979156E1,5.395812988E0,-1.266281128E1,6.709472656E0
1.398217193E1,4.917251587E0,-1.306481934E1,5.431701660E0
1.398458282E1,4.328613281E0,-1.333760071E1,4.065399170E0
1.398699371E1,3.426528931E0,-1.342134094E1,2.773284912E0
1.398940460E1,2.490921021E0,-1.315335083E1,1.631912231E0
1.399178497E1,1.459625244E0,-1.263171387E1,5.862426758E-1
1.399419586E1,3.517456055E-1,-1.195693970E1,-3.158569336E-1
1.399660675E1,-7.250213623E-1,-1.126541138E1,-1.043273926E0
1.399901764E1,-1.820938110E0,-1.060260010E1,-1.588836670E0
1.400139801E1,-2.868988037E0,-1.005703735E1,-2.012359619E0
1.400380889E1,-3.938583374E0,-9.604797363E0,-2.414352417E0
1.400621978E1,-4.984252930E0,-9.241088867E0,-2.711074829E0
1.400863067E1,-5.836090088E0,-8.898910522E0,-2.849853516E0
1.401104156E1,-6.484542847E0,-8.652450562E0,-2.766098022E0
1.401342193E1,-7.123428345E0,-8.504089355E0,-2.531600952E0
1.401583282E1,-7.709671021E0,-8.496917725E0,-2.055435181E0
1.401824371E1,-8.334197998E0,-8.779266357E0,-1.514663696E0
1.402065460E1,-8.769699097E0,-9.018554688E0,-1.060012817E0
1.402303497E1,-8.621337891E0,-9.248260498E0,-4.881286621E-1
1.402544586E1,-8.506484985E0,-9.504287720E0,4.067993164E-2
1.402785675E1,-8.295913696E0,-9.765106201E0,4.355010986E-1
1.403026764E1,-7.908279419E0,-9.954147339E0,8.590240479E-1
1.403264801E1,-7.513458252E0,-1.012881470E1,1.052841187E0
1.403505889E1,-7.109069824E0,-1.031066895E1,1.227523804E0
1.403746978E1,-6.831512451E0,-1.034417725E1,1.284942627E0
1.403988067E1,-6.893722534E0,-1.036331177E1,1.438079834E0
1.404229156E1,-7.546966553E0,-1.042074585E1,1.619934082E0
1.404467193E1,-7.802993774E0,-1.043270874E1,1.971679688E0
1.404708282E1,-7.604385376E0,-1.040878296E1,2.098510742E0
1.404949371E1,-7.199996948E0,-1.035374451E1,2.376068115E0
1.405190460E1,-6.829116821E0,-1.034178162E1,2.423934937E0
1.405428497E1,-6.218948364E0,-1.025564575E1,2.462219238E0
1.405669586E1,-5.446060181E0,-1.017428589E1,2.517242432E0
1.405910675E1,-4.924423218E0,-1.015036011E1,2.644073486E0
1.406151764E1,-4.240081787E0,-1.015274048E1,2.696716309E0
1.406389801E1,-3.699310303E0,-1.032742310E1,2.488540649E0
1.406630889E1,-3.089126587E0,-1.042791748E1,2.421539307E0
1.406871978E1,-2.498107910E0,-1.052603149E1,2.342575073E0
1.407113067E1,-2.012359619E0,-1.064805603E1,2.321044922E0
1.407354156E1,-1.301696777E0,-1.074617004E1,2.407180786E0
1.407595245E1,-6.723785400E-1,-1.088973999E1,2.526824951E0
1.407836334E1,-2.871398926E-1,-1.105963135E1,2.620147705E0
1.408077423E1,-9.567260742E-3,-1.123669434E1,2.660812378E0
1.408318512E1,5.551300049E-1,-1.143290710E1,2.648849487E0
1.408556549E1,1.095916748E0,-1.158126831E1,2.615356445E0
1.408797638E1,1.519439697E0,-1.168893433E1,2.579467773E0
1.409038726E1,2.009963989E0,-1.175593567E1,2.524429321E0
1.409279815E1,2.502899170E0,-1.174157715E1,2.493316650E0
1.409517852E1,2.790023804E0,-1.168415833E1,2.435897827E0
1.409758941E1,2.921630859E0,-1.168893433E1,2.450256348E0
1.410000030E1,3.046066284E0,-1.167697144E1,2.414352417E0
1.410241119E1,3.201599121E0,-1.164825439E1,2.445465088E0
1.410482208E1,3.215957642E0,-1.156451416E1,2.301895142E0
1.410720245E1,3.105880737E0,-1.152862549E1,2.084152222E0
1.410961334E1,2.969497681E0,-1.137547302E1,2.105682373E0
1.411202423E1,2.488540649E0,-1.119601440E1,2.117645264E0
1.411443512E1,2.038681030E0,-1.106919861E1,2.301895142E0
1.411681549E1,2.244461060E0,-1.117448425E1,2.447860718E0
1.411922638E1,2.158325195E0,-1.099740601E1,2.737396240E0
1.412163726E1,2.167892456E0,-1.059780884E1,2.926422119E0
1.412404815E1,2.005187988E0,-1.025325012E1,3.096313477E0
1.412642852E1,1.923828125E0,-1.000917053E1,3.290130615E0
1.412883941E1,1.569686890E0,-9.994827271E0,3.637084961E0
1.413125030E1,1.380661011E0,-9.875183105E0,3.909866333E0
1.413366119E1,1.100692749E0,-9.736389160E0,4.220932007E0
1.413607208E1,1.033706665E0,-9.597610474E0,4.304687500E0
1.413845245E1,9.212341309E-1,-9.482757568E0,4.319046021E0
1.414086334E1,6.508483887E-1,-9.396621704E0,4.374084473E0
1.414327423E1,4.402770996E-1,-9.248260498E0,4.381256104E0
1.414568512E1,2.799530029E-1,-9.071197510E0,4.342971802E0
1.414806549E1,2.033843994E-1,-8.886947632E0,4.350158691E0
1.415047638E1,1.004943848E-1,-8.719451904E0,4.328613281E0
1.415288726E1,6.460571289E-2,-8.626129150E0,4.347763062E0
1.415529815E1,1.746826172E-1,-8.513656616E0,4.374084473E0
1.415767852E1,3.900299072E-1,-8.422729492E0,4.409973145E0
1.416008941E1,4.929199219E-1,-8.324630737E0,4.450653076E0
1.416250030E1,6.795654297E-1,-8.233703613E0,4.374084473E0
1.416491119E1,6.388854980E-1,-8.133209229E0,4.173080444E0
1.416732208E1,1.914978027E-2,-7.925033569E0,3.852447510E0
1.416970245E1,-9.954071045E-1,-7.728820801E0,3.469589233E0
1.417211334E1,-1.519439697E0,-7.719253540E0,3.005386353E0
1.417452423E1,-1.670196533E0,-7.697708130E0,2.388031006E0
1.417693512E1,-2.971893311E0,-7.762313843E0,2.177474976E0
1.417931549E1,-3.890731812E0,-7.850845337E0,2.172683716E0
1.418172638E1,-4.354934692E0,-8.094924927E0,1.993225098E0
1.418413726E1,-4.967498779E0,-8.300704956E0,1.856826782E0
1.418654815E1,-5.668594360E0,-8.434707642E0,1.866409302E0
1.418892852E1,-6.434295654E0,-8.645263672E0,1.923828125E0
1.419133941E1,-7.240676880E0,-9.004196167E0,2.196609497E0
1.419375030E1,-7.412963867E0,-9.427719116E0,2.565109253E0
1.419616119E1,-7.357925415E0,-1.005943298E1,3.132202148E0
1.419857208E1,-7.326828003E0,-1.062173462E1,3.562911987E0
1.420095245E1,-6.348159790E0,-1.134197998E1,3.337982178E0
1.420336334E1,-4.132400513E0,-1.163151550E1,2.914459229E0
1.420577423E1,-2.567504883E0,-1.142811584E1,2.924026489E0
1.420818512E1,-2.084152222E0,-1.130369568E1,2.675170898E0
1.421056549E1,-2.065002441E0,-1.144726562E1,2.864212036E0
1.421297638E1,-2.019546509E0,-1.126062012E1,2.813964844E0
1.421538726E1,-2.017150879E0,-1.083709717E1,2.770889282E0
1.421779815E1,-2.139190674E0,-1.039202881E1,3.134597778E0
1.422017852E1,-1.713256836E0,-9.968505859E0,3.637084961E0
1.422258941E1,-1.146163940E0,-9.592819214E0,4.036697388E0
1.422500030E1,-6.364898682E-1,-9.202789307E0,4.438690186E0
1.422741119E1,-4.139556885E-1,-8.846267700E0,4.788040161E0
1.422982208E1,-3.852386475E-1,-8.487335205E0,5.020141602E0
1.423220245E1,-4.570312500E-1,-8.085342407E0,5.166107178E0
1.423461334E1,-4.857482910E-1,-7.800598145E0,5.228317261E0
1.423702423E1,-3.948211670E-1,-7.604385376E0,5.032104492E0
1.423943512E1,-2.177429199E-1,-7.319641113E0,4.871780396E0
1.424181549E1,2.632141113E-2,-6.979858398E0,4.756927490E0
1.424422638E1,3.661041260E-1,-6.644866943E0,4.594223022E0
1.424663726E1,4.977111816E-1,-6.364913940E0,4.438690186E0
1.424904815E1,5.383911133E-1,-6.254837036E0,4.311859131E0
1.425142852E1,6.029968262E-1,-6.159118652E0,4.213760376E0
1.425383941E1,6.269226074E-1,-6.118453979E0,4.161117554E0
1.425625030E1,6.532440186E-1,-6.118453979E0,4.120437622E0
1.425866119E1,6.891326904E-1,-6.144775391E0,4.091720581E0
1.426104156E1,6.915283203E-1,-6.197418213E0,4.079757690E0
1.426345245E1,6.245269775E-1,-6.309875488E0,4.039077759E0
1.426586334E1,5.958099365E-1,-6.441482544E0,3.885940552E0
1.426827423E1,6.364898682E-1,-6.647262573E0,3.634704590E0
1.427068512E1,7.274169922E-1,-6.853042603E0,3.400207520E0
1.427306549E1,8.063812256E-1,-7.085144043E0,3.184844971E0
1.427547638E1,9.164581299E-1,-7.305282593E0,2.943176270E0
1.427788726E1,9.810638428E-1,-7.544570923E0,2.727813721E0
1.428029815E1,1.100692749E0,-7.869995117E0,2.493316650E0
1.428267852E1,1.177261353E0,-8.135604858E0,2.289932251E0
1.428508941E1,1.284942627E0,-8.420349121E0,2.122436523E0
1.428750030E1,1.397415161E0,-8.762512207E0,1.883148193E0
1.428991119E1,1.529006958E0,-9.049652100E0,1.730010986E0
1.429229156E1,1.545761108E0,-9.265014648E0,1.593612671E0
1.429470245E1,1.603195190E0,-9.482757568E0,1.426116943E0
1.429711334E1,1.787445068E0,-9.712463379E0,1.292129517E0
1.429952423E1,1.864013672E0,-9.899108887E0,1.170089722E0
1.430193512E1,1.990829468E0,-1.006900024E1,9.355926514E-1
1.430431549E1,2.155929565E0,-1.018864441E1,8.087768555E-1
1.430672638E1,2.244461060E0,-1.035614014E1,7.106628418E-1
1.430913726E1,2.309066772E0,-1.043031311E1,6.891326904E-1
1.431154815E1,2.299499512E0,-1.043031311E1,6.747741699E-1
1.431392852E1,2.378463745E0,-1.038485718E1,6.436767578E-1
1.431633941E1,2.488540649E0,-1.027717590E1,6.628112793E-1
1.431875030E1,2.617752075E0,-1.011445618E1,6.915283203E-1
1.432116119E1,2.732604980E0,-9.884750366E0,8.087768555E-1
1.432354156E1,2.799606323E0,-9.659820557E0,9.547424316E-1
1.432595245E1,2.847457886E0,-9.415756226E0,1.124633789E0
1.432836334E1,2.983856201E0,-9.166900635E0,1.304092407E0
1.433077423E1,2.988632202E0,-8.882156372E0,1.478759766E0
1.433318512E1,3.065200806E0,-8.685943604E0,1.624725342E0
1.433556549E1,3.077163696E0,-8.470596313E0,1.734802246E0
1.433797638E1,3.079559326E0,-8.267196655E0,1.880752563E0
1.434038726E1,3.170486450E0,-8.164306641E0,1.966903687E0
1.434279815E1,3.113067627E0,-8.097305298E0,2.038681030E0
1.434517852E1,3.041275024E0,-8.066207886E0,2.098510742E0
1.434758941E1,2.892929077E0,-8.104492188E0,2.021942139E0
1.435000030E1,2.742172241E0,-8.212173462E0,1.871185303E0
1.435241119E1,2.541183472E0,-8.355743408E0,1.852050781E0
1.435482208E1,2.323425293E0,-8.571090698E0,1.861618042E0
1.435723297E1,2.057830811E0,-8.738586426E0,1.935791016E0
1.435964386E1,1.744369507E0,-8.934799194E0,1.988433838E0
1.436205474E1,1.265808105E0,-9.056838989E0,2.117645264E0
1.436446563E1,9.092712402E-1,-9.212371826E0,2.277969360E0
1.436684600E1,5.862426758E-1,-9.363113403E0,2.536392212E0
1.436925689E1,1.555328369E-1,-9.485153198E0,2.916854858E0
1.437166778E1,-1.292114258E-1,-9.523437500E0,3.359527588E0
1.437407867E1,-3.828582764E-1,-9.580856323E0,3.739974976E0
1.437645904E1,-4.522399902E-1,-9.655044556E0,4.115661621E0
1.437886993E1,-6.029968262E-1,-9.647857666E0,4.668395996E0
1.438128082E1,-6.676025391E-1,-9.678970337E0,5.166107178E0
1.438369171E1,-4.929199219E-1,-9.700500488E0,5.534591675E0
1.438607208E1,-3.589172363E-1,-9.724426270E0,5.982055664E0
1.438848297E1,-3.158569336E-1,-9.690933228E0,6.565902710E0
1.439089386E1,-3.637084961E-1,-9.525833130E0,7.006179810E0
1.439330474E1,-3.086700439E-1,-9.403793335E0,7.412963867E0
1.439571563E1,-3.110656738E-1,-9.260223389E0,7.925033569E0
1.439809600E1,-4.785156250E-2,-9.119049072E0,8.176269531E0
1.440050689E1,-6.939697266E-2,-8.896514893E0,8.592620850E0
1.440291778E1,-1.004943848E-1,-8.597412109E0,8.853439331E0
1.440529815E1,-9.332275391E-2,-8.331802368E0,8.922836304E0
1.440770904E1,-1.411743164E-1,-8.020736694E0,8.987442017E0
1.441011993E1,-3.278198242E-1,-7.767105103E0,8.994613647E0
1.441253082E1,-5.694885254E-1,-7.472778320E0,8.922836304E0
1.441494171E1,-9.331970215E-1,-7.190429688E0,8.767303467E0
1.441732208E1,-1.371093750E0,-6.879364014E0,8.595016479E0
1.441973297E1,-1.698898315E0,-6.695114136E0,8.262420654E0
1.442214386E1,-2.096115112E0,-6.522827148E0,8.030319214E0
1.442455474E1,-2.519638062E0,-6.393615723E0,7.884353638E0
1.442693512E1,-3.000595093E0,-6.319442749E0,7.731216431E0
1.442934600E1,-3.460021973E0,-6.319442749E0,7.578063965E0
1.443175689E1,-3.869201660E0,-6.460617065E0,7.424926758E0
1.443416778E1,-4.252044678E0,-6.632904053E0,7.243072510E0
1.443657867E1,-4.500900269E0,-6.951156616E0,7.080368042E0
1.443895904E1,-4.591827393E0,-7.333999634E0,6.977478027E0
1.444136993E1,-4.579864502E0,-7.836486816E0,6.879364014E0
1.444378082E1,-4.433898926E0,-8.389236450E0,6.795623779E0
1.444619171E1,-4.139587402E0,-9.035293579E0,6.742980957E0
1.444857208E1,-3.785446167E0,-9.671783447E0,6.781265259E0
1.445098297E1,-3.235092163E0,-1.036570740E1,6.814758301E0
1.445339386E1,-2.634490967E0,-1.099502563E1,6.977478027E0
1.445580474E1,-2.115249634E0,-1.155972290E1,7.159332275E0
1.445821563E1,-1.648651123E0,-1.202394104E1,7.441680908E0
1.446059600E1,-1.208374023E0,-1.235653687E1,7.661819458E0
1.446300689E1,-8.374938965E-1,-1.254795837E1,7.879562378E0
1.446541778E1,-5.934143066E-1,-1.252882385E1,8.085342407E0
1.446782867E1,-5.503540039E-1,-1.235893250E1,8.066207886E0
1.447020904E1,-4.618072510E-1,-1.211486816E1,7.824523926E0
1.447261993E1,-2.416687012E-1,-1.190190125E1,7.468002319E0
1.447503082E1,1.627044678E-1,-1.177986145E1,7.070785522E0
1.447744171E1,6.580200195E-1,-1.168655396E1,6.719039917E0
1.447982208E1,1.213165283E0,-1.156929016E1,6.345764160E0
1.448223297E1,1.605590820E0,-1.137069702E1,5.955734253E0
1.448464386E1,1.871185303E0,-1.109791565E1,5.541778564E0
1.448705474E1,2.038681030E0,-1.076530457E1,5.142181396E0
1.448943512E1,2.218139648E0,-1.042791748E1,4.749755859E0
1.449184600E1,2.352142334E0,-1.004985046E1,4.431503296E0
1.449425689E1,2.533996582E0,-9.676574707E0,4.244873047E0
1.449666778E1,2.761322021E0,-9.308074951E0,4.113265991E0
1.449907867E1,2.931213379E0,-8.941986084E0,3.998413086E0
1.450145904E1,3.043670654E0,-8.566299438E0,3.945770264E0
1.450386993E1,3.148956299E0,-8.276779175E0,3.835693359E0
1.450628082E1,3.237487793E0,-7.948959351E0,3.768692017E0
1.450869171E1,3.263809204E0,-7.673782349E0,3.689727783E0
1.451107208E1,3.306884766E0,-7.458435059E0,3.620346069E0
1.451348297E1,3.390625000E0,-7.252639771E0,3.493515015E0
1.451589386E1,3.515060425E0,-7.149749756E0,3.345169067E0
1.451830474E1,3.656234741E0,-7.054046631E0,3.314056396E0
1.452068512E1,3.797409058E0,-6.965499878E0,3.440872192E0
1.452309600E1,3.945770264E0,-6.848251343E0,3.610763550E0
1.452550689E1,4.015151978E0,-6.714263916E0,3.809371948E0
1.452791778E1,3.955337524E0,-6.582656860E0,3.979263306E0
1.453032867E1,3.809371948E0,-6.422332764E0,4.079757690E0
1.453270904E1,3.684951782E0,-6.228515625E0,4.072586060E0
1.453511993E1,3.567703247E0,-6.092132568E0,3.974472046E0
1.453753082E1,3.479156494E0,-5.979660034E0,3.730407715E0
1.453994171E1,3.471984863E0,-5.900695801E0,3.498306274E0
1.454232208E1,3.519836426E0,-5.864807129E0,3.270996094E0
1.454473297E1,3.646667480E0,-5.881561279E0,3.101104736E0
1.454714386E1,3.823730469E0,-5.943771362E0,2.914459229E0
1.454955474E1,4.003189087E0,-6.087341309E0,2.715850830E0
1.455193512E1,4.177871704E0,-6.391235352E0,2.624923706E0
1.455434600E1,4.292724609E0,-6.848251343E0,2.519638062E0
1.455675689E1,4.354934692E0,-7.446456909E0,2.311462402E0
1.455916778E1,4.388442993E0,-8.248062134E0,1.978866577E0
1.456157867E1,4.335800171E0,-9.138183594E0,1.665405273E0
1.456395904E1,4.161117554E0,-1.011924744E1,1.433303833E0
1.456636993E1,3.728012085E0,-1.110987854E1,1.313659668E0
1.456878082E1,3.165710449E0,-1.208854675E1,1.234695435E0
1.457119171E1,2.352142334E0,-1.306719971E1,1.215560913E0
1.457357208E1,1.636688232E0,-1.413201904E1,1.361511230E0
1.457598297E1,1.203582764E0,-1.540260315E1,1.361511230E0
1.457839386E1,6.986999512E-1,-1.675454712E1,1.287338257E0
1.458080474E1,1.411743164E-1,-1.810169983E1,1.399795532E0
1.458318512E1,-2.488555908E-1,-1.954696655E1,1.521835327E0
1.458559600E1,-6.245269775E-1,-2.090370178E1,1.794616699E0
1.458800689E1,-1.105484009E0,-2.222453308E1,2.098510742E0
1.459041778E1,-1.722839355E0,-2.338505554E1,2.340179443E0
1.459282867E1,-2.258819580E0,-2.442832947E1,2.457427979E0
1.459520904E1,-2.837890625E0,-2.529452515E1,2.557922363E0
1.459761993E1,-3.328414917E0,-2.602673340E1,2.610565186E0
1.460003082E1,-3.689727783E0,-2.666322327E1,2.641677856E0
1.460244171E1,-3.972091675E0,-2.704608154E1,2.656036377E0
1.460482208E1,-4.201797485E0,-2.726142883E1,2.711074829E0
1.460723297E1,-4.225723267E0,-2.734039307E1,2.703887939E0
1.460964386E1,-4.283157349E0,-2.728775024E1,2.584243774E0
1.461205474E1,-4.321441650E0,-2.702453613E1,2.301895142E0
1.461443512E1,-4.285552979E0,-2.648376465E1,1.964508057E0
1.461684600E1,-4.237686157E0,-2.583291626E1,1.718048096E0
1.461925689E1,-4.103683472E0,-2.502893066E1,1.730010986E0
1.462166778E1,-3.718444824E0,-2.405265808E1,1.682159424E0
1.462407867E1,-3.158523560E0,-2.288256836E1,1.576873779E0
1.462645904E1,-2.349746704E0,-2.168853760E1,1.356735229E0
1.462886993E1,-1.749160767E0,-2.046102905E1,1.392623901E0
1.463128082E1,-1.189239502E0,-1.921676636E1,1.483551025E0
1.463369171E1,-7.585296631E-1,-1.793659973E1,1.581649780E0
1.463607208E1,-4.905242920E-1,-1.670669556E1,1.744369507E0
1.463848297E1,-3.637084961E-1,-1.554617310E1,1.897506714E0
1.464089386E1,-3.278198242E-1,-1.449572754E1,2.067398071E0
1.464330474E1,-1.938171387E-1,-1.365583801E1,2.060226440E0
1.464571563E1,1.148529053E-1,-1.294757080E1,1.878372192E0
1.464812652E1,3.110656738E-1,-1.229910278E1,1.715652466E0
1.465053741E1,3.206329346E-1,-1.170808411E1,1.660614014E0
1.465294830E1,1.244201660E-1,-1.126780701E1,1.505081177E0
1.465532867E1,1.387786865E-1,-1.081555176E1,1.392623901E0
1.465773956E1,1.363983154E-1,-1.037287903E1,1.442871094E0
1.466015045E1,3.732757568E-1,-1.011924744E1,1.414154053E0
1.466256134E1,6.795654297E-1,-1.000679016E1,1.275375366E0
1.466497223E1,9.643096924E-1,-9.946960449E0,9.882354736E-1
1.466735260E1,1.337585449E0,-9.911071777E0,6.436767578E-1
1.466976348E1,1.667800903E0,-9.851257324E0,2.249298096E-1
1.467217437E1,1.962112427E0,-9.784255981E0,-3.038940430E-1
1.467458526E1,2.029113770E0,-9.741180420E0,-9.092712402E-1
1.467696563E1,1.964508057E0,-9.686141968E0,-1.603195190E0
1.467937652E1,1.830505371E0,-9.609573364E0,-2.340179443E0
1.468178741E1,1.904693604E0,-9.446868896E0,-3.203994751E0
1.468419830E1,2.100891113E0,-9.394226074E0,-3.969696045E0
1.468657867E1,2.261215210E0,-9.293716431E0,-4.642074585E0
1.468898956E1,2.254043579E0,-9.243469238E0,-5.020141602E0
1.469140045E1,2.208572388E0,-9.145370483E0,-5.218750000E0
1.469381134E1,2.203796387E0,-9.040084839E0,-5.307281494E0
1.469622223E1,2.184646606E0,-8.985046387E0,-5.163711548E0
1.469860260E1,2.187042236E0,-8.872589111E0,-4.881362915E0
1.470101348E1,2.050643921E0,-8.779266357E0,-4.505691528E0
1.470342437E1,1.732406616E0,-8.697906494E0,-4.163513184E0
1.470580474E1,1.495513916E0,-8.602203369E0,-3.601196289E0
1.470821563E1,1.347152710E0,-8.556732178E0,-3.189636230E0
1.471062652E1,1.337585449E0,-8.525634766E0,-2.632110596E0
1.471303741E1,1.351943970E0,-8.489730835E0,-1.990829468E0
1.471544830E1,1.258621216E0,-8.492126465E0,-1.368698120E0
1.471782867E1,1.100692749E0,-8.465805054E0,-7.561340332E-1
1.472023956E1,9.523468018E-1,-8.501693726E0,-8.853149414E-2
1.472265045E1,7.058868408E-1,-8.532806396E0,6.077728271E-1
1.472506134E1,-6.245269775E-1,-8.659622192E0,1.363906860E0
1.472747223E1,-1.385437012E0,-8.317459106E0,1.557723999E0
1.472985260E1,-4.785614014E-1,-7.901107788E0,2.067398071E0
1.473226348E1,-3.349914551E-1,-7.623535156E0,2.309066772E0
1.473467437E1,-7.513427734E-1,-6.970291138E0,1.765899658E0
1.473708526E1,1.203582764E0,-6.644866943E0,2.955139160E0
1.473946563E1,2.569885254E0,-6.857833862E0,4.113265991E0
1.474187652E1,2.187042236E0,-7.140182495E0,3.136993408E0
1.474428741E1,1.112655640E0,-7.353149414E0,2.065002441E0
1.474669830E1,5.934143066E-1,-7.264602661E0,1.801788330E0
1.474907867E1,4.665985107E-1,-7.113861084E0,1.890335083E0
1.475148956E1,4.522399902E-1,-7.013366699E0,1.756332397E0
1.475390045E1,3.732757568E-1,-6.939178467E0,1.708480835E0
1.475631134E1,3.684997559E-1,-6.876968384E0,1.646255493E0
1.475872223E1,2.177429199E-1,-6.814758301E0,1.586441040E0
1.476110260E1,-8.613586426E-2,-6.738189697E0,1.445266724E0
1.476351348E1,-2.249298096E-1,-6.675979614E0,1.416549683E0
1.476592437E1,-5.958099365E-1,-6.671188354E0,1.524230957E0
1.476833526E1,-7.298126221E-1,-6.728622437E0,1.696517944E0
1.477071563E1,-5.982055664E-1,-6.800399780E0,1.710861206E0
1.477312652E1,-3.995971680E-1,-6.845870972E0,1.844863892E0
1.477553741E1,-2.105712891E-1,-6.896118164E0,2.112869263E0
1.477794830E1,-1.459655762E-1,-6.994216919E0,2.507675171E0
1.478032867E1,-1.698913574E-1,-7.008575439E0,2.852249146E0
1.478273956E1,-1.435699463E-1,-7.008575439E0,3.151351929E0
1.478515045E1,-1.100769043E-1,-6.970291138E0,3.476776123E0
1.478756134E1,-9.332275391E-2,-6.967895508E0,3.761520386E0
1.478997223E1,-1.579284668E-1,-6.936798096E0,3.991226196E0
1.479235260E1,-2.297058105E-1,-6.869796753E0,4.134796143E0
1.479476348E1,-3.062744141E-1,-6.795623779E0,4.189834595E0
1.479717437E1,-3.900299072E-1,-6.685546875E0,4.182647705E0
1.479958526E1,-5.335998535E-1,-6.604187012E0,4.130004883E0
1.480196563E1,-6.795654297E-1,-6.522827148E0,4.007980347E0
1.480437652E1,-7.298126221E-1,-6.403198242E0,3.893127441E0
1.480678741E1,-7.417755127E-1,-6.245269775E0,3.723236084E0
1.480919830E1,-7.968139648E-1,-6.118453979E0,3.519836426E0
1.481157867E1,-8.111724854E-1,-5.989242554E0,3.347564697E0
1.481398956E1,-7.824554443E-1,-5.922241211E0,3.151351929E0
1.481640045E1,-7.824554443E-1,-5.833694458E0,2.940780640E0
1.481881134E1,-7.728881836E-1,-5.742767334E0,2.713455200E0
1.482122223E1,-7.369842529E-1,-5.670989990E0,2.414352417E0
1.482360260E1,-7.178497314E-1,-5.611175537E0,2.179855347E0
1.482601348E1,-6.819610596E-1,-5.525024414E0,1.856826782E0
1.482842437E1,-6.460571289E-1,-5.486740112E0,1.552947998E0
1.483083526E1,-5.862426758E-1,-5.417343140E0,1.201202393E0
1.483321563E1,-4.905242920E-1,-5.364715576E0,9.020996094E-1
1.483562652E1,-4.307098389E-1,-5.369491577E0,6.484527588E-1
1.483803741E1,-3.421783447E-1,-5.300109863E0,3.924255371E-1
1.484044830E1,-2.775726318E-1,-5.278564453E0,1.986083984E-1
1.484282867E1,-1.914215088E-1,-5.266601562E0,6.460571289E-2
1.484523956E1,-1.674957275E-1,-5.300109863E0,0.000000000E0
1.484765045E1,-8.613586426E-2,-5.307281494E0,2.395629883E-3
1.485006134E1,4.791259766E-3,-5.374282837E0,9.092712402E-2
1.485247223E1,8.853149414E-2,-5.405380249E0,2.943115234E-1
1.485485260E1,1.746826172E-1,-5.412567139E0,5.766754150E-1
1.485726348E1,2.344970703E-1,-5.450851440E0,9.044799805E-1
1.485967437E1,2.919311523E-1,-5.486740112E0,1.270584106E0
1.486208526E1,3.421783447E-1,-5.532211304E0,1.603195190E0
1.486446563E1,3.756713867E-1,-5.577667236E0,1.969299316E0
1.486687652E1,4.474639893E-1,-5.592025757E0,2.285140991E0
1.486928741E1,4.977111816E-1,-5.620742798E0,2.627319336E0
1.487169830E1,5.623168945E-1,-5.647064209E0,2.888137817E0
1.487407867E1,6.053771973E-1,-5.668594360E0,3.215957642E0
1.487648956E1,6.556396484E-1,-5.704483032E0,3.483947754E0
1.487890045E1,6.843414307E-1,-5.714065552E0,3.744766235E0
1.488131134E1,7.298126221E-1,-5.718841553E0,3.998413086E0
1.488372223E1,7.633056641E-1,-5.754745483E0,4.242477417E0
1.488610260E1,7.322082520E-1,-5.804992676E0,4.508071899E0
1.488851348E1,7.130584717E-1,-5.860015869E0,4.735397339E0
1.489092437E1,6.747741699E-1,-5.898315430E0,4.977066040E0
1.489333526E1,6.699829102E-1,-5.974884033E0,5.254638672E0
1.489571563E1,6.723785400E-1,-6.063415527E0,5.481964111E0
1.489812652E1,7.130584717E-1,-6.163909912E0,5.773880005E0
1.490053741E1,7.752685547E-1,-6.264404297E0,6.075378418E0
1.490294830E1,8.446655273E-1,-6.393615723E0,6.355331421E0
1.490532867E1,9.547424316E-1,-6.501296997E0,6.675979614E0
1.490773956E1,1.136596680E0,-6.630508423E0,7.010971069E0
1.491015045E1,1.320831299E0,-6.790832520E0,7.398605347E0
1.491256134E1,1.545761108E0,-6.936798096E0,7.726425171E0
1.491494171E1,1.844863892E0,-7.099502563E0,8.090133667E0
1.491735260E1,2.199005127E0,-7.257431030E0,8.453842163E0
1.491976348E1,2.608169556E0,-7.389038086E0,8.781661987E0
1.492217437E1,3.060424805E0,-7.539779663E0,9.075973511E0
1.492458526E1,3.527023315E0,-7.659423828E0,9.310470581E0
1.492699615E1,4.046264648E0,-7.824523926E0,9.468399048E0
1.492940704E1,4.627716064E0,-7.980056763E0,9.578475952E0
1.493181793E1,5.216354370E0,-8.121246338E0,9.609573364E0
1.493422882E1,5.821731567E0,-8.193023682E0,9.611968994E0
1.493660919E1,6.343368530E0,-8.365310669E0,9.533004761E0
1.493902008E1,6.929611206E0,-8.547164917E0,9.372680664E0
1.494143096E1,7.539779663E0,-8.767303467E0,9.131011963E0
1.494384185E1,8.161911011E0,-9.020935059E0,8.855834961E0
1.494622223E1,8.779266357E0,-9.324829102E0,8.566299438E0
1.494863311E1,9.332015991E0,-9.626327515E0,8.193023682E0
1.495104400E1,9.856033325E0,-1.001396179E1,7.841278076E0
1.495345489E1,1.033221436E1,-1.040878296E1,7.484756470E0
1.495586578E1,1.076530457E1,-1.081794739E1,7.178466797E0
1.495824615E1,1.115533447E1,-1.125105286E1,6.927215576E0
1.496065704E1,1.143290710E1,-1.165783691E1,6.738189697E0
1.496306793E1,1.164347839E1,-1.204307556E1,6.678375244E0
1.496547882E1,1.175115967E1,-1.237329102E1,6.702301025E0
1.496785919E1,1.174876404E1,-1.262931824E1,6.860229492E0
1.497027008E1,1.162911987E1,-1.282313538E1,7.089935303E0
1.497268096E1,1.137309265E1,-1.283270264E1,7.434494019E0
1.497509185E1,1.101655579E1,-1.271545410E1,7.800598145E0
1.497747223E1,1.056909180E1,-1.246421814E1,8.190628052E0
1.497988311E1,1.000199890E1,-1.214356995E1,8.549560547E0
1.498229400E1,9.332015991E0,-1.176312256E1,8.807983398E0
1.498470489E1,8.662017822E0,-1.131086731E1,8.973083496E0
1.498711578E1,8.015960693E0,-1.085145569E1,9.061614990E0
1.498949615E1,7.372283936E0,-1.041595459E1,9.004196167E0
1.499190704E1,6.821945190E0,-9.973281860E0,8.824737549E0
1.499431793E1,6.276367188E0,-9.652648926E0,8.516052246E0
1.499672882E1,5.714065552E0,-9.372680664E0,8.104492188E0
1.499910919E1,5.204391479E0,-9.190826416E0,7.578063965E0
1.500152008E1,4.728210449E0,-9.095123291E0,6.972686768E0
1.500393096E1,4.290328979E0,-9.075973511E0,6.333801270E0
1.500634185E1,3.866806030E0,-9.107086182E0,5.642272949E0
1.500872223E1,3.469589233E0,-9.190826416E0,4.967498779E0
1.501113311E1,3.043670654E0,-9.265014648E0,4.249649048E0
1.501354400E1,2.663208008E0,-9.389434814E0,3.572479248E0
1.501595489E1,2.354537964E0,-9.528213501E0,2.902496338E0
1.501836578E1,2.017150879E0,-9.702896118E0,2.282745361E0
1.502074615E1,1.658233643E0,-9.906280518E0,1.741973877E0
1.502315704E1,1.299301147E0,-1.015992737E1,1.280166626E0
1.502556793E1,1.004989624E0,-1.040159607E1,8.949127197E-1
1.502797882E1,7.704925537E-1,-1.061216736E1,6.676025391E-1
1.503035919E1,6.676025391E-1,-1.072941589E1,6.891326904E-1
1.503277008E1,7.322082520E-1,-1.078445435E1,1.004989624E0
1.503518096E1,9.044799805E-1,-1.080120850E1,1.624725342E0
1.503759185E1,1.186843872E0,-1.076290894E1,2.572280884E0
1.503997223E1,1.634292603E0,-1.069592285E1,3.744766235E0
1.504238311E1,2.289932251E0,-1.064088440E1,5.192428589E0
1.504479400E1,3.127426147E0,-1.057867432E1,6.731002808E0
1.504720489E1,3.938583374E0,-1.060737610E1,8.181060791E0
1.504961578E1,4.740188599E0,-1.065763855E1,9.566513062E0
1.505199615E1,5.448455811E0,-1.069592285E1,1.081794739E1
1.505440704E1,6.065811157E0,-1.076052856E1,1.163151550E1
1.505681793E1,6.271591187E0,-1.091845703E1,1.204067993E1
1.505922882E1,6.434295654E0,-1.145922852E1,1.205743408E1
1.506160919E1,6.350555420E0,-1.212683105E1,1.176789856E1
1.506402008E1,6.116058350E0,-1.296191406E1,1.101416016E1
1.506643096E1,5.836090088E0,-1.382812500E1,9.803390503E0
1.506884185E1,5.419738770E0,-1.463928223E1,8.066207886E0
1.507122223E1,4.840682983E0,-1.519682312E1,6.116058350E0
1.507363311E1,4.144363403E0,-1.549113464E1,3.981658936E0
1.507604400E1,3.093917847E0,-1.540020752E1,2.069793701E0
1.507845489E1,1.964508057E0,-1.502453613E1,3.972015381E-1
1.508083526E1,1.215560913E0,-1.424447632E1,-1.320831299E0
1.508324615E1,6.436767578E-1,-1.307438660E1,-2.787643433E0
1.508565704E1,-7.171630859E-3,-1.184686279E1,-3.919448853E0
1.508806793E1,-7.968139648E-1,-1.079641724E1,-4.668395996E0
1.509047882E1,-1.861618042E0,-9.942184448E0,-5.161315918E0
1.509285919E1,-3.079559326E0,-9.401397705E0,-5.319244385E0
1.509527008E1,-4.297515869E0,-9.025726318E0,-5.312072754E0
1.509768096E1,-5.364715576E0,-8.702697754E0,-5.120635986E0
1.510006134E1,-6.123229980E0,-8.506484985E0,-4.637283325E0
1.510247223E1,-6.637695312E0,-8.401199341E0,-3.713653564E0
1.510488311E1,-6.771682739E0,-8.298309326E0,-2.522033691E0
1.510729400E1,-6.563507080E0,-8.221740723E0,-1.249053955E0
1.510970489E1,-6.058624268E0,-8.169097900E0,-5.981445312E-2
1.511211578E1,-5.460418701E0,-8.133209229E0,9.044799805E-1
1.511449615E1,-4.859817505E0,-8.221740723E0,1.519439697E0
1.511690704E1,-4.500900269E0,-8.403594971E0,1.854431152E0
1.511931793E1,-4.646865845E0,-8.750549316E0,1.971679688E0
1.512172882E1,-4.651641846E0,-9.092727661E0,1.804183960E0
1.512410919E1,-4.278366089E0,-9.315261841E0,1.684539795E0
1.512652008E1,-4.134796143E0,-9.578475952E0,1.679763794E0
1.512893096E1,-3.952941895E0,-9.786651611E0,1.706085205E0
1.513134185E1,-3.747161865E0,-9.956542969E0,1.926223755E0
1.513372223E1,-3.337982178E0,-1.007377625E1,2.158325195E0
1.513613311E1,-3.189636230E0,-1.010968018E1,2.399993896E0
1.513854400E1,-3.158523560E0,-1.005943298E1,2.541183472E0
1.514095489E1,-2.809173584E0,-1.004747009E1,2.723037720E0
1.514336578E1,-2.268402100E0,-1.003071594E1,2.928817749E0
1.514574615E1,-1.684539795E0,-9.966110229E0,3.060424805E0
1.514815704E1,-1.411758423E0,-9.968505859E0,3.127426147E0
1.515056793E1,-9.738769531E-1,-1.001156616E1,3.266204834E0
1.515297882E1,-3.732757568E-1,-1.013360596E1,3.275772095E0
1.515535919E1,-1.244201660E-1,-1.021974182E1,3.306884766E0
1.515777008E1,1.220397949E-1,-1.029631042E1,3.373886108E0
1.516018096E1,5.048828125E-1,-1.046142578E1,3.175277710E0
1.516259185E1,9.140625000E-1,-1.054039001E1,3.055633545E0
1.516497223E1,8.566284180E-1,-1.060737610E1,2.892929077E0
1.516738311E1,8.853454590E-1,-1.070309448E1,2.746963501E0
1.516979400E1,8.661956787E-1,-1.082513428E1,2.648849487E0
1.517220489E1,4.713897705E-1,-1.087298584E1,2.641677856E0
1.517458526E1,3.541412354E-1,-1.102372742E1,2.536392212E0
1.517699615E1,6.245269775E-1,-1.108595276E1,2.452636719E0
1.517940704E1,6.269226074E-1,-1.085145569E1,2.330612183E0
1.518181793E1,4.665985107E-1,-1.078445435E1,2.175079346E0
1.518422882E1,7.178497314E-1,-1.076770020E1,1.976470947E0
1.518660919E1,1.009765625E0,-1.077009583E1,1.919036865E0
1.518902008E1,1.517044067E0,-1.073660278E1,2.069793701E0
1.519143096E1,1.655838013E0,-1.067437744E1,2.280364990E0
1.519384185E1,1.718048096E0,-1.063848877E1,2.347366333E0
1.519622223E1,1.856826782E0,-1.060260010E1,2.289932251E0
1.519863311E1,1.954940796E0,-1.053320312E1,2.294723511E0
1.520104400E1,1.983642578E0,-1.047578430E1,2.325820923E0
1.520345489E1,1.974075317E0,-1.044467163E1,2.464614868E0
1.520583526E1,1.942977905E0,-1.042791748E1,2.687133789E0
1.520824615E1,1.840087891E0,-1.035134888E1,2.861816406E0
1.521065704E1,1.837692261E0,-1.032981873E1,2.964706421E0
1.521306793E1,1.694122314E0,-1.030110168E1,3.050842285E0
1.521547882E1,1.210769653E0,-1.032502747E1,2.993423462E0
1.521788971E1,1.012161255E0,-1.032742310E1,3.012557983E0
1.522030059E1,9.954071045E-1,-1.031546021E1,2.991027832E0
1.522271148E1,1.074371338E0,-1.034417725E1,3.038879395E0
1.522512237E1,1.141372681E0,-1.031306458E1,3.213562012E0
1.522750274E1,1.241882324E0,-1.030349731E1,3.457626343E0
1.522991363E1,1.392623901E0,-1.029153442E1,3.802200317E0
1.523232452E1,1.478759766E0,-1.023649597E1,4.101303101E0
1.523473541E1,1.359130859E0,-1.012403870E1,4.307083130E0
1.523711578E1,1.117446899E0,-9.970886230E0,4.295120239E0
1.523952667E1,9.954071045E-1,-9.678970337E0,4.046264648E0
1.524193756E1,4.211425781E-1,-9.542572021E0,4.060623169E0
1.524434845E1,-1.292129517E0,-9.176467896E0,4.441085815E0
1.524675933E1,-2.170288086E0,-8.980270386E0,5.094314575E0
1.524913971E1,-2.735000610E0,-8.958724976E0,5.302490234E0
1.525155059E1,-3.067596436E0,-9.013763428E0,5.254638672E0
1.525396148E1,-3.160919189E0,-9.078369141E0,5.070388794E0
1.525637237E1,-3.055633545E0,-9.154937744E0,4.840682983E0
1.525875274E1,-2.792419434E0,-9.219543457E0,4.555938721E0
1.526116363E1,-2.725418091E0,-9.140579224E0,4.520034790E0
1.526357452E1,-3.275772095E0,-9.020935059E0,4.606185913E0
1.526598541E1,-3.871582031E0,-8.992233276E0,4.603790283E0
1.526836578E1,-4.386047363E0,-8.992233276E0,4.472183228E0
1.527077667E1,-4.699508667E0,-9.119049072E0,4.211364746E0
1.527318756E1,-4.704284668E0,-9.322433472E0,3.909866333E0
1.527559845E1,-4.541580200E0,-9.544967651E0,3.608383179E0
1.527797882E1,-4.268798828E0,-9.734008789E0,3.366699219E0
1.528038971E1,-4.034301758E0,-9.865615845E0,3.172882080E0
1.528280059E1,-3.806976318E0,-1.003788757E1,2.991027832E0
1.528521148E1,-3.615554810E0,-1.020538330E1,2.880966187E0
1.528762237E1,-3.486343384E0,-1.037287903E1,2.763717651E0
1.529000274E1,-3.414550781E0,-1.049012756E1,2.794815063E0
1.529241363E1,-3.694519043E0,-1.065524292E1,3.072387695E0
1.529482452E1,-3.730407715E0,-1.086341858E1,3.450454712E0
1.529723541E1,-3.460021973E0,-1.111227417E1,3.364303589E0
1.529961578E1,-2.935989380E0,-1.131326294E1,3.144165039E0
1.530202667E1,-2.316253662E0,-1.147836304E1,3.022140503E0
1.530443756E1,-1.612762451E0,-1.153579712E1,2.883346558E0
1.530684845E1,-9.116668701E-1,-1.149990845E1,2.802001953E0
1.530922882E1,-3.325958252E-1,-1.136351013E1,2.794815063E0
1.531163971E1,1.100769043E-1,-1.115055847E1,2.849853516E0
1.531405059E1,5.120697021E-1,-1.084906006E1,2.974273682E0
1.531646148E1,8.111724854E-1,-1.049731445E1,3.117843628E0
1.531887237E1,1.052841187E0,-1.004028320E1,3.256637573E0
1.532125274E1,1.205978394E0,-9.561721802E0,3.416946411E0
1.532366363E1,1.339981079E0,-9.119049072E0,3.548553467E0
1.532607452E1,1.435699463E0,-8.616561890E0,3.692123413E0
1.532848541E1,1.543365479E0,-8.262420654E0,3.778274536E0
1.533086578E1,1.572082520E0,-7.905883789E0,3.699310303E0
1.533327667E1,1.550552368E0,-7.585250854E0,3.596405029E0
1.533568756E1,1.552947998E0,-7.111465454E0,3.589233398E0
1.533809845E1,1.450057983E0,-6.874572754E0,3.555740356E0
1.534047882E1,1.366302490E0,-6.778869629E0,3.249450684E0
1.534288971E1,1.536193848E0,-6.470199585E0,3.098709106E0
1.534530059E1,1.722839355E0,-6.132797241E0,2.955139160E0
1.534771148E1,1.840087891E0,-5.958129883E0,2.900100708E0
1.535012237E1,1.895111084E0,-5.819351196E0,2.852249146E0
1.535250274E1,1.880752563E0,-5.769088745E0,2.983856201E0
1.535491363E1,1.770690918E0,-5.682952881E0,3.199203491E0
1.535732452E1,1.536193848E0,-5.649459839E0,3.182449341E0
1.535973541E1,1.308868408E0,-5.668594360E0,3.091522217E0
1.536211578E1,1.227523804E0,-5.785842896E0,2.916854858E0
1.536452667E1,1.155731201E0,-6.001205444E0,2.675170898E0
1.536693756E1,1.002593994E0,-6.300308228E0,2.280364990E0
1.536934845E1,9.690856934E-1,-6.671188354E0,1.830505371E0
1.537172882E1,9.547424316E-1,-7.049255371E0,1.387832642E0
1.537413971E1,9.882354736E-1,-7.381851196E0,1.098312378E0
1.537655059E1,9.475555420E-1,-7.690536499E0,9.667053223E-1
1.537896148E1,9.379882812E-1,-7.939392090E0,8.542327881E-1
1.538137237E1,9.786682129E-1,-8.195419312E0,8.063812256E-1
1.538375274E1,1.009765625E0,-8.401199341E0,7.968139648E-1
1.538616363E1,1.009765625E0,-8.628524780E0,8.973083496E-1
1.538857452E1,1.036087036E0,-8.772094727E0,9.810638428E-1
1.539098541E1,1.067199707E0,-8.920440674E0,1.083953857E0
1.539336578E1,1.081558228E0,-9.028121948E0,1.251449585E0
1.539577667E1,1.146163940E0,-9.052047729E0,1.390228271E0
1.539818756E1,1.249053955E0,-9.097518921E0,1.579269409E0
1.540059845E1,1.306488037E0,-9.047256470E0,1.761123657E0
1.540297882E1,1.404586792E0,-8.963516235E0,1.926223755E0
1.540538971E1,1.490722656E0,-8.846267700E0,2.060226440E0
1.540780059E1,1.593612671E0,-8.784057617E0,2.170288086E0
1.541021148E1,1.694122314E0,-8.642868042E0,2.244461060E0
1.541262237E1,1.765899658E0,-8.508880615E0,2.263610840E0
1.541500274E1,1.875976562E0,-8.341384888E0,2.309066772E0
1.541741363E1,1.976470947E0,-8.243270874E0,2.385650635E0
1.541982452E1,2.060226440E0,-8.137985229E0,2.414352417E0
1.542223541E1,2.210968018E0,-8.032699585E0,2.383255005E0
1.542461578E1,2.304290771E0,-7.932205200E0,2.352142334E0
1.542702667E1,2.402389526E0,-7.838882446E0,2.294723511E0
1.542943756E1,2.490921021E0,-7.747955322E0,2.208572388E0
1.543184845E1,2.505279541E0,-7.690536499E0,2.163116455E0
1.543422882E1,2.455032349E0,-7.628311157E0,2.086547852E0
1.543663971E1,2.490921021E0,-7.621139526E0,2.009963989E0
1.543905059E1,2.469390869E0,-7.642669678E0,1.928619385E0
1.544146148E1,2.404785156E0,-7.683349609E0,1.849655151E0
1.544387237E1,2.383255005E0,-7.767105103E0,1.773086548E0
1.544625274E1,2.246856689E0,-7.848464966E0,1.679763794E0
1.544866363E1,2.069793701E0,-7.910675049E0,1.591232300E0
1.545107452E1,1.830505371E0,-8.006378174E0,1.548156738E0
1.545348541E1,1.584045410E0,-8.161911011E0,1.603195190E0
1.545586578E1,1.562515259E0,-8.362915039E0,1.593612671E0
1.545827667E1,1.275375366E0,-8.499313354E0,1.682159424E0
1.546068756E1,9.260253906E-1,-8.647659302E0,1.751541138E0
1.546309845E1,7.824554443E-1,-8.817550659E0,1.885543823E0
1.546547882E1,5.958099365E-1,-9.025726318E0,2.076965332E0
1.546788971E1,3.613128662E-1,-9.157333374E0,2.368896484E0
1.547030059E1,2.153472900E-1,-9.367904663E0,2.596206665E0
1.547271148E1,-9.809875488E-2,-9.475585938E0,2.888137817E0
1.547509185E1,-2.536315918E-1,-9.611968994E0,3.187240601E0
1.547750274E1,-2.656097412E-1,-9.765106201E0,3.495910645E0
1.547991363E1,-2.201385498E-1,-9.894317627E0,3.945770264E0
1.548232452E1,-2.081756592E-1,-9.980468750E0,4.247253418E0
1.548473541E1,-2.368927002E-1,-1.002832031E1,4.699508667E0
1.548711578E1,-2.201385498E-1,-1.004747009E1,5.113464355E0
1.548952667E1,5.024719238E-2,-1.008575439E1,5.632705688E0
1.549193756E1,2.129669189E-1,-1.007139587E1,6.032302856E0
1.549434845E1,3.565368652E-1,-9.994827271E0,6.530014038E0
1.549672882E1,5.910339355E-1,-9.913467407E0,6.934402466E0
1.549913971E1,6.077728271E-1,-9.753143311E0,7.408172607E0
1.550155059E1,8.159484863E-1,-9.592819214E0,7.786239624E0
1.550396148E1,9.379882812E-1,-9.430114746E0,8.087738037E0
1.550637237E1,9.643096924E-1,-9.202789307E0,8.370086670E0
1.550878326E1,7.441711426E-1,-8.937194824E0,8.595016479E0
1.551119415E1,6.053771973E-1,-8.659622192E0,8.685943604E0
1.551360504E1,3.517456055E-1,-8.425125122E0,8.688339233E0
1.551601593E1,1.004943848E-1,-8.169097900E0,8.673980713E0
1.551839630E1,-8.613586426E-2,-7.944168091E0,8.441879272E0
1.552080718E1,-4.163513184E-1,-7.719253540E0,8.173889160E0
1.552321807E1,-7.633056641E-1,-7.477569580E0,7.948959351E0
1.552562896E1,-9.834442139E-1,-7.336395264E0,7.546966553E0
1.552800933E1,-1.177261353E0,-7.238281250E0,7.204788208E0
1.553042022E1,-1.457229614E0,-7.147354126E0,6.984649658E0
1.553283111E1,-1.727615356E0,-7.111465454E0,6.683151245E0
1.553524200E1,-1.974075317E0,-7.104293823E0,6.405578613E0
1.553762237E1,-2.182250977E0,-7.140182495E0,6.199798584E0
1.554003326E1,-2.333007812E0,-7.223937988E0,6.032302856E0
1.554244415E1,-2.560317993E0,-7.355529785E0,5.927017212E0
1.554485504E1,-2.718246460E0,-7.539779663E0,5.776275635E0
1.554726593E1,-2.818740845E0,-7.779067993E0,5.635101318E0
1.554964630E1,-2.813964844E0,-8.097305298E0,5.505889893E0
1.555205718E1,-2.825927734E0,-8.484954834E0,5.426925659E0
1.555446807E1,-2.744567871E0,-8.915664673E0,5.328811646E0
1.555687896E1,-2.778060913E0,-9.348754883E0,5.307281494E0
1.555925933E1,-2.770889282E0,-9.750747681E0,5.352737427E0
1.556167022E1,-2.775680542E0,-1.015513611E1,5.568099976E0
1.556408111E1,-2.689529419E0,-1.049731445E1,5.881561279E0
1.556649200E1,-2.519638062E0,-1.080598450E1,6.340972900E0
1.556887237E1,-2.246856689E0,-1.102372742E1,6.884155273E0
1.557128326E1,-1.820938110E0,-1.121037292E1,7.439285278E0
1.557369415E1,-1.351943970E0,-1.127258301E1,7.939392090E0
1.557610504E1,-9.331970215E-1,-1.128454590E1,8.338989258E0
1.557851593E1,-5.359954834E-1,-1.120797729E1,8.583053589E0
1.558089630E1,-2.177429199E-1,-1.104287720E1,8.599807739E0
1.558330718E1,3.111267090E-2,-1.080120850E1,8.472991943E0
1.558571807E1,3.182525635E-1,-1.051884460E1,8.219345093E0
1.558812896E1,6.316986084E-1,-1.026521301E1,7.915451050E0
1.559050933E1,1.024124146E0,-1.005703735E1,7.613967896E0
1.559292022E1,1.414154053E0,-9.817749023E0,7.326828003E0
1.559533111E1,1.852050781E0,-9.681365967E0,7.075576782E0
1.559774200E1,2.306686401E0,-9.492324829E0,6.865005493E0
1.560012237E1,2.725418091E0,-9.334396362E0,6.625732422E0
1.560253326E1,3.079559326E0,-9.135803223E0,6.455841064E0
1.560494415E1,3.416946411E0,-8.937194824E0,6.273986816E0
1.560735504E1,3.692123413E0,-8.693130493E0,6.113662720E0
1.560976593E1,3.890731812E0,-8.461029053E0,6.010772705E0
1.561214630E1,4.141983032E0,-8.200210571E0,5.836090088E0
1.561455718E1,4.402786255E0,-7.970489502E0,5.682952881E0
1.561696807E1,4.692321777E0,-7.707275391E0,5.462814331E0
1.561937896E1,5.015350342E0,-7.410568237E0,5.276168823E0
1.562175933E1,5.326416016E0,-7.190429688E0,5.058425903E0
1.562417022E1,5.575271606E0,-6.979858398E0,4.893325806E0
1.562658111E1,5.781066895E0,-6.754943848E0,4.709075928E0
1.562899200E1,5.891128540E0,-6.532409668E0,4.508071899E0
1.563137237E1,5.998809814E0,-6.312271118E0,4.283157349E0
1.563378326E1,6.087341309E0,-6.132797241E0,4.101303101E0
1.563619415E1,6.183059692E0,-6.017944336E0,3.964904785E0
1.563860504E1,6.240478516E0,-5.915054321E0,3.914657593E0
1.564101593E1,6.185440063E0,-5.867202759E0,3.835693359E0
1.564339630E1,5.979660034E0,-5.797805786E0,3.723236084E0
1.564580718E1,5.680557251E0,-5.793029785E0,3.632308960E0
1.564821807E1,5.343170166E0,-5.783447266E0,3.426528931E0
1.565062896E1,4.974685669E0,-5.781066895E0,3.254241943E0
1.565300933E1,4.668395996E0,-5.828918457E0,3.093917847E0
1.565542022E1,4.417144775E0,-5.900695801E0,2.914459229E0
1.565783111E1,4.208969116E0,-6.025131226E0,2.837890625E0
1.566024200E1,4.055831909E0,-6.288345337E0,2.828323364E0
1.566262237E1,4.003189087E0,-6.661621094E0,2.782852173E0
1.566503326E1,3.967300415E0,-7.176071167E0,2.641677856E0
1.566744415E1,3.828521729E0,-7.893920898E0,2.584243774E0
1.566985504E1,3.507873535E0,-8.817550659E0,2.708679199E0
1.567226593E1,3.077163696E0,-9.789031982E0,2.933593750E0
1.567464630E1,2.277969360E0,-1.075813293E1,3.326019287E0
1.567705718E1,1.038482666E0,-1.189471436E1,3.785446167E0
1.567946807E1,-1.411743164E-1,-1.317488098E1,4.096511841E0
1.568187896E1,-4.642028809E-1,-1.474696350E1,4.106079102E0
1.568425933E1,-8.303070068E-1,-1.642912292E1,4.005584717E0
1.568667022E1,-1.359130859E0,-1.810649109E1,3.617950439E0
1.568908111E1,-1.744369507E0,-1.972164917E1,3.129806519E0
1.569149200E1,-2.495712280E0,-2.110231018E1,2.794815063E0
1.569387237E1,-3.184844971E0,-2.220779419E1,2.337783813E0
1.569628326E1,-3.909866333E0,-2.331805420E1,2.105682373E0
1.569869415E1,-4.735397339E0,-2.433261108E1,2.060226440E0
1.570110504E1,-5.340774536E0,-2.530648804E1,2.189437866E0
1.570348541E1,-6.108871460E0,-2.597648621E1,2.411972046E0
1.570589630E1,-6.690338135E0,-2.645265198E1,2.706283569E0
1.570830718E1,-6.742980957E0,-2.672543335E1,2.725418091E0
1.571071807E1,-6.699905396E0,-2.682832336E1,2.653640747E0
1.571312896E1,-6.460617065E0,-2.680200195E1,2.507675171E0
1.571550933E1,-6.250045776E0,-2.665843201E1,2.447860718E0
1.571792022E1,-6.025131226E0,-2.646701050E1,2.390426636E0
1.572033111E1,-5.965301514E0,-2.628755188E1,2.500503540E0
1.572274200E1,-5.670989990E0,-2.600997925E1,2.397613525E0
1.572512237E1,-5.611175537E0,-2.562713623E1,2.486145020E0
1.572753326E1,-5.134994507E0,-2.511027527E1,2.423934937E0
1.572994415E1,-4.845458984E0,-2.440200806E1,2.407180786E0
1.573235504E1,-4.414764404E0,-2.354777527E1,2.388031006E0
1.573473541E1,-3.852447510E0,-2.251646423E1,2.471786499E0
1.573714630E1,-3.359527588E0,-2.135594177E1,2.603393555E0
1.573955718E1,-3.091522217E0,-2.002552795E1,2.837890625E0
1.574196807E1,-2.737396240E0,-1.865684509E1,2.945571899E0
1.574437896E1,-2.433502197E0,-1.732882690E1,3.079559326E0
1.574675933E1,-2.199005127E0,-1.611087036E1,3.129806519E0
1.574917022E1,-1.919036865E0,-1.504367065E1,3.160919189E0
1.575158111E1,-1.598403931E0,-1.412243652E1,3.206375122E0
1.575399200E1,-1.485946655E0,-1.325624084E1,3.237487793E0
1.575637237E1,-1.344772339E0,-1.252403259E1,2.981460571E0
1.575878326E1,-1.124633789E0,-1.194258118E1,2.727813721E0
1.576119415E1,-7.848510742E-1,-1.149272156E1,2.409576416E0
1.576360504E1,-5.048828125E-1,-1.108116150E1,1.966903687E0
1.576598541E1,-2.225341797E-1,-1.072462463E1,1.483551025E0
1.576839630E1,-1.435852051E-2,-1.042552185E1,8.853454590E-1
1.577080718E1,2.368927002E-1,-1.019104004E1,3.876342773E-1
1.577321807E1,4.187469482E-1,-9.982849121E0,1.196289062E-2
1.577562896E1,6.867370605E-1,-9.844070435E0,-4.594268799E-1
1.577800933E1,1.043273926E0,-9.777069092E0,-1.069595337E0
1.578042022E1,1.328018188E0,-9.781860352E0,-1.708480835E0
1.578283111E1,1.253845215E0,-9.724426270E0,-2.292327881E0
1.578524200E1,1.060012817E0,-9.690933228E0,-2.761322021E0
1.578765289E1,9.858398438E-1,-9.662216187E0,-3.196807861E0
1.579006378E1,1.040878296E0,-9.662216187E0,-3.620346069E0
1.579247467E1,1.143768311E0,-9.710067749E0,-3.852447510E0
1.579488556E1,1.411758423E0,-9.777069092E0,-4.017547607E0
1.579726593E1,1.713256836E0,-9.774673462E0,-4.022338867E0
1.579967681E1,2.182250977E0,-9.748352051E0,-4.072586060E0
1.580208770E1,2.670394897E0,-9.705291748E0,-4.127624512E0
1.580449859E1,3.125030518E0,-9.650253296E0,-4.074981689E0
1.580690948E1,3.625122070E0,-9.525833130E0,-3.988830566E0
1.580928985E1,4.024734497E0,-9.384643555E0,-3.821334839E0
1.581170074E1,4.261611938E0,-9.226730347E0,-3.541381836E0
1.581411163E1,4.256835938E0,-9.083160400E0,-3.172882080E0
1.581652252E1,4.185043335E0,-8.963516235E0,-2.746963501E0
1.581890289E1,4.110870361E0,-8.819946289E0,-2.297103882E0
1.582131378E1,4.070190430E0,-8.645263672E0,-1.890335083E0
1.582372467E1,4.031906128E0,-8.429916382E0,-1.428512573E0
1.582613556E1,3.964904785E0,-8.204986572E0,-9.355926514E-1
1.582851593E1,3.806976318E0,-7.941772461E0,-3.804626465E-1
1.583092681E1,3.402587891E0,-7.690536499E0,1.292114258E-1
1.583333770E1,3.203994751E0,-7.434494019E0,4.785614014E-1
1.583574859E1,4.003189087E0,-7.147354126E0,8.805541992E-1
1.583815948E1,3.718444824E0,-6.783645630E0,1.234695435E0
1.584053985E1,2.787643433E0,-6.498901367E0,1.710861206E0
1.584295074E1,2.143966675E0,-6.321838379E0,2.081756592E0
1.584536163E1,1.655838013E0,-6.221343994E0,2.309066772E0
1.584777252E1,1.428512573E0,-6.144775391E0,2.586639404E0
1.585015289E1,1.244262695E0,-6.003585815E0,2.864212036E0
1.585256378E1,1.095916748E0,-5.915054321E0,3.050842285E0
1.585497467E1,9.978027344E-1,-5.819351196E0,3.156127930E0
1.585738556E1,9.188385010E-1,-5.687744141E0,3.235092163E0
1.585976593E1,9.116668701E-1,-5.587234497E0,3.335601807E0
1.586217681E1,9.451599121E-1,-5.522628784E0,3.385848999E0
1.586458770E1,1.048049927E0,-5.481964111E0,3.409774780E0
1.586699859E1,1.127014160E0,-5.467605591E0,3.302093506E0
1.586940948E1,1.167694092E0,-5.455642700E0,3.141769409E0
1.587178985E1,1.186843872E0,-5.462814331E0,2.933593750E0
1.587420074E1,1.220336914E0,-5.465209961E0,2.646469116E0
1.587661163E1,1.184448242E0,-5.462814331E0,2.321044922E0
1.587902252E1,1.134201050E0,-5.441284180E0,1.983642578E0
1.588140289E1,9.834442139E-1,-5.450851440E0,1.660614014E0
1.588381378E1,7.704925537E-1,-5.443664551E0,1.335189819E0
1.588622467E1,3.661041260E-1,-5.407775879E0,1.205978394E0
1.588863556E1,1.124572754E-1,-5.498703003E0,1.167694092E0
1.589101593E1,2.512512207E-1,-5.639877319E0,1.021728516E0
1.589342681E1,1.818542480E-1,-5.793029785E0,9.212341309E-1
1.589583770E1,1.603240967E-1,-5.958129883E0,8.231353760E-1
1.589824859E1,1.387786865E-1,-6.128021240E0,7.274169922E-1
1.590065948E1,6.460571289E-2,-6.288345337E0,6.628112793E-1
1.590303985E1,-2.057800293E-1,-6.417556763E0,6.125640869E-1
1.590545074E1,-7.800598145E-1,-6.510864258E0,6.245269775E-1
1.590786163E1,-1.316055298E0,-6.544372559E0,6.580200195E-1
1.591027252E1,-1.610366821E0,-6.604187012E0,8.877410889E-1
1.591265289E1,-1.356735229E0,-6.649658203E0,1.134201050E0
1.591506378E1,-7.776641846E-1,-6.824325562E0,1.383056641E0
1.591747467E1,-8.422698975E-1,-7.066009521E0,1.521835327E0
1.591988556E1,-1.249053955E0,-7.269393921E0,1.679763794E0
1.592226593E1,-1.619934082E0,-7.369888306E0,1.842468262E0
1.592467681E1,-1.813766479E0,-7.355529785E0,1.931015015E0
1.592708770E1,-1.971679688E0,-7.293319702E0,2.019546509E0
1.592949859E1,-2.158325195E0,-7.233505249E0,2.232498169E0
1.593190948E1,-2.356933594E0,-7.176071167E0,2.376068115E0
1.593428985E1,-2.531600952E0,-7.085144043E0,2.452636719E0
1.593670074E1,-2.675170898E0,-7.046859741E0,2.478958130E0
1.593911163E1,-2.809173584E0,-7.061218262E0,2.431106567E0
1.594152252E1,-2.916854858E0,-7.080368042E0,2.443069458E0
1.594390289E1,-2.907272339E0,-7.101898193E0,2.440673828E0
1.594631378E1,-2.782852173E0,-7.111465454E0,2.445465088E0
1.594872467E1,-2.813964844E0,-7.106689453E0,2.306686401E0
1.595113556E1,-2.857025146E0,-7.066009521E0,2.091323853E0
1.595351593E1,-2.754135132E0,-6.977478027E0,1.899902344E0
1.595592681E1,-2.670394897E0,-6.960723877E0,1.653442383E0
1.595833770E1,-2.598602295E0,-6.915252686E0,1.404586792E0
1.596074859E1,-2.452636719E0,-6.824325562E0,1.134201050E0
1.596312896E1,-2.301895142E0,-6.738189697E0,9.523468018E-1
1.596553985E1,-2.055435181E0,-6.649658203E0,8.255310059E-1
1.596795074E1,-1.775466919E0,-6.577865601E0,7.513427734E-1
1.597036163E1,-1.521835327E0,-6.489334106E0,7.657012939E-1
1.597277252E1,-1.265808105E0,-6.391235352E0,8.183441162E-1
1.597515289E1,-1.071990967E0,-6.314666748E0,9.140625000E-1
1.597756378E1,-9.164581299E-1,-6.214157104E0,1.045669556E0
1.597997467E1,-8.231353760E-1,-6.125625610E0,1.196411133E0
1.598238556E1,-7.872314453E-1,-6.041870117E0,1.399795532E0
1.598476593E1,-7.872314453E-1,-5.924636841E0,1.653442383E0
1.598717681E1,-7.872314453E-1,-5.840881348E0,1.933395386E0
1.598958770E1,-8.063812256E-1,-5.761917114E0,2.294723511E0
1.599199859E1,-8.015899658E-1,-5.685348511E0,2.679962158E0
1.599437896E1,-7.728881836E-1,-5.603988647E0,3.153747559E0
1.599678985E1,-7.082824707E-1,-5.522628784E0,3.653839111E0
1.599920074E1,-5.838470459E-1,-5.462814331E0,4.199401855E0
1.600161163E1,-4.642028809E-1,-5.412567139E0,4.773681641E0
1.600402252E1,-3.445739746E-1,-5.371887207E0,5.369491577E0
1.600640289E1,-2.105712891E-1,-5.400604248E0,5.998809814E0
1.600881378E1,-4.067993164E-2,-5.434097290E0,6.726226807E0
1.601122467E1,9.332275391E-2,-5.462814331E0,7.468002319E0
1.601363556E1,3.038940430E-1,-5.546569824E0,8.209777832E0
1.601601593E1,5.694885254E-1,-5.656631470E0,9.030517578E0
1.601842681E1,8.805541992E-1,-5.807388306E0,9.870391846E0
1.602083770E1,1.261016846E0,-6.027526855E0,1.071028137E1
1.602324859E1,1.749160767E0,-6.259628296E0,1.161236572E1
1.602562896E1,2.309066772E0,-6.530014038E0,1.245463562E1
1.602803985E1,2.904891968E0,-6.826721191E0,1.333998108E1
1.603045074E1,3.493515015E0,-7.068405151E0,1.407218933E1
1.603286163E1,4.127624512E0,-7.305282593E0,1.466322327E1
1.603527252E1,4.704284668E0,-7.511077881E0,1.504606628E1
1.603765289E1,5.242675781E0,-7.678573608E0,1.507478333E1
1.604006378E1,5.845672607E0,-7.838882446E0,1.481396484E1
1.604247467E1,6.362518311E0,-8.070983887E0,1.431385803E1
1.604488556E1,6.853042603E0,-8.322235107E0,1.371087646E1
1.604726593E1,7.365112305E0,-8.544769287E0,1.310310364E1
1.604967681E1,7.932205200E0,-8.774475098E0,1.250727844E1
1.605208770E1,8.453842163E0,-8.994613647E0,1.190907288E1
1.605449859E1,8.970687866E0,-9.224334717E0,1.131086731E1
1.605687896E1,9.430114746E0,-9.499511719E0,1.079402161E1
1.605928985E1,9.853637695E0,-9.750747681E0,1.023170471E1
1.606170074E1,1.032502747E1,-1.002352905E1,9.690933228E0
1.606411163E1,1.079881287E1,-1.035853577E1,9.126220703E0
1.606652252E1,1.130609131E1,-1.069592285E1,8.580657959E0
1.606890289E1,1.181336975E1,-1.112663269E1,7.956130981E0
1.607131378E1,1.225364685E1,-1.156451416E1,7.235900879E0
1.607372467E1,1.270828247E1,-1.196650696E1,6.331405640E0
1.607613556E1,1.305763245E1,-1.227040100E1,5.357528687E0
1.607854644E1,1.318444824E1,-1.243070984E1,4.682754517E0
1.608095733E1,1.306959534E1,-1.234457397E1,4.354934692E0
1.608336822E1,1.266999817E1,-1.204786682E1,4.450653076E0
1.608577911E1,1.201675415E1,-1.160519409E1,4.924423218E0
1.608815948E1,1.135394287E1,-1.111465454E1,5.580062866E0
1.609057037E1,1.068873596E1,-1.056431580E1,6.235702515E0
1.609298126E1,1.008096313E1,-1.004985046E1,6.872192383E0
1.609539215E1,9.513870239E0,-9.614364624E0,7.298110962E0
1.609777252E1,8.977874756E0,-9.241088867E0,7.535003662E0
1.610018341E1,8.465805054E0,-9.016159058E0,7.551742554E0
1.610259430E1,7.970489502E0,-8.932403564E0,7.391433716E0
1.610500518E1,7.475173950E0,-9.018554688E0,7.063613892E0
1.610741607E1,6.958328247E0,-9.327224731E0,6.599411011E0
1.610979644E1,6.549148560E0,-9.930221558E0,6.159118652E0
1.611220733E1,6.211761475E0,-1.079881287E1,5.656631470E0
1.611461822E1,5.898315430E0,-1.184446716E1,5.154144287E0
1.611702911E1,5.618347168E0,-1.295953369E1,4.543975830E0
1.611940948E1,5.371887207E0,-1.420140076E1,3.888336182E0
1.612182037E1,5.123031616E0,-1.546481323E1,3.180068970E0
1.612423126E1,4.795211792E0,-1.681675720E1,2.502899170E0
1.612664215E1,4.419540405E0,-1.809213257E1,2.002792358E0
1.612902252E1,4.070190430E0,-1.932922363E1,1.598403931E0
1.613143341E1,3.668197632E0,-2.037010193E1,1.464401245E0
1.613384430E1,3.160919189E0,-2.118605042E1,1.574478149E0
1.613625518E1,2.584243774E0,-2.175793457E1,1.916656494E0
1.613866607E1,2.194213867E0,-2.201396179E1,2.433502197E0
1.614104644E1,1.761123657E0,-2.175793457E1,3.122634888E0
1.614345733E1,1.253845215E0,-2.091087341E1,4.007980347E0
1.614586822E1,8.063812256E-1,-1.935314941E1,4.895721436E0
1.614827911E1,4.570312500E-1,-1.714218140E1,5.563308716E0
1.615065948E1,4.355010986E-1,-1.464886475E1,5.938980103E0
1.615307037E1,5.503540039E-1,-1.227996826E1,6.111267090E0
1.615548126E1,7.322082520E-1,-1.016709900E1,6.080169678E0
1.615789215E1,9.020996094E-1,-8.420349121E0,5.714065552E0
1.616027252E1,8.781585693E-1,-7.046859741E0,5.046463013E0
1.616268341E1,4.977111816E-1,-6.108871460E0,4.043869019E0
1.616509430E1,-1.651000977E-1,-5.455642700E0,2.854644775E0
1.616750518E1,-1.208374023E0,-5.118240356E0,1.572082520E0
1.616991607E1,-2.342575073E0,-4.989028931E0,4.450683594E-1
1.617229644E1,-3.337982178E0,-4.984252930E0,-5.862426758E-1
1.617470733E1,-4.189834595E0,-5.108673096E0,-1.514663696E0
1.617711822E1,-4.972290039E0,-5.321640015E0,-2.359329224E0
1.617952911E1,-5.603988647E0,-5.594421387E0,-3.058029175E0
1.618190948E1,-6.094512939E0,-5.893524170E0,-3.512664795E0
1.618432037E1,-6.254837036E0,-6.307479858E0,-3.548553467E0
1.618673126E1,-6.080169678E0,-6.790832520E0,-3.172882080E0
1.618914215E1,-5.788238525E0,-7.331604004E0,-2.433502197E0
1.619152252E1,-5.594421387E0,-7.853240967E0,-1.531402588E0
1.619393341E1,-5.615951538E0,-8.358123779E0,-6.484527588E-1
1.619634430E1,-5.716461182E0,-8.803192139E0,1.770629883E-1
1.619875518E1,-5.840881348E0,-9.317657471E0,7.441711426E-1
1.620116607E1,-5.950942993E0,-9.856033325E0,1.105484009E0
1.620354644E1,-6.137588501E0,-1.038246155E1,1.191619873E0
1.620595733E1,-6.455841064E0,-1.102134705E1,1.103088379E0
1.620836822E1,-7.398605347E0,-1.167219543E1,8.997039795E-1
1.621077911E1,-8.269592285E0,-1.217468262E1,7.154541016E-1
1.621315948E1,-8.805587769E0,-1.272981262E1,6.915283203E-1
1.621557037E1,-9.212371826E0,-1.304806519E1,7.178497314E-1
1.621798126E1,-9.121444702E0,-1.327777100E1,9.714813232E-1
1.622039215E1,-8.762512207E0,-1.338784790E1,1.253845215E0
1.622277252E1,-8.291137695E0,-1.325384521E1,1.622329712E0
1.622518341E1,-7.898712158E0,-1.301217651E1,1.904693604E0
1.622759430E1,-7.472778320E0,-1.269392395E1,1.988433838E0
1.623000518E1,-6.867401123E0,-1.246899414E1,2.072189331E0
1.623241607E1,-6.151947021E0,-1.223928833E1,2.232498169E0
1.623479644E1,-5.347961426E0,-1.215553284E1,2.464614868E0
1.623720733E1,-4.536788940E0,-1.208135986E1,2.660812378E0
1.623961822E1,-3.579666138E0,-1.203828430E1,3.034103394E0
1.624202911E1,-2.562713623E0,-1.207896423E1,3.321243286E0
1.624440948E1,-1.557723999E0,-1.211486816E1,3.591629028E0
1.624682037E1,-6.006011963E-1,-1.222013855E1,3.785446167E0
1.624923126E1,1.698913574E-1,-1.236370850E1,3.823730469E0
1.625164215E1,8.685913086E-1,-1.245225525E1,3.742370605E0
1.625402252E1,1.485946655E0,-1.258146667E1,3.682556152E0
1.625643341E1,1.907073975E0,-1.268913269E1,3.541381836E0
1.625884430E1,2.105682373E0,-1.271067810E1,3.457626343E0
1.626125518E1,2.359329224E0,-1.268913269E1,3.366699219E0
1.626366607E1,2.813964844E0,-1.259820557E1,3.297302246E0
1.626604644E1,3.278167725E0,-1.250489807E1,3.292526245E0
1.626845733E1,3.694519043E0,-1.237568665E1,3.445663452E0
1.627086822E1,3.835693359E0,-1.224407959E1,3.548553467E0
1.627327911E1,3.689727783E0,-1.205264282E1,3.720840454E0
1.627565948E1,3.352340698E0,-1.181336975E1,3.931411743E0
1.627807037E1,3.108276367E0,-1.151426697E1,4.079757690E0
1.628048126E1,2.849853516E0,-1.115773010E1,4.108474731E0
1.628289215E1,2.682357788E0,-1.075813293E1,4.058227539E0
1.628527252E1,2.404785156E0,-1.034895325E1,3.984054565E0
1.628768341E1,2.112869263E0,-9.992431641E0,3.945770264E0
1.629009430E1,2.043472290E0,-9.667007446E0,3.969696045E0
1.629250518E1,2.062606812E0,-9.387039185E0,4.034301758E0
1.629491607E1,2.215759277E0,-9.140579224E0,4.118041992E0
1.629729644E1,2.404785156E0,-8.894119263E0,4.182647705E0
1.629970733E1,2.591430664E0,-8.688339233E0,4.283157349E0
1.630211822E1,2.766098022E0,-8.525634766E0,4.386047363E0
1.630452911E1,2.845062256E0,-8.384445190E0,4.421936035E0
1.630690948E1,2.866607666E0,-8.291137695E0,4.438690186E0
1.630932037E1,2.857025146E0,-8.236099243E0,4.350158691E0
1.631173126E1,2.861816406E0,-8.226531982E0,4.335800171E0
1.631414215E1,2.825927734E0,-8.190628052E0,4.235290527E0
1.631652252E1,2.730209351E0,-8.164306641E0,4.146759033E0
1.631893341E1,2.596206665E0,-8.128417969E0,4.082153320E0
1.632134430E1,2.440673828E0,-8.157135010E0,4.084548950E0
1.632375518E1,2.199005127E0,-8.243270874E0,4.086944580E0
1.632616607E1,2.012359619E0,-8.300704956E0,4.094116211E0
1.632854644E1,1.828109741E0,-8.334197998E0,4.053436279E0
1.633095733E1,1.612762451E0,-8.374877930E0,4.094116211E0
1.633336822E1,1.378265381E0,-8.382064819E0,4.137191772E0
1.633577911E1,1.232299805E0,-8.331802368E0,4.065399170E0
1.633815948E1,7.489471436E-1,-8.173889160E0,3.914657593E0
1.634057037E1,9.092712402E-2,-8.013565063E0,3.608383179E0
1.634298126E1,-3.732757568E-1,-7.939392090E0,3.524627686E0
1.634539215E1,-6.556396484E-1,-7.867599487E0,3.538986206E0
1.634777252E1,-9.714813232E-1,-7.913070679E0,3.476776123E0
1.635018341E1,-1.103088379E0,-7.843673706E0,3.328414917E0
1.635259430E1,-1.146163940E0,-7.692932129E0,3.077163696E0
1.635500518E1,-1.438079834E0,-7.697708130E0,3.256637573E0
1.635741607E1,-2.390426636E0,-7.776672363E0,2.818740845E0
1.635982696E1,-3.072387695E0,-8.063812256E0,2.318649292E0
1.636223785E1,-3.318847656E0,-8.384445190E0,1.823333740E0
1.636464874E1,-3.034103394E0,-8.334197998E0,1.481155396E0
1.636705963E1,-2.842666626E0,-8.341384888E0,1.222732544E0
1.636944000E1,-3.926620483E0,-8.824737549E0,5.312042236E-1
1.637185089E1,-5.737991333E0,-9.542572021E0,1.579284668E-1
1.637426178E1,-6.302688599E0,-9.877578735E0,-2.536315918E-1
1.637667266E1,-6.824325562E0,-1.012641907E1,1.435852051E-2
1.637905304E1,-6.977478027E0,-1.045184326E1,1.938171387E-1
1.638146392E1,-6.903289795E0,-1.088017273E1,6.412811279E-1
1.638387481E1,-6.434295654E0,-1.112901306E1,1.138977051E0
1.638628570E1,-6.309875488E0,-1.131805420E1,1.806579590E0
1.638866607E1,-6.161514282E0,-1.157647705E1,2.411972046E0
1.639107696E1,-5.630310059E0,-1.171047974E1,2.995819092E0
1.639348785E1,-4.503295898E0,-1.171525574E1,3.476776123E0
1.639589874E1,-3.701690674E0,-1.177986145E1,3.924224854E0
1.639830963E1,-2.971893311E0,-1.161236572E1,4.223327637E0
1.640069000E1,-2.187042236E0,-1.140179443E1,4.589431763E0
1.640310089E1,-1.416549683E0,-1.109552002E1,4.802398682E0
1.640551178E1,-6.412811279E-1,-1.070069885E1,4.960327148E0
1.640792266E1,-2.871704102E-2,-1.026998901E1,5.070388794E0
1.641030304E1,3.110656738E-1,-9.844070435E0,5.123031616E0
1.641271392E1,5.216369629E-1,-9.353546143E0,5.017745972E0
1.641512481E1,7.106628418E-1,-8.886947632E0,4.843078613E0
1.641753570E1,7.537384033E-1,-8.417953491E0,4.613357544E0
1.641991607E1,7.298126221E-1,-7.975280762E0,4.366897583E0
1.642232696E1,7.513427734E-1,-7.609176636E0,4.039077759E0
1.642473785E1,7.034912109E-1,-7.331604004E0,3.780654907E0
1.642714874E1,7.322082520E-1,-7.106689453E0,3.577270508E0
1.642955963E1,8.207397461E-1,-6.915252686E0,3.483947754E0
1.643194000E1,8.781585693E-1,-6.692718506E0,3.333206177E0
1.643435089E1,9.619140625E-1,-6.563507080E0,3.259017944E0
1.643676178E1,1.071990967E0,-6.496520996E0,3.136993408E0
1.643917266E1,1.208374023E0,-6.563507080E0,3.014953613E0
1.644155304E1,1.244262695E0,-6.604187012E0,2.842666626E0
1.644396392E1,1.261016846E0,-6.570693970E0,2.706283569E0
1.644637481E1,1.277770996E0,-6.587448120E0,2.514862061E0
1.644878570E1,1.383056641E0,-6.666397095E0,2.237289429E0
1.645116607E1,1.485946655E0,-6.740585327E0,1.909469604E0
1.645357696E1,1.591232300E0,-6.876968384E0,1.555328369E0
1.645598785E1,1.739578247E0,-7.022933960E0,1.150955200E0
1.645839874E1,1.785049438E0,-7.274185181E0,7.920227051E-1
1.646080963E1,1.746765137E0,-7.374679565E0,4.689941406E-1
1.646319000E1,1.761123657E0,-7.283752441E0,3.134613037E-1
1.646560089E1,1.825729370E0,-7.243072510E0,1.674957275E-1
1.646801178E1,2.017150879E0,-7.314865112E0,-1.435852051E-2
1.647042266E1,2.151153564E0,-7.381851196E0,-1.244201660E-1
1.647280304E1,2.203796387E0,-7.472778320E0,-7.417297363E-2
1.647521392E1,2.337783813E0,-7.594818115E0,2.632141113E-2
1.647762481E1,2.323425293E0,-7.731216431E0,1.914215088E-1
1.648003570E1,2.263610840E0,-7.865203857E0,4.402770996E-1
1.648241607E1,2.208572388E0,-7.975280762E0,6.771697998E-1
1.648482696E1,2.167892456E0,-8.035095215E0,8.709869385E-1
1.648723785E1,2.165512085E0,-8.128417969E0,1.122238159E0
1.648964874E1,2.306686401E0,-8.260025024E0,1.418945312E0
1.649202911E1,2.423934937E0,-8.408386230E0,1.797012329E0
1.649444000E1,2.636886597E0,-8.528015137E0,2.239685059E0
1.649685089E1,2.880966187E0,-8.599807739E0,2.725418091E0
1.649926178E1,2.983856201E0,-8.633300781E0,3.046066284E0
1.650167266E1,3.062820435E0,-8.690734863E0,3.395416260E0
1.650405304E1,2.854644775E0,-8.712265015E0,3.603591919E0
1.650646392E1,2.711074829E0,-8.750549316E0,3.768692017E0
1.650887481E1,2.579467773E0,-8.791229248E0,3.833297729E0
1.651128570E1,2.354537964E0,-8.721832275E0,3.921829224E0
1.651366607E1,2.146362305E0,-8.642868042E0,4.019943237E0
1.651607696E1,1.983642578E0,-8.544769287E0,4.103683472E0
1.651848785E1,1.765899658E0,-8.489730835E0,4.146759033E0
1.652089874E1,1.619934082E0,-8.413162231E0,4.161117554E0
1.652327911E1,1.447662354E0,-8.343780518E0,4.122833252E0
1.652569000E1,1.373474121E0,-8.338989258E0,4.007980347E0
1.652810089E1,1.222732544E0,-8.358123779E0,3.885940552E0
1.653051178E1,1.131805420E0,-8.425125122E0,3.728012085E0
1.653289215E1,1.079162598E0,-8.499313354E0,3.550949097E0
1.653530304E1,9.786682129E-1,-8.583053589E0,3.349945068E0
1.653771392E1,8.542327881E-1,-8.707489014E0,3.323623657E0
1.654012481E1,7.010955811E-1,-8.796020508E0,3.357131958E0
1.654253570E1,5.790557861E-1,-8.932403564E0,3.416946411E0
1.654491607E1,4.737854004E-1,-9.075973511E0,3.579666138E0
1.654732696E1,3.613128662E-1,-9.193222046E0,3.876373291E0
1.654973785E1,1.962127686E-1,-9.257827759E0,4.173080444E0
1.655214874E1,1.603240967E-1,-9.367904663E0,4.512863159E0
1.655455963E1,6.700134277E-2,-9.355941772E0,4.828720093E0
1.655694000E1,8.613586426E-2,-9.360717773E0,5.221145630E0
1.655935089E1,3.349304199E-2,-9.363113403E0,5.575271606E0
1.656176178E1,-6.221008301E-2,-9.339187622E0,6.032302856E0
1.656417266E1,7.656860352E-2,-9.353546143E0,6.381652832E0
1.656655304E1,2.297058105E-1,-9.346359253E0,6.731002808E0
1.656896392E1,3.900299072E-1,-9.348754883E0,7.077972412E0
1.657137481E1,5.048828125E-1,-9.298507690E0,7.417755127E0
1.657378570E1,6.652069092E-1,-9.262619019E0,7.688140869E0
1.657616607E1,7.752685547E-1,-9.174087524E0,7.948959351E0
1.657857696E1,7.513427734E-1,-9.047256470E0,8.204986572E0
1.658098785E1,7.274169922E-1,-8.920440674E0,8.362915039E0
1.658339874E1,7.872314453E-1,-8.776870728E0,8.504089355E0
1.658576123E1,7.010955811E-1,-8.606979370E0,8.614166260E0
1.658817212E1,6.436767578E-1,-8.417953491E0,8.697906494E0
1.659058301E1,6.245269775E-1,-8.252853394E0,8.731414795E0
1.659299389E1,5.551300049E-1,-8.049453735E0,8.745773315E0
1.659537426E1,4.642028809E-1,-7.802993774E0,8.717056274E0
1.659778515E1,3.876342773E-1,-7.580459595E0,8.681167603E0
1.660019604E1,4.019927979E-1,-7.405792236E0,8.580657959E0
1.660260693E1,4.307098389E-1,-7.259826660E0,8.434707642E0
1.660501782E1,4.043884277E-1,-7.166503906E0,8.252853394E0
1.660739819E1,3.948211670E-1,-7.125823975E0,7.984848022E0
1.660980908E1,3.062744141E-1,-7.118652344E0,7.640289307E0
1.661221997E1,1.818542480E-1,-7.154541016E0,7.281356812E0
1.661463086E1,7.656860352E-2,-7.214355469E0,6.881759644E0
1.661701123E1,-9.567260742E-3,-7.355529785E0,6.477371216E0
1.661942212E1,-1.196441650E-1,-7.508682251E0,6.082550049E0
1.662183301E1,-1.722869873E-1,-7.733596802E0,5.659027100E0
1.662424389E1,-2.010040283E-1,-7.968093872E0,5.374282837E0
1.662665478E1,-1.842498779E-1,-8.255233765E0,5.285751343E0
1.662903515E1,-1.435699463E-1,-8.578262329E0,5.268997192E0
1.663144604E1,-4.067993164E-2,-8.927627563E0,5.350357056E0
1.663385693E1,6.460571289E-2,-9.245864868E0,5.546569824E0
1.663626782E1,8.135986328E-2,-9.477966309E0,5.936599731E0
1.663864819E1,5.503845215E-2,-9.623931885E0,6.357727051E0
1.664105908E1,-2.871704102E-2,-9.544967651E0,6.788436890E0
1.664346997E1,-2.249298096E-1,-9.265014648E0,7.216751099E0
1.664588086E1,-3.373870850E-1,-8.934799194E0,7.535003662E0
1.664829174E1,-2.153472900E-1,-8.652450562E0,7.829315186E0
1.665070263E1,1.172485352E-1,-8.484954834E0,8.090133667E0
1.665311352E1,5.910339355E-1,-8.365310669E0,8.331802368E0
1.665552441E1,9.906311035E-1,-8.214553833E0,8.539978027E0
1.665793530E1,1.225128174E0,-8.006378174E0,8.580657959E0
1.666031567E1,1.280166626E0,-7.750350952E0,8.489730835E0
1.666272656E1,1.287338257E0,-7.484756470E0,8.298309326E0
1.666513745E1,1.306488037E0,-7.245468140E0,7.999206543E0
1.666754834E1,1.418945312E0,-6.987045288E0,7.613967896E0
1.666992871E1,1.732406616E0,-6.809967041E0,7.240676880E0
1.667233960E1,2.093719482E0,-6.697509766E0,6.766906738E0
1.667475048E1,2.505279541E0,-6.654434204E0,6.240478516E0
1.667716137E1,2.974273682E0,-6.647262573E0,5.749954224E0
1.667954174E1,3.366699219E0,-6.704696655E0,5.249847412E0
1.668195263E1,3.658630371E0,-6.774078369E0,4.771286011E0
1.668436352E1,3.876373291E0,-6.862609863E0,4.352539062E0
1.668677441E1,4.065399170E0,-6.967895508E0,4.060623169E0
1.668918530E1,4.120437622E0,-7.073181152E0,3.912261963E0
1.669156567E1,4.077377319E0,-7.216751099E0,3.897903442E0
1.669397656E1,3.938583374E0,-7.386642456E0,3.785446167E0
1.669638745E1,3.713653564E0,-7.613967896E0,3.598800659E0
1.669879834E1,3.491134644E0,-7.889129639E0,3.321243286E0
1.670117871E1,3.268600464E0,-8.123626709E0,2.962310791E0
1.670358960E1,3.065200806E0,-8.303100586E0,2.560317993E0
1.670600048E1,2.974273682E0,-8.475372314E0,2.148757935E0
1.670841137E1,3.010177612E0,-8.750549316E0,1.651046753E0
1.671079174E1,3.058029175E0,-9.056838989E0,1.079162598E0
1.671320263E1,3.127426147E0,-9.518646240E0,4.953155518E-1
1.671561352E1,3.156127930E0,-1.014077759E1,7.656860352E-2
1.671802441E1,3.041275024E0,-1.090647888E1,-6.700134277E-2
1.672043530E1,2.837890625E0,-1.189233398E1,5.264282227E-2
1.672281567E1,2.538787842E0,-1.303131104E1,2.416687012E-1
1.672522656E1,2.227722168E0,-1.425883484E1,5.862426758E-1
1.672763745E1,2.067398071E0,-1.555574036E1,8.925170898E-1
1.673004834E1,1.849655151E0,-1.680718994E1,1.052841187E0
1.673242871E1,1.607971191E0,-1.810169983E1,1.093521118E0
1.673483960E1,1.191619873E0,-1.944168091E1,1.009765625E0
1.673725048E1,7.178497314E-1,-2.085823059E1,9.475555420E-1
1.673966137E1,2.010040283E-1,-2.233700562E1,8.087768555E-1
1.674204174E1,-2.703857422E-1,-2.373919678E1,7.130584717E-1
1.674445263E1,-7.010955811E-1,-2.497149658E1,7.752685547E-1
1.674686352E1,-1.107879639E0,-2.591905212E1,1.043273926E0
1.674927441E1,-1.473983765E0,-2.658665466E1,1.306488037E0
1.675165478E1,-1.789825439E0,-2.703410339E1,1.512268066E0
1.675406567E1,-2.124832153E0,-2.737150574E1,1.574478149E0
1.675647656E1,-2.560317993E0,-2.762274170E1,1.677368164E0
1.675888745E1,-3.122634888E0,-2.791706848E1,1.789825439E0
1.676129834E1,-3.548553467E0,-2.821377563E1,1.895111084E0
1.676367871E1,-3.682556152E0,-2.839083862E1,1.938186646E0
1.676608960E1,-3.859619141E0,-2.840998840E1,1.887939453E0
1.676850048E1,-3.885940552E0,-2.834777832E1,1.842468262E0
1.677091137E1,-3.739974976E0,-2.818266296E1,1.797012329E0
1.677329174E1,-3.605987549E0,-2.793620300E1,1.787445068E0
1.677570263E1,-3.383453369E0,-2.760360718E1,1.842468262E0
1.677811352E1,-3.134597778E0,-2.706521606E1,1.775466919E0
1.678052441E1,-2.773284912E0,-2.636172485E1,1.677368164E0
1.678290478E1,-2.280364990E0,-2.544528198E1,1.550552368E0
1.678531567E1,-1.770690918E0,-2.429672241E1,1.478759766E0
1.678772656E1,-1.258621216E0,-2.280360413E1,1.421340942E0
1.679013745E1,-1.007385254E0,-2.123152161E1,1.318450928E0
1.679254834E1,-9.379882812E-1,-1.969772339E1,1.189239502E0
1.679492871E1,-8.757781982E-1,-1.819024658E1,1.153335571E0
1.679733960E1,-8.829498291E-1,-1.678564453E1,1.213165283E0
1.679975048E1,-6.652069092E-1,-1.549830627E1,1.363906860E0
1.680216137E1,-1.722869873E-1,-1.434017944E1,1.462020874E0
1.680454174E1,3.589172363E-1,-1.331845093E1,1.481155396E0
1.680695263E1,6.723785400E-1,-1.235893250E1,1.529006958E0
1.680936352E1,8.350982666E-1,-1.149511719E1,1.799407959E0
1.681177441E1,7.465667725E-1,-1.073420715E1,2.127212524E0
1.681415478E1,5.958099365E-1,-1.028913879E1,2.222930908E0
1.681656567E1,1.289733887E0,-9.879959106E0,1.957336426E0
1.681897656E1,1.737182617E0,-9.547363281E0,1.751541138E0
1.682138745E1,2.019546509E0,-9.320037842E0,1.452438354E0
1.682376782E1,2.069793701E0,-9.080764771E0,1.076766968E0
1.682617871E1,2.088928223E0,-8.776870728E0,7.226257324E-1
1.682858960E1,2.155929565E0,-8.549560547E0,3.732757568E-1
1.683100048E1,2.230117798E0,-8.291137695E0,-4.791259766E-3
1.683341137E1,2.488540649E0,-7.994415283E0,-4.977111816E-1
1.683579174E1,2.708679199E0,-7.645065308E0,-1.098312378E0
1.683820263E1,2.196609497E0,-7.142578125E0,-2.062606812E0
1.684061352E1,2.718246460E0,-6.544372559E0,-2.433502197E0
1.684302441E1,3.644271851E0,-6.632904053E0,-1.622329712E0
1.684540478E1,4.362121582E0,-6.838684082E0,-2.261215210E0
1.684781567E1,4.809570312E0,-7.171295166E0,-3.974472046E0
1.685022656E1,4.871780396E0,-7.333999634E0,-5.249847412E0
1.685263745E1,4.886138916E0,-7.350753784E0,-5.582458496E0
1.685504834E1,4.862213135E0,-7.243072510E0,-5.395812988E0
1.685742871E1,4.785644531E0,-7.077972412E0,-4.955535889E0
1.685983960E1,4.658828735E0,-6.929611206E0,-4.541580200E0
1.686225048E1,4.630111694E0,-6.843475342E0,-4.029510498E0
1.686466137E1,4.737792969E0,-6.788436890E0,-3.524627686E0
1.686704174E1,4.821533203E0,-6.745361328E0,-3.055633545E0
1.686945263E1,4.785644531E0,-6.690338135E0,-2.536392212E0
1.687186352E1,4.670791626E0,-6.620941162E0,-2.175079346E0
1.687427441E1,4.666000366E0,-6.537185669E0,-1.782653809E0
1.687665478E1,4.673187256E0,-6.482162476E0,-1.529006958E0
1.687906567E1,4.500900269E0,-6.376876831E0,-1.301696777E0
1.688147656E1,4.283157349E0,-6.293121338E0,-1.064804077E0
1.688388745E1,3.917053223E0,-6.206985474E0,-7.513427734E-1
1.688626782E1,3.407379150E0,-6.202194214E0,-3.780670166E-1
1.688867871E1,2.959915161E0,-6.209381104E0,-4.067993164E-2
1.689108960E1,2.608169556E0,-6.206985474E0,2.153472900E-1
1.689350048E1,2.292327881E0,-6.187835693E0,3.661041260E-1
1.689591137E1,2.045867920E0,-6.202194214E0,4.953155518E-1
1.689829174E1,1.797012329E0,-6.242874146E0,5.910339355E-1
1.690070263E1,1.600799561E0,-6.218948364E0,6.986999512E-1
1.690311352E1,1.459625244E0,-6.192626953E0,7.657012939E-1
1.690549389E1,1.277770996E0,-6.185440063E0,8.781585693E-1
1.690790478E1,1.146163940E0,-6.218948364E0,1.016952515E0
1.691031567E1,9.523468018E-1,-6.235702515E0,1.146163940E0
1.691272656E1,7.417755127E-1,-6.247665405E0,1.282546997E0
1.691513745E1,6.149597168E-1,-6.242874146E0,1.366302490E0
1.691751782E1,6.556396484E-1,-6.314666748E0,1.411758423E0
1.691992871E1,6.652069092E-1,-6.376876831E0,1.397415161E0
1.692233960E1,6.245269775E-1,-6.441482544E0,1.399795532E0
1.692475048E1,5.694885254E-1,-6.448654175E0,1.368698120E0
1.692716137E1,4.881286621E-1,-6.508483887E0,1.380661011E0
1.692954174E1,4.067840576E-1,-6.537185669E0,1.390228271E0
1.693195263E1,2.943115234E-1,-6.573089600E0,1.428512573E0
1.693436352E1,1.100769043E-1,-6.599411011E0,1.497909546E0
1.693677441E1,-1.363983154E-1,-6.618545532E0,1.658233643E0
1.693918530E1,-3.589172363E-1,-6.664016724E0,1.785049438E0
1.694159619E1,-6.484527588E-1,-6.675979614E0,1.966903687E0
1.694400708E1,-9.212341309E-1,-6.719039917E0,2.148757935E0
1.694641797E1,-1.153335571E0,-6.757324219E0,2.330612183E0
1.694882885E1,-1.318450928E0,-6.826721191E0,2.481353760E0
1.695120922E1,-1.452438354E0,-6.860229492E0,2.629714966E0
1.695362011E1,-1.574478149E0,-6.893722534E0,2.804382324E0
1.695603100E1,-1.706085205E0,-6.967895508E0,2.947952271E0
1.695844189E1,-1.871185303E0,-6.970291138E0,3.084350586E0
1.696082226E1,-2.143966675E0,-6.982254028E0,3.230316162E0
1.696323315E1,-2.342575073E0,-6.955932617E0,3.345169067E0
1.696564404E1,-2.572280884E0,-6.896118164E0,3.538986206E0
1.696805493E1,-2.749359131E0,-6.812362671E0,3.644271851E0
1.697043530E1,-2.983856201E0,-6.711868286E0,3.799804688E0
1.697284619E1,-3.158523560E0,-6.597015381E0,3.933807373E0
1.697525708E1,-3.280563354E0,-6.484542847E0,4.041473389E0
1.697766797E1,-3.445663452E0,-6.360122681E0,4.127624512E0
1.698004834E1,-3.637084961E0,-6.281158447E0,4.218551636E0
1.698245922E1,-3.751953125E0,-6.139984131E0,4.237686157E0
1.698487011E1,-3.806976318E0,-6.022735596E0,4.247253418E0
1.698728100E1,-3.885940552E0,-5.910278320E0,4.204193115E0
1.698969189E1,-3.895507812E0,-5.816955566E0,4.208969116E0
1.699207226E1,-3.885940552E0,-5.692520142E0,4.139587402E0
1.699448315E1,-3.862014771E0,-5.611175537E0,4.096511841E0
1.699689404E1,-3.795013428E0,-5.515457153E0,4.070190430E0
1.699930493E1,-3.696914673E0,-5.448455811E0,4.029510498E0
1.700168530E1,-3.541381836E0,-5.422134399E0,3.943374634E0
1.700409619E1,-3.273376465E0,-5.391036987E0,3.866806030E0
1.700650708E1,-3.060424805E0,-5.352737427E0,3.723236084E0
1.700891797E1,-2.825927734E0,-5.367095947E0,3.558120728E0
1.701129834E1,-2.548355103E0,-5.357528687E0,3.290130615E0
1.701370922E1,-2.203796387E0,-5.355133057E0,3.005386353E0
1.701612011E1,-1.854431152E0,-5.324035645E0,2.718246460E0
1.701853100E1,-1.493118286E0,-5.285751343E0,2.476577759E0
1.702094189E1,-1.155731201E0,-5.290527344E0,2.285140991E0
1.702332226E1,-7.944183350E-1,-5.324035645E0,2.167892456E0
1.702573315E1,-4.522399902E-1,-5.338394165E0,2.057830811E0
1.702814404E1,-1.531372070E-1,-5.333602905E0,2.021942139E0
1.703055493E1,8.853149414E-2,-5.350357056E0,1.959716797E0
1.703293530E1,2.632141113E-1,-5.376678467E0,2.033905029E0
1.703534619E1,4.402770996E-1,-5.376678467E0,2.127212524E0
1.703775708E1,5.814514160E-1,-5.407775879E0,2.318649292E0
1.704016797E1,7.657012939E-1,-5.412567139E0,2.574676514E0
1.704254834E1,8.614196777E-1,-5.412567139E0,2.907272339E0
1.704495922E1,1.004989624E0,-5.441284180E0,3.280563354E0
1.704737011E1,1.134201050E0,-5.455642700E0,3.656234741E0
1.704978100E1,1.277770996E0,-5.446060181E0,4.101303101E0
1.705219189E1,1.440475464E0,-5.455642700E0,4.570297241E0
1.705457226E1,1.627120972E0,-5.467605591E0,4.996215820E0
1.705698315E1,1.847259521E0,-5.510665894E0,5.486740112E0
1.705939404E1,2.132003784E0,-5.575271606E0,5.943771362E0
1.706180493E1,2.464614868E0,-5.670989990E0,6.372085571E0
1.706418530E1,2.811569214E0,-5.769088745E0,6.807586670E0
1.706659619E1,3.223129272E0,-5.946166992E0,7.264602661E0
1.706900708E1,3.672988892E0,-6.142379761E0,7.688140869E0
1.707141797E1,4.173080444E0,-6.439086914E0,8.185852051E0
1.707379834E1,4.737792969E0,-6.716659546E0,8.662017822E0
1.707620922E1,5.376678467E0,-7.034896851E0,9.150161743E0
1.707862011E1,5.994018555E0,-7.322036743E0,9.614364624E0
1.708103100E1,6.678375244E0,-7.635498047E0,1.003071594E1
1.708344189E1,7.348358154E0,-7.944168091E0,1.036810303E1
1.708582226E1,7.999206543E0,-8.252853394E0,1.056192017E1
1.708823315E1,8.642868042E0,-8.616561890E0,1.068873596E1
1.709064404E1,9.279373169E0,-8.941986084E0,1.065763855E1
1.709305493E1,9.946960449E0,-9.310470581E0,1.054516602E1
1.709543530E1,1.057867432E1,-9.674179077E0,1.028674316E1
1.709784619E1,1.122952271E1,-1.002592468E1,9.987640381E0
1.710025708E1,1.185165405E1,-1.042074585E1,9.597610474E0
1.710266797E1,1.254556274E1,-1.082273865E1,9.071197510E0
1.710504834E1,1.321316528E1,-1.125344849E1,8.475372314E0
1.710745922E1,1.383052063E1,-1.180140686E1,7.932205200E0
1.710987011E1,1.437129211E1,-1.233261108E1,7.415359497E0
1.711228100E1,1.477807617E1,-1.277528381E1,7.010971069E0
1.711469189E1,1.507957458E1,-1.317248535E1,6.731002808E0
1.711707226E1,1.519920349E1,-1.347398376E1,6.635299683E0
1.711948315E1,1.515853882E1,-1.369172668E1,6.695114136E0
1.712189404E1,1.497906494E1,-1.381855774E1,6.908081055E0
1.712430493E1,1.459861755E1,-1.377787781E1,7.278961182E0
1.712668530E1,1.402433777E1,-1.352423096E1,7.685745239E0
1.712909619E1,1.321076965E1,-1.305523682E1,8.006378174E0
1.713150708E1,1.218185425E1,-1.251446533E1,8.276779175E0
1.713391797E1,1.116969299E1,-1.194497681E1,8.405990601E0
1.713629834E1,1.017428589E1,-1.147598267E1,8.468200684E0
1.713870922E1,9.250656128E0,-1.111227417E1,8.379669189E0
1.714112011E1,8.415557861E0,-1.088255310E1,8.214553833E0
1.714353100E1,7.664215088E0,-1.065524292E1,8.049453735E0
1.714591137E1,6.955932617E0,-1.055952454E1,7.891525269E0
1.714832226E1,6.285949707E0,-1.052124023E1,7.791030884E0
1.715073315E1,5.637496948E0,-1.050688171E1,7.712066650E0
1.715314404E1,5.060821533E0,-1.060499573E1,7.673782349E0
1.715555493E1,4.565505981E0,-1.077966309E1,7.649856567E0
1.715793530E1,4.060623169E0,-1.109312439E1,7.599609375E0
1.716034619E1,3.708877563E0,-1.152383423E1,7.513458252E0
1.716275708E1,3.395416260E0,-1.208135986E1,7.312469482E0
1.716516797E1,3.132202148E0,-1.263888550E1,7.018142700E0
1.716754834E1,2.857025146E0,-1.317248535E1,6.647262573E0
1.716995922E1,2.656036377E0,-1.360079956E1,6.154342651E0
1.717237011E1,2.447860718E0,-1.400997925E1,5.635101318E0
1.717478100E1,2.232498169E0,-1.446940613E1,5.094314575E0
1.717716137E1,2.201400757E0,-1.502931213E1,4.493728638E0
1.717957226E1,2.254043579E0,-1.566819763E1,3.862014771E0
1.718198315E1,2.431106567E0,-1.638127136E1,3.239883423E0
1.718439404E1,2.656036377E0,-1.708714294E1,2.725418091E0
1.718680493E1,2.840286255E0,-1.766381836E1,2.435897827E0
1.718918530E1,3.029312134E0,-1.806581116E1,2.452636719E0
1.719159619E1,3.103485107E0,-1.820458984E1,2.742172241E0
1.719400708E1,3.115447998E0,-1.800360107E1,3.302093506E0
1.719641797E1,3.053237915E0,-1.737667847E1,3.943374634E0
1.719879834E1,2.924026489E0,-1.644108582E1,4.551147461E0
1.720120922E1,2.897705078E0,-1.520159912E1,5.036895752E0
1.720362011E1,2.849853516E0,-1.369412231E1,5.252243042E0
1.720603100E1,2.763717651E0,-1.210768127E1,5.175674438E0
1.720841137E1,2.620147705E0,-1.051167297E1,4.773681641E0
1.721082226E1,2.388031006E0,-9.037689209E0,4.046264648E0
1.721323315E1,2.005187988E0,-7.726425171E0,3.014953613E0
1.721564404E1,1.383056641E0,-6.695114136E0,1.753936768E0
1.721805493E1,6.029968262E-1,-5.965301514E0,4.331054688E-1
1.722046582E1,-2.584228516E-1,-5.577667236E0,-8.518524170E-1
1.722287671E1,-1.155731201E0,-5.362319946E0,-1.933395386E0
1.722528759E1,-1.990829468E0,-5.304885864E0,-2.703887939E0
1.722769848E1,-2.897705078E0,-5.450851440E0,-3.388229370E0
1.723007885E1,-3.728012085E0,-5.680557251E0,-3.914657593E0
1.723248974E1,-4.376480103E0,-5.934204102E0,-4.453048706E0
1.723490063E1,-4.778472900E0,-6.223724365E0,-4.756927490E0
1.723731152E1,-4.936386108E0,-6.608978271E0,-4.843078613E0
1.723969189E1,-5.063217163E0,-7.054046631E0,-4.706680298E0
1.724210278E1,-5.044067383E0,-7.597213745E0,-4.058227539E0
1.724451367E1,-5.225921631E0,-8.312667847E0,-3.055633545E0
1.724692456E1,-5.319244385E0,-8.879760742E0,-2.100891113E0
1.724933545E1,-5.312072754E0,-9.276977539E0,-8.685913086E-1
1.725171582E1,-5.137390137E0,-9.559326172E0,4.689941406E-1
1.725412671E1,-5.058425903E0,-9.710067749E0,1.588836670E0
1.725653759E1,-5.051254272E0,-9.872787476E0,2.256439209E0
1.725894848E1,-5.089538574E0,-1.005464172E1,2.754135132E0
1.726132885E1,-5.297714233E0,-1.026521301E1,2.675170898E0
1.726373974E1,-5.264205933E0,-1.046142578E1,2.663208008E0
1.726615063E1,-5.125427246E0,-1.065763855E1,2.232498169E0
1.726856152E1,-4.888534546E0,-1.076770020E1,2.328216553E0
1.727094189E1,-4.871780396E0,-1.086341858E1,2.280364990E0
1.727335278E1,-5.060821533E0,-1.099740601E1,2.170288086E0
1.727576367E1,-5.446060181E0,-1.108833313E1,2.053039551E0
1.727817456E1,-5.735595703E0,-1.114576721E1,2.153533936E0
1.728055493E1,-5.726028442E0,-1.118165588E1,2.148757935E0
1.728296582E1,-5.381454468E0,-1.107637024E1,2.222930908E0
1.728537671E1,-4.699508667E0,-1.104048157E1,2.438293457E0
1.728778759E1,-3.864410400E0,-1.093998718E1,2.574676514E0
1.729019848E1,-3.105880737E0,-1.086819458E1,2.538787842E0
1.729257885E1,-2.323425293E0,-1.084187317E1,2.591430664E0
1.729498974E1,-1.639083862E0,-1.085623169E1,2.675170898E0
1.729740063E1,-8.446655273E-1,-1.086819458E1,2.833099365E0
1.729981152E1,2.943115234E-1,-1.080120850E1,3.019744873E0
1.730219189E1,1.349548340E0,-1.081794739E1,3.235092163E0
1.730460278E1,1.792221069E0,-1.070309448E1,3.333206177E0
1.730701367E1,1.969299316E0,-1.061935425E1,3.512664795E0
1.730942456E1,2.232498169E0,-1.055952454E1,3.711273193E0
1.731180493E1,2.244461060E0,-1.053799438E1,3.735198975E0
1.731421582E1,2.299499512E0,-1.047578430E1,3.694519043E0
1.731662671E1,2.464614868E0,-1.044227600E1,3.649047852E0
1.731903759E1,2.275573730E0,-1.046859741E1,3.579666138E0
1.732144848E1,2.143966675E0,-1.060737610E1,3.469589233E0
1.732382885E1,1.868789673E0,-1.067677307E1,3.369094849E0
1.732623974E1,2.021942139E0,-1.073420715E1,3.146560669E0
1.732865063E1,2.158325195E0,-1.078923035E1,2.902496338E0
1.733106152E1,2.280364990E0,-1.090170288E1,2.768493652E0
1.733344189E1,2.452636719E0,-1.105004883E1,2.677566528E0
1.733585278E1,2.586639404E0,-1.118644714E1,2.593826294E0
1.733826367E1,2.785247803E0,-1.119601440E1,2.510070801E0
1.734067456E1,2.912063599E0,-1.126301575E1,2.445465088E0
1.734308545E1,2.943176270E0,-1.131086731E1,2.392822266E0
1.734546582E1,3.098709106E0,-1.130609131E1,2.378463745E0
1.734787671E1,3.072387695E0,-1.132044983E1,2.433502197E0
1.735028759E1,2.746963501E0,-1.134677124E1,2.541183472E0
1.735269848E1,2.443069458E0,-1.130130005E1,2.617752075E0
1.735507885E1,1.818542480E0,-1.126062012E1,2.809173584E0
1.735748974E1,1.060012817E0,-1.130848694E1,3.117843628E0
1.735990063E1,1.466796875E0,-1.130369568E1,3.412170410E0
1.736231152E1,1.548156738E0,-1.110269165E1,3.586837769E0
1.736469189E1,1.837692261E0,-1.082513428E1,3.744766235E0
1.736710278E1,1.756332397E0,-1.052603149E1,3.866806030E0
1.736951367E1,1.607971191E0,-1.027478027E1,3.857223511E0
1.737192456E1,1.435699463E0,-1.010249329E1,3.967300415E0
1.737430493E1,1.454833984E0,-1.002832031E1,4.082153320E0
1.737671582E1,1.263412476E0,-9.978073120E0,4.240081787E0
1.737912671E1,1.009765625E0,-9.865615845E0,4.359725952E0
1.738153759E1,8.709869385E-1,-9.710067749E0,4.388442993E0
1.738394848E1,8.183441162E-1,-9.511474609E0,4.390823364E0
1.738632885E1,9.762725830E-1,-9.367904663E0,4.340576172E0
1.738873974E1,1.210769653E0,-9.157333374E0,4.120437622E0
1.739115063E1,1.380661011E0,-8.920440674E0,4.039077759E0
1.739356152E1,1.596008301E0,-8.626129150E0,3.964904785E0
1.739594189E1,1.603195190E0,-8.331802368E0,3.938583374E0
1.739835278E1,9.882354736E-1,-8.008773804E0,3.912261963E0
1.740076367E1,2.727813721E-1,-7.738388062E0,4.058227539E0
1.740317456E1,-1.028900146E-1,-7.580459595E0,4.113265991E0
1.740555493E1,-2.991027832E-1,-7.410568237E0,4.134796143E0
1.740796582E1,-6.412811279E-1,-7.250259399E0,4.319046021E0
1.741037671E1,-4.522399902E-1,-7.101898193E0,4.522430420E0
1.741278759E1,-5.455627441E-1,-6.951156616E0,4.723434448E0
1.741519848E1,-6.963043213E-1,-6.821945190E0,4.979461670E0
1.741757885E1,-1.256225586E0,-7.049255371E0,4.862213135E0
1.741998974E1,-1.926223755E0,-7.290924072E0,4.223327637E0
1.742240063E1,-4.079757690E0,-7.630706787E0,4.759323120E0
1.742481152E1,-6.264404297E0,-8.322235107E0,5.716461182E0
1.742719189E1,-7.396209717E0,-9.358322144E0,5.465209961E0
1.742960278E1,-7.872390747E0,-1.009292603E1,4.371688843E0
1.743201367E1,-7.850845337E0,-1.086341858E1,3.177673340E0
1.743442456E1,-7.247863770E0,-1.161955261E1,1.887939453E0
1.743680493E1,-6.049057007E0,-1.229432678E1,7.896270752E-1
1.743921582E1,-4.697113037E0,-1.278724670E1,4.791259766E-3
1.744162671E1,-3.371490479E0,-1.295234680E1,3.325958252E-1
1.744403759E1,-2.287536621E0,-1.275852966E1,1.220336914E0
1.744641797E1,-1.600799561E0,-1.233021545E1,2.201400757E0
1.744882885E1,-1.162918091E0,-1.175593567E1,2.947952271E0
1.745123974E1,-8.949127197E-1,-1.109791565E1,3.426528931E0
1.745365063E1,-6.652069092E-1,-1.051167297E1,3.548553467E0
1.745606152E1,-3.972015381E-1,-9.954147339E0,3.421737671E0
1.745844189E1,-7.896423340E-2,-9.446868896E0,3.189636230E0
1.746085278E1,1.674957275E-1,-8.937194824E0,2.928817749E0
1.746326367E1,4.474639893E-1,-8.389236450E0,2.773284912E0
1.746567456E1,7.417755127E-1,-7.951354980E0,2.651245117E0
1.746805493E1,1.002593994E0,-7.465606689E0,2.574676514E0
1.747046582E1,1.186843872E0,-7.034896851E0,2.531600952E0
1.747287671E1,1.328018188E0,-6.716659546E0,2.445465088E0
1.747528759E1,1.428512573E0,-6.455841064E0,2.371292114E0
1.747769848E1,1.454833984E0,-6.276367188E0,2.309066772E0
1.748007885E1,1.462020874E0,-6.183059692E0,2.309066772E0
1.748248974E1,1.471588135E0,-6.108871460E0,2.246856689E0
1.748490063E1,1.414154053E0,-6.092132568E0,2.220535278E0
1.748731152E1,1.397415161E0,-6.118453979E0,2.208572388E0
1.748969189E1,1.375869751E0,-6.183059692E0,2.239685059E0
1.749210278E1,1.359130859E0,-6.230911255E0,2.289932251E0
1.749451367E1,1.363906860E0,-6.309875488E0,2.323425293E0
1.749692456E1,1.320831299E0,-6.446258545E0,2.311462402E0
1.749930493E1,1.306488037E0,-6.601791382E0,2.263610840E0
1.750171582E1,1.289733887E0,-6.798004150E0,2.215759277E0
1.750412671E1,1.265808105E0,-6.996612549E0,2.151153564E0
1.750653759E1,1.246658325E0,-7.178466797E0,2.036285400E0
1.750894848E1,1.268188477E0,-7.348358154E0,1.926223755E0
1.751135937E1,1.320831299E0,-7.532608032E0,1.866409302E0
1.751377026E1,1.361511230E0,-7.733596802E0,1.832901001E0
1.751618115E1,1.311264038E0,-7.948959351E0,1.753936768E0
1.751859204E1,1.256225586E0,-8.331802368E0,1.670196533E0
1.752097241E1,1.371093750E0,-8.434707642E0,1.674972534E0
1.752338330E1,1.473983765E0,-8.350952148E0,1.701293945E0
1.752579419E1,1.521835327E0,-8.458633423E0,1.761123657E0
1.752820508E1,1.610366821E0,-8.549560547E0,1.847259521E0
1.753058545E1,1.696517944E0,-8.465805054E0,1.926223755E0
1.753299634E1,1.828109741E0,-8.449050903E0,2.029113770E0
1.753540722E1,2.007583618E0,-8.470596313E0,2.153533936E0
1.753781811E1,2.148757935E0,-8.386840820E0,2.313858032E0
1.754019848E1,2.208572388E0,-8.281555176E0,2.411972046E0
1.754260937E1,2.330612183E0,-8.190628052E0,2.450256348E0
1.754502026E1,2.555541992E0,-8.087738037E0,2.466995239E0
1.754743115E1,2.823532104E0,-7.999206543E0,2.380859375E0
1.754984204E1,3.144165039E0,-7.953735352E0,2.203796387E0
1.755222241E1,3.354736328E0,-7.836486816E0,2.026718140E0
1.755463330E1,3.529418945E0,-7.692932129E0,1.751541138E0
1.755704419E1,3.754333496E0,-7.637893677E0,1.421340942E0
1.755945508E1,3.967300415E0,-7.668991089E0,1.103088379E0
1.756183545E1,4.141983032E0,-7.635498047E0,8.757781982E-1
1.756424634E1,4.445861816E0,-7.635498047E0,6.412811279E-1
1.756665722E1,4.618148804E0,-7.678573608E0,4.809570312E-1
1.756906811E1,4.622940063E0,-7.764709473E0,4.139556885E-1
1.757144848E1,4.414764404E0,-7.841278076E0,3.828582764E-1
1.757385937E1,4.115661621E0,-7.884353638E0,4.067840576E-1
1.757627026E1,3.591629028E0,-7.893920898E0,5.383911133E-1
1.757868115E1,3.220733643E0,-8.008773804E0,6.628112793E-1
1.758109204E1,2.821136475E0,-8.114059448E0,8.877410889E-1
1.758347241E1,2.524429321E0,-8.269592285E0,1.203582764E0
1.758588330E1,2.084152222E0,-8.408386230E0,1.579269409E0
1.758829419E1,1.952545166E0,-8.602203369E0,1.897506714E0
1.759070508E1,1.631912231E0,-8.810379028E0,2.399993896E0
1.759308545E1,1.249053955E0,-8.994613647E0,2.818740845E0
1.759549634E1,1.136596680E0,-9.217147827E0,3.237487793E0
1.759790722E1,1.100692749E0,-9.468399048E0,3.582061768E0
1.760031811E1,9.858398438E-1,-9.576080322E0,4.201797485E0
1.760269848E1,8.231353760E-1,-9.690933228E0,4.646865845E0
1.760510937E1,7.322082520E-1,-9.784255981E0,5.029708862E0
1.760752026E1,8.255310059E-1,-9.844070435E0,5.402999878E0
1.760993115E1,8.111724854E-1,-9.827316284E0,5.807388306E0
1.761234204E1,7.728881836E-1,-9.777069092E0,6.142379761E0
1.761472241E1,9.044799805E-1,-9.717254639E0,6.338592529E0
1.761713330E1,9.619140625E-1,-9.554534912E0,6.714263916E0
1.761954419E1,1.134201050E0,-9.477966309E0,6.934402466E0
1.762195508E1,9.643096924E-1,-9.334396362E0,7.140182495E0
1.762433545E1,8.925170898E-1,-9.219543457E0,7.446456909E0
1.762674634E1,8.733825684E-1,-9.133407593E0,7.616348267E0
1.762915722E1,6.556396484E-1,-8.980270386E0,7.905883789E0
1.763156811E1,5.599212646E-1,-8.913269043E0,8.135604858E0
1.763394848E1,2.967071533E-1,-8.853439331E0,8.353347778E0
1.763635937E1,-8.375549316E-2,-8.776870728E0,8.573486328E0
1.763877026E1,-3.876342773E-1,-8.702697754E0,8.640487671E0
1.764118115E1,-7.824554443E-1,-8.587844849E0,8.740982056E0
1.764359204E1,-1.153335571E0,-8.542373657E0,8.717056274E0
1.764597241E1,-1.636688232E0,-8.374877930E0,8.709869385E0
1.764838330E1,-2.100891113E0,-8.291137695E0,8.599807739E0
1.765079419E1,-2.533996582E0,-8.214553833E0,8.422729492E0
1.765320508E1,-2.861816406E0,-8.188232422E0,8.149948120E0
1.765558545E1,-3.156127930E0,-8.106887817E0,7.850845337E0
1.765799634E1,-3.383453369E0,-8.078170776E0,7.515853882E0
1.766040722E1,-3.591629028E0,-8.102096558E0,7.111465454E0
1.766281811E1,-3.802200317E0,-8.216949463E0,6.699905396E0
1.766519848E1,-3.926620483E0,-8.417953491E0,6.242874146E0
1.766760937E1,-3.964904785E0,-8.702697754E0,5.800201416E0
1.767002026E1,-3.991226196E0,-9.056838989E0,5.388641357E0
1.767243115E1,-3.974472046E0,-9.456436157E0,5.096710205E0
1.767481152E1,-3.902694702E0,-9.846466064E0,4.847854614E0
1.767722241E1,-3.763916016E0,-1.024606323E1,4.756927490E0
1.767963330E1,-3.574874878E0,-1.067677307E1,4.869400024E0
1.768204419E1,-3.294921875E0,-1.109312439E1,5.036895752E0
1.768445508E1,-2.959915161E0,-1.149272156E1,5.357528687E0
1.768683545E1,-2.581863403E0,-1.186122131E1,5.776275635E0
1.768924634E1,-2.160720825E0,-1.211724854E1,6.211761475E0
1.769165722E1,-1.674972534E0,-1.232304382E1,6.690338135E0
1.769406811E1,-1.265808105E0,-1.243310547E1,7.152145386E0
1.769644848E1,-8.829498291E-1,-1.238764954E1,7.525421143E0
1.769885937E1,-5.814514160E-1,-1.220339966E1,7.712066650E0
1.770127026E1,-3.302154541E-1,-1.190907288E1,7.769500732E0
1.770368115E1,-1.292114258E-1,-1.151187134E1,7.747955322E0
1.770606152E1,9.092712402E-2,-1.105004883E1,7.659423828E0
1.770847241E1,3.756713867E-1,-1.056431580E1,7.508682251E0
1.771088330E1,6.963043213E-1,-1.009292603E1,7.412963867E0
1.771329419E1,1.067199707E0,-9.681365967E0,7.183258057E0
1.771570508E1,1.490722656E0,-9.253051758E0,6.991821289E0
1.771808545E1,1.978866577E0,-8.853439331E0,6.838684082E0
1.772049634E1,2.471786499E0,-8.449050903E0,6.623336792E0
1.772290722E1,2.842666626E0,-8.035095215E0,6.474975586E0
1.772531811E1,3.163314819E0,-7.618743896E0,6.314666748E0
1.772769848E1,3.433700562E0,-7.214355469E0,6.111267090E0
1.773010937E1,3.656234741E0,-6.812362671E0,5.903091431E0
1.773252026E1,3.869201660E0,-6.410369873E0,5.666198730E0
1.773493115E1,4.201797485E0,-6.068191528E0,5.417343140E0
1.773731152E1,4.520034790E0,-5.754745483E0,5.134994507E0
1.773972241E1,4.895721436E0,-5.501098633E0,4.850250244E0
1.774213330E1,5.266601562E0,-5.326416016E0,4.613357544E0
1.774454419E1,5.615951538E0,-5.192428589E0,4.386047363E0
1.774695508E1,5.900695801E0,-5.070388794E0,4.206588745E0
1.774933545E1,6.015548706E0,-5.063217163E0,4.096511841E0
1.775174634E1,6.072982788E0,-5.058425903E0,4.041473389E0
1.775415722E1,6.154342651E0,-5.067993164E0,4.096511841E0
1.775656811E1,6.171096802E0,-5.170883179E0,4.199401855E0
1.775894848E1,6.195022583E0,-5.300109863E0,4.381256104E0
1.776135937E1,6.092132568E0,-5.441284180E0,4.484146118E0
1.776377026E1,5.864807129E0,-5.623138428E0,4.563110352E0
1.776618115E1,5.642272949E0,-5.783447266E0,4.524826050E0
1.776856152E1,5.481964111E0,-5.967697144E0,4.386047363E0
1.777097241E1,5.395812988E0,-6.106491089E0,4.134796143E0
1.777338330E1,5.417343140E0,-6.300308228E0,3.828521729E0
1.777579419E1,5.472381592E0,-6.501296997E0,3.493515015E0
1.777820508E1,5.553741455E0,-6.793228149E0,3.177673340E0
1.778058545E1,5.776275635E0,-7.118652344E0,2.857025146E0
1.778299634E1,5.592025757E0,-7.508682251E0,2.706283569E0
1.778540722E1,5.285751343E0,-8.145172119E0,2.498107910E0
1.778781811E1,5.048858643E0,-9.020935059E0,2.110473633E0
1.779022900E1,4.886138916E0,-1.009292603E1,1.785049438E0
1.779263989E1,4.603790283E0,-1.128216553E1,1.574478149E0
1.779505078E1,4.074981689E0,-1.254078674E1,1.639083862E0
1.779746167E1,3.550949097E0,-1.382093811E1,1.725219727E0
1.779984204E1,2.947952271E0,-1.521356201E1,1.806579590E0
1.780225293E1,2.213363647E0,-1.667558289E1,1.641479492E0
1.780466382E1,1.469192505E0,-1.820458984E1,1.282546997E0
1.780707470E1,5.527496338E-1,-1.973121643E1,9.308013916E-1
1.780948559E1,-2.368927002E-1,-2.113101196E1,8.279113770E-1
1.781186596E1,-8.925170898E-1,-2.242314148E1,8.518524170E-1
1.781427685E1,-1.497909546E0,-2.355255127E1,9.212341309E-1
1.781668774E1,-1.928619385E0,-2.442832947E1,1.127014160E0
1.781909863E1,-2.519638062E0,-2.516770935E1,1.241882324E0
1.782147900E1,-3.089126587E0,-2.576112366E1,1.507476807E0
1.782388989E1,-3.256637573E0,-2.588795471E1,1.677368164E0
1.782630078E1,-3.689727783E0,-2.612722778E1,1.804183960E0
1.782871167E1,-4.431503296E0,-2.639523315E1,2.483749390E0
1.783109204E1,-4.704284668E0,-2.645983887E1,2.943176270E0
1.783350293E1,-4.864608765E0,-2.646940613E1,3.373886108E0
1.783591382E1,-4.656433105E0,-2.644308472E1,3.677764893E0
1.783832470E1,-4.555938721E0,-2.630191040E1,3.852447510E0
1.784070508E1,-4.369293213E0,-2.601956177E1,3.873977661E0
1.784311596E1,-3.821334839E0,-2.564149475E1,3.682556152E0
1.784552685E1,-2.964706421E0,-2.521318054E1,3.397811890E0
1.784793774E1,-2.062606812E0,-2.465563965E1,2.979064941E0
1.785034863E1,-1.406982422E0,-2.392344666E1,2.514862061E0
1.785272900E1,-1.213165283E0,-2.307878113E1,2.230117798E0
1.785513989E1,-1.067199707E0,-2.212403870E1,1.981262207E0
1.785755078E1,-1.119842529E0,-2.105923462E1,1.710861206E0
1.785996167E1,-9.858398438E-1,-1.994895935E1,1.567306519E0
1.786234204E1,-7.800598145E-1,-1.881954956E1,1.430908203E0
1.786475293E1,-5.862426758E-1,-1.760160828E1,1.483551025E0
1.786716382E1,-3.661041260E-1,-1.654637146E1,1.490722656E0
1.786957470E1,-4.791259766E-3,-1.555574036E1,1.483551025E0
1.787198559E1,2.847442627E-1,-1.463928223E1,1.430908203E0
1.787436596E1,5.742797852E-1,-1.382812500E1,1.354339600E0
1.787677685E1,8.757781982E-1,-1.313420105E1,1.093521118E0
1.787918774E1,1.062408447E0,-1.254078674E1,8.350982666E-1
1.788159863E1,1.191619873E0,-1.198086548E1,5.838470459E-1
1.788397900E1,1.222732544E0,-1.148075867E1,3.445739746E-1
1.788638989E1,1.387832642E0,-1.103091431E1,1.986083984E-1
1.788880078E1,1.507476807E0,-1.062652588E1,1.148529053E-1
1.789121167E1,1.744369507E0,-1.037527466E1,-5.743408203E-2
1.789359204E1,1.885543823E0,-1.020300293E1,-1.914215088E-1
1.789600293E1,2.033905029E0,-1.006660461E1,-3.062744141E-1
1.789841382E1,2.239685059E0,-9.925430298E0,-4.642028809E-1
1.790082470E1,2.136795044E0,-9.781860352E0,-6.006011963E-1
1.790320508E1,2.072189331E0,-9.676574707E0,-9.355926514E-1
1.790561596E1,2.352142334E0,-9.583251953E0,-1.471588135E0
1.790802685E1,2.122436523E0,-9.482757568E0,-2.026718140E0
1.791043774E1,2.122436523E0,-9.238693237E0,-2.543563843E0
1.791284863E1,2.201400757E0,-9.016159058E0,-2.900100708E0
1.791522900E1,2.285140991E0,-8.791229248E0,-3.340377808E0
1.791763989E1,2.361709595E0,-8.568695068E0,-3.818939209E0
1.792005078E1,2.390426636E0,-8.350952148E0,-4.240081787E0
1.792246167E1,2.505279541E0,-8.111663818E0,-4.510467529E0
1.792484204E1,2.598602295E0,-7.884353638E0,-4.460220337E0
1.792725293E1,2.483749390E0,-7.647460938E0,-4.141983032E0
1.792966382E1,1.878372192E0,-7.329208374E0,-3.948150635E0
1.793207470E1,2.739776611E0,-6.967895508E0,-2.924026489E0
1.793445508E1,4.249649048E0,-7.240676880E0,-9.786682129E-1
1.793686596E1,4.981857300E0,-7.441680908E0,-5.120697021E-1
1.793927685E1,5.041671753E0,-7.673782349E0,-1.272979736E0
1.794168774E1,5.003387451E0,-7.762313843E0,-1.404586792E0
1.794409863E1,5.046463013E0,-7.776672363E0,-1.083953857E0
1.794647900E1,4.895721436E0,-7.702499390E0,-6.412811279E-1
1.794888989E1,4.630111694E0,-7.633102417E0,-2.943115234E-1
1.795130078E1,4.328613281E0,-7.573287964E0,-2.395629883E-3
1.795371167E1,3.952941895E0,-7.525421143E0,2.871398926E-1
1.795609204E1,3.558120728E0,-7.475173950E0,4.618072510E-1
1.795850293E1,3.170486450E0,-7.393829346E0,4.905242920E-1
1.796091382E1,2.926422119E0,-7.266998291E0,4.307098389E-1
1.796332470E1,2.735000610E0,-7.085144043E0,3.756713867E-1
1.796570508E1,2.512466431E0,-6.975082397E0,3.421783447E-1
1.796811596E1,2.311462402E0,-6.802795410E0,2.297058105E-1
1.797052685E1,2.175079346E0,-6.695114136E0,1.387786865E-1
1.797293774E1,2.048263550E0,-6.587448120E0,1.076812744E-1
1.797531811E1,1.954940796E0,-6.498901367E0,1.124572754E-1
1.797772900E1,1.820938110E0,-6.415161133E0,1.938171387E-1
1.798013989E1,1.658233643E0,-6.424728394E0,3.062744141E-1
1.798255078E1,1.519439697E0,-6.352951050E0,3.948211670E-1
1.798496167E1,1.426116943E0,-6.319442749E0,4.857482910E-1
1.798734204E1,1.328018188E0,-6.329010010E0,5.551300049E-1
1.798975293E1,1.344772339E0,-6.247665405E0,5.647125244E-1
1.799216382E1,1.344772339E0,-6.175872803E0,5.958099365E-1
1.799457470E1,1.093521118E0,-6.130416870E0,6.269226074E-1
1.799695508E1,1.038482666E0,-6.120834351E0,6.101684570E-1
1.799936596E1,1.052841187E0,-6.195022583E0,5.814514160E-1
1.800177685E1,9.475555420E-1,-6.285949707E0,7.992095947E-1
1.800418774E1,7.609100342E-1,-6.396011353E0,1.012161255E0
1.800659863E1,4.977111816E-1,-6.515655518E0,1.239486694E0
1.800897900E1,2.727813721E-1,-6.570693970E0,1.457229614E0
1.801138989E1,1.052856445E-1,-6.613769531E0,1.658233643E0
1.801380078E1,-5.264282227E-2,-6.644866943E0,1.902297974E0
1.801621167E1,-3.086700439E-1,-6.728622437E0,2.220535278E0
1.801859204E1,-5.407714844E-1,-6.728622437E0,2.483749390E0
1.802100293E1,-8.135528564E-1,-6.766906738E0,2.804382324E0
1.802341382E1,-1.064804077E0,-6.793228149E0,3.093917847E0
1.802582470E1,-1.363906860E0,-6.798004150E0,3.352340698E0
1.802820508E1,-1.691726685E0,-6.836288452E0,3.610763550E0
1.803061596E1,-2.055435181E0,-6.867401123E0,3.809371948E0
1.803302685E1,-2.399993896E0,-6.908081055E0,3.986450195E0
1.803543774E1,-2.591430664E0,-6.924835205E0,4.058227539E0
1.803784863E1,-2.833099365E0,-6.970291138E0,4.168304443E0
1.804022900E1,-2.983856201E0,-6.972686768E0,4.254440308E0
1.804263989E1,-3.170486450E0,-6.977478027E0,4.347763062E0
1.804505078E1,-3.345169067E0,-6.967895508E0,4.381256104E0
1.804746167E1,-3.524627686E0,-6.946365356E0,4.469787598E0
1.804984204E1,-3.677764893E0,-6.939178467E0,4.520034790E0
1.805225293E1,-3.873977661E0,-6.910476685E0,4.558334351E0
1.805466382E1,-4.041473389E0,-6.821945190E0,4.620544434E0
1.805707470E1,-4.168304443E0,-6.764511108E0,4.606185913E0
1.805945508E1,-4.331008911E0,-6.671188354E0,4.639678955E0
1.806186596E1,-4.407577515E0,-6.544372559E0,4.658828735E0
1.806427685E1,-4.436294556E0,-6.429519653E0,4.630111694E0
1.806668774E1,-4.472183228E0,-6.266799927E0,4.536788940E0
1.806906811E1,-4.503295898E0,-6.130416870E0,4.476974487E0
1.807147900E1,-4.443466187E0,-5.929412842E0,4.338180542E0
1.807388989E1,-4.331008911E0,-5.764312744E0,4.173080444E0
1.807630078E1,-4.175476074E0,-5.615951538E0,3.974472046E0
1.807871167E1,-3.986450195E0,-5.395812988E0,3.680160522E0
1.808112256E1,-3.759124756E0,-5.228317261E0,3.378662109E0
1.808353344E1,-3.488739014E0,-5.120635986E0,3.098709106E0
1.808594433E1,-3.168090820E0,-5.024932861E0,2.799606323E0
1.808835522E1,-2.842666626E0,-4.998611450E0,2.574676514E0
1.809073559E1,-2.519638062E0,-4.981857300E0,2.325820923E0
1.809314648E1,-2.155929565E0,-4.979461670E0,2.120040894E0
1.809555737E1,-1.875976562E0,-5.063217163E0,1.926223755E0
1.809796826E1,-1.610366821E0,-5.144561768E0,1.777862549E0
1.810034863E1,-1.311264038E0,-5.211563110E0,1.672576904E0
1.810275952E1,-1.036087036E0,-5.259429932E0,1.617553711E0
1.810517041E1,-7.657012939E-1,-5.307281494E0,1.658233643E0
1.810758130E1,-4.881286621E-1,-5.412567139E0,1.751541138E0
1.810999218E1,-2.799530029E-1,-5.472381592E0,1.966903687E0
1.811237256E1,-2.871704102E-2,-5.548950195E0,2.273178101E0
1.811478344E1,1.387786865E-1,-5.606384277E0,2.665603638E0
1.811719433E1,2.943115234E-1,-5.637496948E0,3.115447998E0
1.811960522E1,4.594268799E-1,-5.675781250E0,3.613159180E0
1.812198559E1,7.130584717E-1,-5.752349854E0,4.173080444E0
1.812439648E1,9.475555420E-1,-5.826522827E0,4.737792969E0
1.812680737E1,1.347152710E0,-5.857635498E0,5.343170166E0
1.812921826E1,1.792221069E0,-5.927017212E0,5.960525513E0
1.813159863E1,2.342575073E0,-6.029907227E0,6.632904053E0
1.813400952E1,2.952743530E0,-6.128021240E0,7.355529785E0
1.813642041E1,3.546157837E0,-6.262023926E0,8.039886475E0
1.813883130E1,4.185043335E0,-6.386444092E0,8.736190796E0
1.814124218E1,4.804794312E0,-6.546768188E0,9.406188965E0
1.814362256E1,5.462814331E0,-6.723831177E0,9.994827271E0
1.814603344E1,6.113662720E0,-6.924835205E0,1.046620178E1
1.814844433E1,6.793228149E0,-7.161712646E0,1.083709717E1
1.815085522E1,7.501495361E0,-7.374679565E0,1.111705017E1
1.815323559E1,8.204986572E0,-7.587646484E0,1.129890442E1
1.815564648E1,8.898910522E0,-7.750350952E0,1.134677124E1
1.815805737E1,9.571289062E0,-7.889129639E0,1.129173279E1
1.816046826E1,1.014077759E1,-8.035095215E0,1.118405151E1
1.816284863E1,1.068156433E1,-8.169097900E0,1.101895142E1
1.816525952E1,1.116491699E1,-8.305480957E0,1.076290894E1
1.816767041E1,1.163151550E1,-8.477767944E0,1.038963318E1
1.817008130E1,1.209571838E1,-8.676376343E0,9.942184448E0
1.817249218E1,1.254795837E1,-8.922836304E0,9.432510376E0
1.817487256E1,1.303370667E1,-9.221939087E0,8.865402222E0
1.817728344E1,1.356491089E1,-9.554534912E0,8.312667847E0
1.817969433E1,1.408654785E1,-9.903900146E0,7.862808228E0
1.818210522E1,1.456033325E1,-1.034178162E1,7.525421143E0
1.818448559E1,1.498146057E1,-1.072224426E1,7.470397949E0
1.818689648E1,1.522792053E1,-1.103808594E1,7.735992432E0
1.818930737E1,1.520639038E1,-1.127020264E1,8.243270874E0
1.819171826E1,1.502214050E1,-1.137547302E1,8.910873413E0
1.819409863E1,1.455314636E1,-1.138983154E1,9.762710571E0
1.819650952E1,1.387358093E1,-1.136112976E1,1.063848877E1
1.819892041E1,1.301934814E1,-1.124865723E1,1.144247437E1
1.820133130E1,1.203828430E1,-1.116491699E1,1.213400269E1
1.820371167E1,1.102612305E1,-1.110269165E1,1.262452698E1
1.820612256E1,1.002352905E1,-1.103808594E1,1.291166687E1
1.820853344E1,9.020935059E0,-1.100938416E1,1.301695251E1
1.821094433E1,8.066207886E0,-1.098544312E1,1.293081665E1
1.821335522E1,7.173675537E0,-1.091127014E1,1.265563965E1
1.821573559E1,6.355331421E0,-1.079641724E1,1.218904114E1
1.821814648E1,5.620742798E0,-1.067437744E1,1.159323120E1
1.822055737E1,4.998611450E0,-1.059541321E1,1.083949280E1
1.822296826E1,4.493728638E0,-1.065763855E1,9.894317627E0
1.822534863E1,4.086944580E0,-1.089691162E1,8.810379028E0
1.822775952E1,3.900299072E0,-1.137069702E1,7.573287964E0
1.823017041E1,3.866806030E0,-1.202632141E1,6.329010010E0
1.823258130E1,3.859619141E0,-1.286141968E1,5.024932861E0
1.823496167E1,3.797409058E0,-1.380180359E1,3.708877563E0
1.823737256E1,3.737594604E0,-1.475415039E1,2.445465088E0
1.823978344E1,3.632308960E0,-1.561795044E1,1.237091064E0
1.824219433E1,3.534194946E0,-1.631904602E1,3.062744141E-1
1.824460522E1,3.467193604E0,-1.689572144E1,-4.211425781E-1
1.824698559E1,3.457626343E0,-1.727139282E1,-9.308013916E-1
1.824939648E1,3.419342041E0,-1.735754395E1,-1.134201050E0
1.825180737E1,3.462417603E0,-1.724986267E1,-9.499511719E-1
1.825421826E1,3.515060425E0,-1.695793152E1,-4.450683594E-1
1.825659863E1,3.534194946E0,-1.640759277E1,3.110656738E-1
1.825900952E1,3.586837769E0,-1.567059326E1,1.191619873E0
1.826142041E1,3.622726440E0,-1.477328491E1,2.086547852E0
1.826383130E1,3.582061768E0,-1.381616211E1,2.998199463E0
1.826624218E1,3.579666138E0,-1.280877686E1,3.931411743E0
1.826862256E1,3.469589233E0,-1.188514709E1,4.730606079E0
1.827103344E1,3.416946411E0,-1.103570557E1,5.398208618E0
1.827344433E1,3.479156494E0,-1.029153442E1,5.931808472E0
1.827585522E1,3.627517700E0,-9.600006104E0,6.159118652E0
1.827823559E1,3.759124756E0,-9.006591797E0,6.276367188E0
1.828064648E1,3.859619141E0,-8.494522095E0,6.001205444E0
1.828305737E1,3.783050537E0,-8.030319214E0,5.539382935E0
1.828546826E1,3.603591919E0,-7.642669678E0,4.929214478E0
1.828784863E1,3.187240601E0,-7.322036743E0,4.149154663E0
1.829025952E1,2.708679199E0,-7.118652344E0,3.337982178E0
1.829267041E1,2.225326538E0,-7.085144043E0,2.483749390E0
1.829508130E1,1.694122314E0,-7.089935303E0,1.579269409E0
1.829746167E1,1.177261353E0,-7.094726562E0,8.063812256E-1
1.829987256E1,5.168457031E-1,-7.166503906E0,1.675415039E-2
1.830228344E1,-3.445739746E-1,-7.269393921E0,-8.015899658E-1
1.830469433E1,-1.088729858E0,-7.379470825E0,-1.615158081E0
1.830710522E1,-1.837692261E0,-7.468002319E0,-2.299499512E0
1.830948559E1,-2.641677856E0,-7.590026855E0,-2.861816406E0
1.831189648E1,-3.323623657E0,-7.702499390E0,-2.986236572E0
1.831430737E1,-3.957733154E0,-7.788635254E0,-2.792419434E0
1.831671826E1,-4.374084473E0,-7.944168091E0,-2.148757935E0
1.831909863E1,-5.111068726E0,-8.250457764E0,-1.490722656E0
1.832150952E1,-5.649459839E0,-8.480163574E0,-6.484527588E-1
1.832392041E1,-5.673385620E0,-8.707489014E0,3.230285645E-1
1.832633130E1,-5.716461182E0,-8.953948975E0,1.131805420E0
1.832871167E1,-5.783447266E0,-9.111862183E0,1.777862549E0
1.833112256E1,-5.678161621E0,-9.226730347E0,2.120040894E0
1.833353344E1,-5.568099976E0,-9.377471924E0,2.151153564E0
1.833594433E1,-5.438888550E0,-9.542572021E0,2.069793701E0
1.833835522E1,-5.139785767E0,-9.688537598E0,2.026718140E0
1.834073559E1,-4.828720093E0,-9.772293091E0,1.883148193E0
1.834314648E1,-4.610961914E0,-9.887145996E0,1.823333740E0
1.834555737E1,-4.692321777E0,-9.954147339E0,1.732406616E0
1.834796826E1,-4.888534546E0,-1.003071594E1,1.804183960E0
1.835034863E1,-5.039291382E0,-1.013839722E1,1.761123657E0
1.835275952E1,-4.907684326E0,-1.019342041E1,1.830505371E0
1.835517041E1,-4.517654419E0,-1.015036011E1,1.945358276E0
1.835758130E1,-4.003189087E0,-1.005703735E1,2.127212524E0
1.835996167E1,-3.299697876E0,-9.927825928E0,2.299499512E0
1.836237256E1,-2.462219238E0,-9.827316284E0,2.572280884E0
1.836478344E1,-1.765899658E0,-9.858428955E0,2.691925049E0
1.836719433E1,-9.954071045E-1,-9.887145996E0,2.904891968E0
1.836960522E1,-2.488555908E-1,-9.870391846E0,3.294921875E0
1.837201611E1,4.259185791E-1,-9.867996216E0,3.565307617E0
1.837442700E1,1.088729858E0,-9.875183105E0,3.804580688E0
1.837683789E1,1.646255493E0,-9.927825928E0,3.924224854E0
1.837924878E1,2.105682373E0,-9.872787476E0,4.125228882E0
1.838162915E1,2.301895142E0,-9.858428955E0,4.134796143E0
1.838404004E1,2.397613525E0,-9.851257324E0,4.137191772E0
1.838645093E1,2.254043579E0,-9.891921997E0,4.118041992E0
1.838886181E1,2.294723511E0,-9.970886230E0,4.003189087E0
1.839124218E1,2.325820923E0,-1.000917053E1,3.893127441E0
1.839365307E1,2.505279541E0,-1.009292603E1,3.809371948E0
1.839606396E1,2.991027832E0,-1.022932434E1,3.689727783E0
1.839847485E1,2.809173584E0,-1.040638733E1,3.527023315E0
1.840088574E1,2.213363647E0,-1.058345032E1,3.376266479E0
1.840326611E1,2.108078003E0,-1.082513428E1,3.275772095E0
1.840567700E1,2.155929565E0,-1.095912170E1,3.182449341E0
1.840808789E1,2.409576416E0,-1.090170288E1,2.938385010E0
1.841049878E1,2.493316650E0,-1.075094604E1,2.735000610E0
1.841287915E1,2.553146362E0,-1.058345032E1,2.529220581E0
1.841529004E1,2.758926392E0,-1.038006592E1,2.421539307E0
1.841770093E1,2.835494995E0,-1.021017456E1,2.359329224E0
1.842011181E1,2.840286255E0,-1.008813477E1,2.368896484E0
1.842249218E1,2.457427979E0,-9.958923340E0,2.667999268E0
1.842490307E1,2.792419434E0,-1.004028320E1,2.950347900E0
1.842731396E1,3.127426147E0,-1.003311157E1,3.385848999E0
1.842972485E1,3.268600464E0,-9.822540283E0,3.701690674E0
1.843213574E1,3.304489136E0,-9.638290405E0,3.945770264E0
1.843451611E1,3.172882080E0,-9.473190308E0,4.103683472E0
1.843692700E1,3.067596436E0,-9.343978882E0,4.101303101E0
1.843933789E1,2.857025146E0,-9.272186279E0,4.118041992E0
1.844174878E1,2.648849487E0,-9.274581909E0,4.244873047E0
1.844412915E1,2.438293457E0,-9.269790649E0,4.455429077E0
1.844654004E1,2.380859375E0,-9.303298950E0,4.529617310E0
1.844895093E1,2.361709595E0,-9.298507690E0,4.620544434E0
1.845136181E1,2.210968018E0,-9.296112061E0,4.740188599E0
1.845374218E1,2.232498169E0,-9.300903320E0,4.807174683E0
1.845615307E1,2.512466431E0,-9.384643555E0,4.840682983E0
1.845856396E1,2.512466431E0,-9.406188965E0,4.773681641E0
1.846097485E1,2.581863403E0,-9.329620361E0,4.484146118E0
1.846335522E1,2.478958130E0,-9.293716431E0,4.417144775E0
1.846576611E1,2.143966675E0,-9.217147827E0,4.498504639E0
1.846817700E1,1.682159424E0,-9.150161743E0,4.462615967E0
1.847058789E1,1.344772339E0,-9.128616333E0,4.297515869E0
1.847299878E1,8.374938965E-1,-9.075973511E0,4.242477417E0
1.847537915E1,5.048828125E-1,-9.035293579E0,4.151550293E0
1.847779004E1,3.637084961E-1,-8.973083496E0,4.051055908E0
1.848020093E1,1.483612061E-1,-8.946762085E0,3.823730469E0
1.848261181E1,8.135986328E-2,-8.918045044E0,3.570098877E0
1.848499218E1,1.914215088E-1,-8.884552002E0,3.421737671E0
1.848740307E1,4.594268799E-1,-8.896514893E0,3.371490479E0
1.848981396E1,-1.363983154E-1,-8.953948975E0,3.335601807E0
1.849222485E1,-1.201202393E0,-9.102294922E0,3.371490479E0
1.849460522E1,-2.344970703E0,-9.353546143E0,3.333206177E0
1.849701611E1,-3.306884766E0,-9.616760254E0,3.108276367E0
1.849942700E1,-3.871582031E0,-9.887145996E0,2.395217896E0
1.850183789E1,-4.754531860E0,-1.022932434E1,1.856826782E0
1.850424878E1,-5.618347168E0,-1.084187317E1,1.174880981E0
1.850662915E1,-6.175872803E0,-1.169372559E1,7.226257324E-1
1.850904004E1,-6.290725708E0,-1.232064819E1,1.986083984E-1
1.851145093E1,-5.044067383E0,-1.313420105E1,-8.350982666E-1
1.851386181E1,-4.115661621E0,-1.375872803E1,-1.234695435E0
1.851624218E1,-3.768692017E0,-1.412962341E1,-1.155731201E0
1.851865307E1,-3.215957642E0,-1.405305481E1,-8.063812256E-1
1.852106396E1,-2.270782471E0,-1.372044373E1,-2.344970703E-1
1.852347485E1,-1.155731201E0,-1.324188232E1,4.283142090E-1
1.852585522E1,-2.703857422E-1,-1.272264099E1,9.954071045E-1
1.852826611E1,3.493499756E-1,-1.211724854E1,1.450057983E0
1.853067700E1,7.178497314E-1,-1.148794556E1,1.782653809E0
1.853308789E1,9.403839111E-1,-1.085623169E1,2.057830811E0
1.853549878E1,9.810638428E-1,-1.024366760E1,2.222930908E0
1.853787915E1,9.595184326E-1,-9.657424927E0,2.373687744E0
1.854029004E1,9.906311035E-1,-9.095123291E0,2.529220581E0
1.854270093E1,9.571228027E-1,-8.650054932E0,2.555541992E0
1.854511181E1,9.762725830E-1,-8.291137695E0,2.553146362E0
1.854749218E1,9.595184326E-1,-7.972885132E0,2.577072144E0
1.854990307E1,9.906311035E-1,-7.719253540E0,2.648849487E0
1.855231396E1,9.403839111E-1,-7.482360840E0,2.785247803E0
1.855472485E1,8.422698975E-1,-7.312469482E0,2.912063599E0
1.855710522E1,7.585296631E-1,-7.133010864E0,3.014953613E0
1.855951611E1,6.939239502E-1,-6.994216919E0,3.148956299E0
1.856192700E1,5.934143066E-1,-6.987045288E0,3.156127930E0
1.856433789E1,5.383911133E-1,-6.920043945E0,3.208770752E0
1.856674878E1,4.857482910E-1,-6.884155273E0,3.282958984E0
1.856912915E1,4.522399902E-1,-6.917648315E0,3.285339355E0
1.857154004E1,4.522399902E-1,-7.054046631E0,3.187240601E0
1.857395093E1,4.689941406E-1,-7.077972412E0,3.177673340E0
1.857636181E1,5.120697021E-1,-7.099502563E0,3.160919189E0
1.857874218E1,5.551300049E-1,-7.197616577E0,3.077163696E0
1.858115307E1,6.316986084E-1,-7.298110962E0,2.991027832E0
1.858356396E1,6.484527588E-1,-7.367507935E0,2.825927734E0
1.858597485E1,6.460571289E-1,-7.405792236E0,2.715850830E0
1.858835522E1,6.412811279E-1,-7.460815430E0,2.577072144E0
1.859076611E1,6.795654297E-1,-7.592422485E0,2.316253662E0
1.859317700E1,7.274169922E-1,-7.752746582E0,2.062606812E0
1.859558789E1,7.944183350E-1,-7.865203857E0,1.875976562E0
1.859796826E1,8.733825684E-1,-8.025527954E0,1.624725342E0
1.860037915E1,8.829498291E-1,-8.202590942E0,1.414154053E0
1.860279004E1,9.236297607E-1,-8.300704956E0,1.282546997E0
1.860520093E1,9.978027344E-1,-8.286346436E0,1.158126831E0
1.860761181E1,9.834442139E-1,-8.279159546E0,1.028915405E0
1.860999218E1,9.068756104E-1,-8.224136353E0,1.028915405E0
1.861240307E1,8.638153076E-1,-8.279159546E0,9.475555420E-1
1.861481396E1,7.800598145E-1,-8.346160889E0,8.733825684E-1
1.861722485E1,7.082824707E-1,-8.379669189E0,7.800598145E-1
1.861960522E1,6.173553467E-1,-8.417953491E0,7.010955811E-1
1.862201611E1,5.790557861E-1,-8.377273560E0,6.053771973E-1
1.862442700E1,5.024871826E-1,-8.295913696E0,5.982055664E-1
1.862683789E1,4.163513184E-1,-8.262420654E0,6.532440186E-1
1.862921826E1,3.373870850E-1,-8.243270874E0,7.776641846E-1
1.863162915E1,4.043884277E-1,-8.070983887E0,9.427795410E-1
1.863404004E1,4.929199219E-1,-7.869995117E0,1.205978394E0
1.863645093E1,5.407714844E-1,-7.697708130E0,1.466796875E0
1.863886181E1,5.240325928E-1,-7.558929443E0,1.761123657E0
1.864124218E1,6.053771973E-1,-7.448852539E0,2.007583618E0
1.864365307E1,6.915283203E-1,-7.307678223E0,2.215759277E0
1.864606396E1,7.561340332E-1,-7.176071167E0,2.440673828E0
1.864847485E1,8.135528564E-1,-7.097106934E0,2.586639404E0
1.865088574E1,9.643096924E-1,-7.104293823E0,2.675170898E0
1.865329663E1,1.093521118E0,-7.089935303E0,2.754135132E0
1.865570752E1,1.160522461E0,-7.159332275E0,2.837890625E0
1.865811840E1,1.311264038E0,-7.235900879E0,2.857025146E0
1.866049878E1,1.294509888E0,-7.257431030E0,2.926422119E0
1.866290966E1,1.289733887E0,-7.322036743E0,2.983856201E0
1.866532055E1,1.390228271E0,-7.453643799E0,3.110671997E0
1.866773144E1,1.497909546E0,-7.604385376E0,3.189636230E0
1.867014233E1,1.610366821E0,-7.712066650E0,3.407379150E0
1.867252270E1,1.663009644E0,-7.812561035E0,3.747161865E0
1.867493359E1,1.818542480E0,-7.920242310E0,4.158721924E0
1.867734448E1,1.871185303E0,-8.032699585E0,4.654037476E0
1.867975537E1,2.158325195E0,-8.140380859E0,5.209182739E0
1.868213574E1,2.553146362E0,-8.248062134E0,5.764312744E0
1.868454663E1,2.624923706E0,-8.260025024E0,6.331405640E0
1.868695752E1,3.148956299E0,-8.389236450E0,6.841079712E0
1.868936840E1,3.550949097E0,-8.456237793E0,7.360321045E0
1.869174878E1,3.885940552E0,-8.475372314E0,7.843673706E0
1.869415966E1,4.156326294E0,-8.475372314E0,8.228912354E0
1.869657055E1,4.275970459E0,-8.334197998E0,8.547164917E0
1.869898144E1,4.247253418E0,-8.240875244E0,8.858230591E0
1.870139233E1,4.165908813E0,-8.075775146E0,9.018554688E0
1.870377270E1,3.969696045E0,-7.908279419E0,9.090332031E0
1.870618359E1,3.979263306E0,-7.812561035E0,8.997009277E0
1.870859448E1,3.689727783E0,-7.647460938E0,8.946762085E0
1.871100537E1,3.373886108E0,-7.479965210E0,8.927627563E0
1.871338574E1,2.962310791E0,-7.369888306E0,8.932403564E0
1.871579663E1,2.486145020E0,-7.269393921E0,8.882156372E0
1.871820752E1,1.971679688E0,-7.245468140E0,8.853439331E0
1.872061840E1,1.488342285E0,-7.298110962E0,8.815155029E0
1.872299878E1,1.143768311E0,-7.391433716E0,8.729019165E0
1.872540966E1,7.441711426E-1,-7.523040771E0,8.712265015E0
1.872782055E1,2.799530029E-1,-7.704895020E0,8.717056274E0
1.873023144E1,-1.866455078E-1,-7.805389404E0,8.831909180E0
1.873261181E1,-5.886383057E-1,-7.913070679E0,8.891723633E0
1.873502270E1,-1.179656982E0,-8.013565063E0,8.997009277E0
1.873743359E1,-1.569686890E0,-8.137985229E0,9.064010620E0
1.873984448E1,-1.859222412E0,-8.336593628E0,9.114257812E0
1.874225537E1,-2.067398071E0,-8.590240479E0,9.138183594E0
1.874463574E1,-2.273178101E0,-8.901306152E0,9.186050415E0
1.874704663E1,-2.333007812E0,-9.279373169E0,9.231506348E0
1.874945752E1,-2.416748047E0,-9.614364624E0,9.303298950E0
1.875186840E1,-2.423934937E0,-9.992431641E0,9.363113403E0
1.875424878E1,-2.380859375E0,-1.032025146E1,9.463607788E0
1.875665966E1,-2.409576416E0,-1.059541321E1,9.573684692E0
1.875907055E1,-2.423934937E0,-1.075334167E1,9.640686035E0
1.876148144E1,-2.426315308E0,-1.080598450E1,9.702896118E0
1.876386181E1,-2.483749390E0,-1.070788574E1,9.755538940E0
1.876627270E1,-2.450256348E0,-1.050448608E1,9.710067749E0
1.876868359E1,-2.337783813E0,-1.019821167E1,9.683746338E0
1.877109448E1,-2.132003784E0,-9.805786133E0,9.604797363E0
1.877350537E1,-1.789825439E0,-9.408584595E0,9.494720459E0
1.877588574E1,-1.292129517E0,-9.128616333E0,9.312866211E0
1.877829663E1,-5.623168945E-1,-8.894119263E0,9.059234619E0
1.878070752E1,2.536315918E-1,-8.697906494E0,8.817550659E0
1.878311840E1,9.762725830E-1,-8.475372314E0,8.537597656E0
1.878549878E1,1.507476807E0,-8.226531982E0,8.250457764E0
1.878790966E1,1.878372192E0,-7.925033569E0,7.850845337E0
1.879032055E1,2.129608154E0,-7.606781006E0,7.439285278E0
1.879273144E1,2.318649292E0,-7.281356812E0,6.970291138E0
1.879511181E1,2.636886597E0,-7.013366699E0,6.417556763E0
1.879752270E1,3.062820435E0,-6.781265259E0,5.781066895E0
1.879993359E1,3.610763550E0,-6.637695312E0,5.180465698E0
1.880234448E1,4.232910156E0,-6.515655518E0,4.575073242E0
1.880475537E1,4.778472900E0,-6.422332764E0,3.967300415E0
1.880713574E1,5.309677124E0,-6.374481201E0,3.321243286E0
1.880954663E1,5.795410156E0,-6.302688599E0,2.809173584E0
1.881195752E1,6.199798584E0,-6.300308228E0,2.409576416E0
1.881436840E1,6.565902710E0,-6.321838379E0,2.151153564E0
1.881674878E1,6.781265259E0,-6.345764160E0,1.978866577E0
1.881915966E1,6.833908081E0,-6.417556763E0,1.873580933E0
1.882157055E1,6.726226807E0,-6.486938477E0,1.761123657E0
1.882398144E1,6.458221436E0,-6.525222778E0,1.629516602E0
1.882636181E1,6.094512939E0,-6.589828491E0,1.483551025E0
1.882877270E1,5.764312744E0,-6.594619751E0,1.275375366E0
1.883118359E1,5.501098633E0,-6.618545532E0,1.074371338E0
1.883359448E1,5.388641357E0,-6.664016724E0,9.236297607E-1
1.883600537E1,5.455642700E0,-6.802795410E0,7.657012939E-1
1.883838574E1,5.647064209E0,-7.020538330E0,6.245269775E-1
1.884079663E1,5.804992676E0,-7.410568237E0,5.240325928E-1
1.884320752E1,6.010772705E0,-7.958526611E0,3.230285645E-1
1.884561840E1,6.001205444E0,-8.707489014E0,2.392883301E-1
1.884799878E1,5.702102661E0,-9.693328857E0,3.972015381E-1
1.885040966E1,5.532211304E0,-1.087538147E1,5.814514160E-1
1.885282055E1,5.331207275E0,-1.220579529E1,8.207397461E-1
1.885523144E1,4.967498779E0,-1.367498779E1,1.179656982E0
1.885761181E1,4.469787598E0,-1.522552490E1,1.440475464E0
1.886002270E1,3.957733154E0,-1.685504150E1,1.536193848E0
1.886243359E1,3.407379150E0,-1.852523804E1,1.406982422E0
1.886484448E1,2.825927734E0,-2.028396606E1,1.213165283E0
1.886725537E1,2.268402100E0,-2.210250854E1,1.107879639E0
1.886963574E1,1.785049438E0,-2.382772827E1,1.117446899E0
1.887204663E1,1.172485352E0,-2.540937805E1,1.261016846E0
1.887445752E1,5.551300049E-1,-2.683071899E1,1.651046753E0
1.887686840E1,-1.268157959E-1,-2.811566162E1,1.785049438E0
1.887924878E1,-7.920227051E-1,-2.901296997E1,2.007583618E0
1.888165966E1,-1.172485352E0,-2.929533386E1,2.213363647E0
1.888407055E1,-1.957336426E0,-2.955375671E1,2.065002441E0
1.888648144E1,-2.847457886E0,-2.995814514E1,2.634490967E0
1.888886181E1,-3.500701904E0,-3.005624390E1,3.189636230E0
1.889127270E1,-3.627517700E0,-3.003948975E1,3.577270508E0
1.889368359E1,-3.696914673E0,-2.985763550E1,3.895507812E0
1.889609448E1,-3.574874878E0,-2.955375671E1,4.053436279E0
1.889847485E1,-3.352340698E0,-2.917329407E1,3.952941895E0
1.890088574E1,-2.969497681E0,-2.861337280E1,3.720840454E0
1.890329663E1,-2.421539307E0,-2.785246277E1,3.314056396E0
1.890570752E1,-1.538589478E0,-2.683551025E1,2.912063599E0
1.890811840E1,-6.125640869E-1,-2.555294800E1,2.459823608E0
1.891049878E1,3.110656738E-1,-2.425126648E1,2.143966675E0
1.891290966E1,9.906311035E-1,-2.285624695E1,1.813766479E0
1.891532055E1,1.244262695E0,-2.127697754E1,1.481155396E0
1.891773144E1,1.198806763E0,-1.966181946E1,1.395019531E0
1.892011181E1,9.930267334E-1,-1.807060242E1,1.426116943E0
1.892252270E1,1.002593994E0,-1.673779297E1,1.607971191E0
1.892493359E1,1.272979736E0,-1.558445740E1,1.502685547E0
1.892734448E1,1.442871094E0,-1.462731934E1,1.289733887E0
1.892975537E1,1.600799561E0,-1.375155640E1,1.122238159E0
1.893213574E1,1.840087891E0,-1.300738525E1,1.110275269E0
1.893454663E1,1.978866577E0,-1.229910278E1,1.119842529E0
1.893695752E1,2.213363647E0,-1.165783691E1,1.280166626E0
1.893936840E1,2.502899170E0,-1.114337158E1,1.332809448E0
1.894177929E1,3.007781982E0,-1.072224426E1,1.349548340E0
1.894419018E1,3.244674683E0,-1.042552185E1,1.289733887E0
1.894660107E1,3.213562012E0,-1.021017456E1,1.122238159E0
1.894901196E1,3.091522217E0,-1.012403870E1,8.015899658E-1
1.895139233E1,3.431304932E0,-1.004267883E1,3.278198242E-1
1.895380322E1,3.644271851E0,-1.003549194E1,-3.588867188E-2
1.895621411E1,3.759124756E0,-1.008096313E1,-6.412811279E-1
1.895862500E1,3.866806030E0,-1.004507446E1,-1.378265381E0
1.896100537E1,3.823730469E0,-9.805786133E0,-2.091323853E0
1.896341626E1,3.814163208E0,-9.413360596E0,-2.766098022E0
1.896582715E1,3.749557495E0,-8.985046387E0,-3.591629028E0
1.896823803E1,3.747161865E0,-8.573486328E0,-4.407577515E0
1.897064892E1,3.747161865E0,-8.260025024E0,-5.008178711E0
1.897302929E1,3.701690674E0,-7.951354980E0,-5.383850098E0
1.897544018E1,3.352340698E0,-7.724029541E0,-5.560913086E0
1.897785107E1,2.215759277E0,-7.168899536E0,-5.764312744E0
1.898026196E1,3.335601807E0,-6.704696655E0,-4.256835938E0
1.898264233E1,4.213760376E0,-6.680755615E0,-3.014953613E0
1.898505322E1,4.086944580E0,-6.687942505E0,-3.687347412E0
1.898746411E1,3.184844971E0,-6.522827148E0,-3.804580688E0
1.898987500E1,3.306884766E0,-6.345764160E0,-3.203994751E0
1.899225537E1,4.484146118E0,-6.379272461E0,-2.617752075E0
1.899466626E1,5.056030273E0,-6.369689941E0,-2.550750732E0
1.899707715E1,5.063217163E0,-6.254837036E0,-2.072189331E0
1.899948803E1,5.142181396E0,-6.163909912E0,-1.545761108E0
1.900189892E1,4.989028931E0,-6.230911255E0,-1.220336914E0
1.900427929E1,4.639678955E0,-6.254837036E0,-1.095916748E0
1.900669018E1,4.311859131E0,-6.197418213E0,-7.609100342E-1
1.900910107E1,3.826126099E0,-6.077774048E0,-5.886383057E-1
1.901151196E1,3.211166382E0,-6.017944336E0,-3.517456055E-1
1.901389233E1,2.612960815E0,-5.929412842E0,-2.847442627E-1
1.901630322E1,2.275573730E0,-5.843276978E0,-2.847442627E-1
1.901871411E1,2.057830811E0,-5.776275635E0,-2.608184814E-1
1.902112500E1,1.919036865E0,-5.654235840E0,-2.967071533E-1
1.902350537E1,1.746765137E0,-5.508270264E0,-3.349914551E-1
1.902591626E1,1.567306519E0,-5.460418701E0,-2.967071533E-1
1.902832715E1,1.287338257E0,-5.407775879E0,-1.483612061E-1
1.903073803E1,9.643096924E-1,-5.386245728E0,-5.503845215E-2
1.903314892E1,7.250213623E-1,-5.352737427E0,8.613586426E-2
1.903552929E1,4.378814697E-1,-5.388641357E0,2.297058105E-1
1.903794018E1,2.416687012E-1,-5.479568481E0,4.235229492E-1
1.904035107E1,1.220397949E-1,-5.532211304E0,6.101684570E-1
1.904276196E1,3.111267090E-2,-5.584854126E0,6.986999512E-1
1.904514233E1,6.939697266E-2,-5.704483032E0,8.542327881E-1
1.904755322E1,1.842498779E-1,-5.754745483E0,9.499511719E-1
1.904996411E1,3.158569336E-1,-5.831314087E0,1.081558228E0
1.905237500E1,3.756713867E-1,-5.936599731E0,1.158126831E0
1.905475537E1,3.948211670E-1,-6.022735596E0,1.344772339E0
1.905716626E1,4.331054688E-1,-6.058624268E0,1.476364136E0
1.905957715E1,4.211425781E-1,-6.123229980E0,1.658233643E0
1.906198803E1,3.254241943E-1,-6.104095459E0,1.890335083E0
1.906439892E1,1.100769043E-1,-6.154342651E0,2.263610840E0
1.906677929E1,-9.571838379E-2,-6.199798584E0,2.663208008E0
1.906919018E1,-3.349914551E-1,-6.242874146E0,3.103485107E0
1.907160107E1,-5.288085938E-1,-6.300308228E0,3.493515015E0
1.907401196E1,-7.824554443E-1,-6.340972900E0,3.862014771E0
1.907639233E1,-1.050445557E0,-6.369689941E0,4.311859131E0
1.907880322E1,-1.385437012E0,-6.379272461E0,4.709075928E0
1.908121411E1,-1.734802246E0,-6.379272461E0,5.005783081E0
1.908362500E1,-1.986038208E0,-6.381652832E0,5.257034302E0
1.908600537E1,-2.256439209E0,-6.379272461E0,5.536987305E0
1.908841626E1,-2.447860718E0,-6.384048462E0,5.761917114E0
1.909082715E1,-2.579467773E0,-6.372085571E0,5.883956909E0
1.909323803E1,-2.694320679E0,-6.372085571E0,6.005981445E0
1.909564892E1,-2.797210693E0,-6.314666748E0,5.938980103E0
1.909802929E1,-2.947952271E0,-6.297912598E0,5.917449951E0
1.910044018E1,-2.967102051E0,-6.262023926E0,5.761917114E0
1.910285107E1,-3.050842285E0,-6.197418213E0,5.611175537E0
1.910526196E1,-3.089126587E0,-6.111267090E0,5.422134399E0
1.910764233E1,-3.091522217E0,-6.005981445E0,5.247467041E0
1.911005322E1,-3.122634888E0,-5.958129883E0,5.034500122E0
1.911246411E1,-3.127426147E0,-5.869598389E0,4.890930176E0
1.911487500E1,-3.129806519E0,-5.740386963E0,4.677963257E0
1.911725537E1,-3.101104736E0,-5.651840210E0,4.496109009E0
1.911966626E1,-3.084350586E0,-5.536987305E0,4.244873047E0
1.912207715E1,-3.034103394E0,-5.429321289E0,4.017547607E0
1.912448803E1,-2.935989380E0,-5.331207275E0,3.754333496E0
1.912686840E1,-2.847457886E0,-5.240280151E0,3.483947754E0
1.912927929E1,-2.689529419E0,-5.192428589E0,3.215957642E0
1.913169018E1,-2.510070801E0,-5.101501465E0,2.971893311E0
1.913410107E1,-2.297103882E0,-5.079956055E0,2.708679199E0
1.913651196E1,-2.088928223E0,-5.044067383E0,2.397613525E0
1.913889233E1,-1.835296631E0,-5.032104492E0,2.196609497E0
1.914130322E1,-1.557723999E0,-5.012969971E0,1.914260864E0
1.914371411E1,-1.304092407E0,-5.001007080E0,1.689331055E0
1.914612500E1,-9.978027344E-1,-5.010574341E0,1.478759766E0
1.914850537E1,-7.776641846E-1,-5.022537231E0,1.308868408E0
1.915091626E1,-5.335998535E-1,-5.053634644E0,1.198806763E0
1.915332715E1,-3.182525635E-1,-5.123031616E0,1.155731201E0
1.915573803E1,-1.387786865E-1,-5.197204590E0,1.186843872E0
1.915811840E1,6.700134277E-2,-5.309677124E0,1.294509888E0
1.916052929E1,2.584228516E-1,-5.398208618E0,1.564910889E0
1.916294018E1,4.091796875E-1,-5.505889893E0,1.840087891E0
1.916535107E1,5.575256348E-1,-5.649459839E0,2.120040894E0
1.916776196E1,7.298126221E-1,-5.778671265E0,2.414352417E0
1.917014233E1,8.733825684E-1,-5.891128540E0,2.723037720E0
1.917255322E1,1.060012817E0,-6.034698486E0,3.000595093E0
1.917496411E1,1.268188477E0,-6.183059692E0,3.249450684E0
1.917737500E1,1.438079834E0,-6.357727051E0,3.572479248E0
1.917975537E1,1.677368164E0,-6.530014038E0,3.909866333E0
1.918216626E1,1.954940796E0,-6.707077026E0,4.280761719E0
1.918457715E1,2.282745361E0,-6.891326904E0,4.718643188E0
1.918698803E1,2.627319336E0,-7.097106934E0,5.245071411E0
1.918936840E1,3.081954956E0,-7.298110962E0,5.857635498E0
1.919177929E1,3.579666138E0,-7.527816772E0,6.530014038E0
1.919419018E1,4.118041992E0,-7.714462280E0,7.264602661E0
1.919660107E1,4.701904297E0,-7.920242310E0,7.994415283E0
1.919901196E1,5.278564453E0,-8.078170776E0,8.654846191E0
1.920139233E1,5.845672607E0,-8.212173462E0,9.358322144E0
1.920380322E1,6.551544189E0,-8.374877930E0,1.001396179E1
1.920621411E1,7.228713989E0,-8.439483643E0,1.059063721E1
1.920862500E1,7.898712158E0,-8.456237793E0,1.110269165E1
1.921100537E1,8.504089355E0,-8.496917725E0,1.148075867E1
1.921341626E1,9.078369141E0,-8.472991943E0,1.176072693E1
1.921582715E1,9.604797363E0,-8.583053589E0,1.182533264E1
1.921823803E1,1.004028320E1,-8.729019165E0,1.169851685E1
1.922064892E1,1.048056030E1,-8.915664673E0,1.139941406E1
1.922305981E1,1.093280029E1,-9.099899292E0,1.095674133E1
1.922547070E1,1.143290710E1,-9.296112061E0,1.050210571E1
1.922788159E1,1.197846985E1,-9.540191650E0,9.978073120E0
1.923029248E1,1.252163696E1,-9.800994873E0,9.432510376E0
1.923267285E1,1.306719971E1,-1.005943298E1,8.836700439E0
1.923508374E1,1.359362793E1,-1.036331177E1,8.262420654E0
1.923749463E1,1.411766052E1,-1.064805603E1,7.685745239E0
1.923990551E1,1.463928223E1,-1.093041992E1,7.209579468E0
1.924228588E1,1.510350037E1,-1.112901306E1,6.824325562E0
1.924469677E1,1.539541626E1,-1.124388123E1,6.652053833E0
1.924710766E1,1.557249451E1,-1.122233582E1,6.608978271E0
1.924951855E1,1.548156738E1,-1.114097595E1,6.731002808E0
1.925189892E1,1.512742615E1,-1.095434570E1,6.948760986E0
1.925430981E1,1.455554199E1,-1.066241455E1,7.204788208E0
1.925672070E1,1.382572937E1,-1.038006592E1,7.537399292E0
1.925913159E1,1.298106384E1,-1.011685181E1,7.913070679E0
1.926151196E1,1.205264282E1,-9.858428955E0,8.245666504E0
1.926392285E1,1.114576721E1,-9.659820557E0,8.513656616E0
1.926633374E1,1.027238464E1,-9.494720459E0,8.717056274E0
1.926874463E1,9.442077637E0,-9.336791992E0,8.858230591E0
1.927115551E1,8.578262329E0,-9.217147827E0,8.920440674E0
1.927353588E1,7.757537842E0,-9.085556030E0,8.839080811E0
1.927594677E1,7.001403809E0,-8.982650757E0,8.683547974E0
1.927835766E1,6.285949707E0,-8.884552002E0,8.482559204E0
1.928076855E1,5.630310059E0,-8.736190796E0,8.173889160E0
1.928314892E1,5.017745972E0,-8.614166260E0,7.846069336E0
1.928555981E1,4.443466187E0,-8.523239136E0,7.427322388E0
1.928797070E1,3.878768921E0,-8.417953491E0,6.927215576E0
1.929038159E1,3.354736328E0,-8.358123779E0,6.283554077E0
1.929276196E1,2.861816406E0,-8.303100586E0,5.572891235E0
1.929517285E1,2.392822266E0,-8.312667847E0,4.797607422E0
1.929758374E1,1.947753906E0,-8.401199341E0,4.000793457E0
1.929999463E1,1.569686890E0,-8.542373657E0,3.182449341E0
1.930240551E1,1.241882324E0,-8.688339233E0,2.371292114E0
1.930478588E1,9.762725830E-1,-8.846267700E0,1.670196533E0
1.930719677E1,7.657012939E-1,-9.032897949E0,9.834442139E-1
1.930960766E1,6.006011963E-1,-9.202789307E0,4.235229492E-1
1.931201855E1,5.503540039E-1,-9.406188965E0,-4.785156250E-2
1.931439892E1,5.144500732E-1,-9.597610474E0,-4.019927979E-1
1.931680981E1,5.024871826E-1,-9.772293091E0,-5.670928955E-1
1.931922070E1,5.048828125E-1,-9.946960449E0,-5.575256348E-1
1.932163159E1,6.197357178E-1,-1.007377625E1,-2.225341797E-1
1.932401196E1,6.986999512E-1,-1.016949463E1,3.349914551E-1
1.932642285E1,8.638153076E-1,-1.029393005E1,1.205978394E0
1.932883374E1,1.048049927E0,-1.044227600E1,2.294723511E0
1.933124463E1,1.323226929E0,-1.055235291E1,3.689727783E0
1.933365551E1,1.708480835E0,-1.079881287E1,5.247467041E0
1.933603588E1,2.201400757E0,-1.101176453E1,6.807586670E0
1.933844677E1,2.739776611E0,-1.116252136E1,8.511276245E0
1.934085766E1,3.278167725E0,-1.135633850E1,9.951751709E0
1.934326855E1,3.871582031E0,-1.151666260E1,1.121516418E1
1.934564892E1,4.350158691E0,-1.176550293E1,1.192343140E1
1.934805981E1,4.790435791E0,-1.234457397E1,1.207896423E1
1.935047070E1,5.012969971E0,-1.303610229E1,1.163151550E1
1.935288159E1,5.273788452E0,-1.370130920E1,1.097827148E1
1.935526196E1,5.527420044E0,-1.434976196E1,1.017189026E1
1.935767285E1,5.647064209E0,-1.485704041E1,9.138183594E0
1.936008374E1,5.682952881E0,-1.524467468E1,7.831710815E0
1.936249463E1,5.450851440E0,-1.528056335E1,6.348159790E0
1.936490551E1,4.730606079E0,-1.492881775E1,4.591827393E0
1.936728588E1,3.823730469E0,-1.398126221E1,2.959915161E0
1.936969677E1,2.861816406E0,-1.257667542E1,1.354339600E0
1.937210766E1,2.062606812E0,-1.100698853E1,3.828430176E-2
1.937451855E1,1.251449585E0,-9.635894775E0,-1.002593994E0
1.937689892E1,4.977111816E-1,-8.578262329E0,-1.710861206E0
1.937930981E1,-3.684997559E-1,-7.869995117E0,-2.170288086E0
1.938172070E1,-1.239486694E0,-7.393829346E0,-2.435897827E0
1.938413159E1,-2.038681030E0,-7.164108276E0,-2.596206665E0
1.938651196E1,-2.660812378E0,-7.101898193E0,-2.586639404E0
1.938892285E1,-3.141769409E0,-7.221542358E0,-2.584243774E0
1.939133374E1,-3.493515015E0,-7.350753784E0,-2.440673828E0
1.939374463E1,-3.730407715E0,-7.590026855E0,-2.129608154E0
1.939612500E1,-3.795013428E0,-7.884353638E0,-1.753936768E0
1.939853588E1,-3.658630371E0,-8.236099243E0,-1.287338257E0
1.940094677E1,-3.471984863E0,-8.606979370E0,-9.355926514E-1
1.940335766E1,-3.168090820E0,-9.025726318E0,-5.838470459E-1
1.940573803E1,-2.813964844E0,-9.444473267E0,-3.995971680E-1
1.940814892E1,-2.672790527E0,-9.875183105E0,-4.115600586E-1
1.941055981E1,-2.426315308E0,-1.015036011E1,-5.024871826E-1
1.941297070E1,-2.244461060E0,-1.040638733E1,-3.684997559E-1
1.941538159E1,-2.500503540E0,-1.063131714E1,-3.230285645E-1
1.941776196E1,-2.684753418E0,-1.083709717E1,-1.124572754E-1
1.942017285E1,-2.593826294E0,-1.091845703E1,2.249298096E-1
1.942258374E1,-2.361709595E0,-1.092323303E1,6.484527588E-1
1.942499463E1,-2.079360962E0,-1.088734436E1,1.038482666E0
1.942737500E1,-1.708480835E0,-1.075094604E1,1.229904175E0
1.942978588E1,-1.718048096E0,-1.061695862E1,1.490722656E0
1.943219677E1,-1.837692261E0,-1.048295593E1,1.545761108E0
1.943460766E1,-1.713256836E0,-1.032502747E1,1.665405273E0
1.943698803E1,-1.732406616E0,-1.017668152E1,1.730010986E0
1.943939892E1,-1.811370850E0,-1.009292603E1,1.840087891E0
1.944180981E1,-1.801788330E0,-1.003071594E1,1.921432495E0
1.944422070E1,-1.586441040E0,-9.956542969E0,2.129608154E0
1.944663159E1,-1.143768311E0,-9.930221558E0,2.414352417E0
1.944901196E1,-4.019927979E-1,-9.867996216E0,2.694320679E0
1.945142285E1,1.507415771E-1,-9.829711914E0,2.983856201E0
1.945383374E1,2.416687012E-1,-9.848861694E0,3.165710449E0
1.945624463E1,4.091796875E-1,-9.949356079E0,3.438491821E0
1.945865551E1,6.604156494E-1,-9.930221558E0,3.625122070E0
1.946103588E1,9.212341309E-1,-9.915863037E0,3.728012085E0
1.946344677E1,1.258621216E0,-9.853637695E0,3.771087646E0
1.946585766E1,1.438079834E0,-9.812973022E0,3.842880249E0
1.946826855E1,1.804183960E0,-9.796218872E0,3.756729126E0
1.947064892E1,2.246856689E0,-9.757934570E0,3.627517700E0
1.947305981E1,2.816345215E0,-9.597610474E0,3.474380493E0
1.947547070E1,3.129806519E0,-9.489929199E0,3.227920532E0
1.947788159E1,3.371490479E0,-9.384643555E0,3.010177612E0
1.948026196E1,3.304489136E0,-9.315261841E0,2.969497681E0
1.948267285E1,2.952743530E0,-9.265014648E0,2.950347900E0
1.948508374E1,2.574676514E0,-9.212371826E0,2.928817749E0
1.948749463E1,1.734802246E0,-9.312866211E0,2.926422119E0
1.948987500E1,1.332809448E0,-9.492324829E0,2.866607666E0
1.949228588E1,1.373474121E0,-9.765106201E0,2.888137817E0
1.949469677E1,1.706085205E0,-9.997207642E0,3.007781982E0
1.949710766E1,2.263610840E0,-1.002114868E1,3.024520874E0
1.949951855E1,2.498107910E0,-1.007856750E1,2.871383667E0
1.950189892E1,3.270996094E0,-1.007377625E1,3.345169067E0
1.950430981E1,3.483947754E0,-1.002592468E1,3.802200317E0
1.950672070E1,3.555740356E0,-1.005224609E1,4.168304443E0
1.950913159E1,3.555740356E0,-1.013121033E1,4.208969116E0
1.951154248E1,3.282958984E0,-1.005943298E1,4.094116211E0
1.951395337E1,2.488540649E0,-1.003311157E1,4.371688843E0
1.951636426E1,2.024322510E0,-1.013600159E1,4.591827393E0
1.951877514E1,1.854431152E0,-1.024845886E1,4.694717407E0
1.952115551E1,1.849655151E0,-1.033459473E1,4.709075928E0
1.952356640E1,1.974075317E0,-1.041835022E1,4.570297241E0
1.952597729E1,2.196609497E0,-1.044467163E1,4.405181885E0
1.952838818E1,2.667999268E0,-1.041835022E1,4.268798828E0
1.953079907E1,3.400207520E0,-1.029153442E1,4.137191772E0
1.953317944E1,4.345367432E0,-1.022692871E1,4.103683472E0
1.953559033E1,4.287933350E0,-1.005224609E1,4.259231567E0
1.953800122E1,3.333206177E0,-9.906280518E0,4.197006226E0
1.954041211E1,2.859420776E0,-9.722045898E0,4.058227539E0
1.954279248E1,2.493316650E0,-9.604797363E0,3.718444824E0
1.954520337E1,1.215560913E0,-9.521041870E0,3.610763550E0
1.954761426E1,1.459655762E-1,-9.533004761E0,3.711273193E0
1.955002514E1,-5.240325928E-1,-9.647857666E0,3.177673340E0
1.955240551E1,-1.083953857E0,-9.815353394E0,2.512466431E0
1.955481640E1,-1.864013672E0,-1.003549194E1,2.328216553E0
1.955722729E1,-3.065200806E0,-1.030827332E1,2.376068115E0
1.955963818E1,-4.101303101E0,-1.051406860E1,2.043472290E0
1.956201855E1,-4.577468872E0,-1.076530457E1,1.873580933E0
1.956442944E1,-4.914855957E0,-1.096870422E1,1.674972534E0
1.956684033E1,-5.099105835E0,-1.115055847E1,1.478759766E0
1.956925122E1,-5.115859985E0,-1.123908997E1,1.366302490E0
1.957166211E1,-5.044067383E0,-1.137069702E1,1.363906860E0
1.957404248E1,-4.862213135E0,-1.149034119E1,1.493118286E0
1.957645337E1,-4.503295898E0,-1.154058838E1,1.617553711E0
1.957886426E1,-4.362121582E0,-1.174876404E1,1.359130859E0
1.958127514E1,-4.199401855E0,-1.191146851E1,1.091125488E0
1.958365551E1,-3.613159180E0,-1.202154541E1,9.834442139E-1
1.958606640E1,-2.993423462E0,-1.201435852E1,1.040878296E0
1.958847729E1,-2.538787842E0,-1.186601257E1,1.215560913E0
1.959088818E1,-2.060226440E0,-1.164587402E1,1.418945312E0
1.959329907E1,-1.543365479E0,-1.136590576E1,1.634292603E0
1.959567944E1,-1.225128174E0,-1.109312439E1,1.828109741E0
1.959809033E1,-9.834442139E-1,-1.077966309E1,2.151153564E0
1.960050122E1,-7.561340332E-1,-1.043988037E1,2.526824951E0
1.960291211E1,-5.192413330E-1,-1.007139587E1,2.835494995E0
1.960529248E1,-3.206329346E-1,-9.736389160E0,3.199203491E0
1.960770337E1,-1.842498779E-1,-9.298507690E0,3.555740356E0
1.961011426E1,-8.613586426E-2,-8.853439331E0,3.850051880E0
1.961252514E1,-9.567260742E-3,-8.382064819E0,4.070190430E0
1.961490551E1,4.067993164E-2,-7.934600830E0,4.220932007E0
1.961731640E1,1.148529053E-1,-7.549362183E0,4.388442993E0
1.961972729E1,1.100769043E-1,-7.154541016E0,4.493728638E0
1.962213818E1,1.196441650E-1,-6.862609863E0,4.508071899E0
1.962451855E1,1.579284668E-1,-6.522827148E0,4.493728638E0
1.962692944E1,1.746826172E-1,-6.300308228E0,4.453048706E0
1.962934033E1,1.579284668E-1,-6.233306885E0,4.309478760E0
1.963175122E1,2.751770020E-1,-6.020339966E0,4.244873047E0
1.963416211E1,3.876342773E-1,-5.893524170E0,4.096511841E0
1.963654248E1,4.977111816E-1,-5.891128540E0,3.857223511E0
1.963895337E1,7.872314453E-1,-5.802597046E0,3.570098877E0
1.964136426E1,9.834442139E-1,-5.795410156E0,3.251846313E0
1.964377514E1,1.167694092E0,-5.941375732E0,2.945571899E0
1.964615551E1,1.433303833E0,-5.929412842E0,2.660812378E0
1.964856640E1,1.610366821E0,-5.982055664E0,2.431106567E0
1.965097729E1,1.715652466E0,-6.130416870E0,2.179855347E0
1.965338818E1,1.773086548E0,-6.319442749E0,1.919036865E0
1.965576855E1,1.885543823E0,-6.467803955E0,1.663009644E0
1.965817944E1,2.038681030E0,-6.654434204E0,1.387832642E0
1.966059033E1,2.155929565E0,-6.891326904E0,1.196411133E0
1.966300122E1,2.318649292E0,-7.137786865E0,1.000198364E0
1.966541211E1,2.500503540E0,-7.353149414E0,8.135528564E-1
1.966779248E1,2.665603638E0,-7.621139526E0,6.101684570E-1
1.967020337E1,2.773284912E0,-7.936996460E0,4.163513184E-1
1.967261426E1,2.880966187E0,-8.228912354E0,2.584228516E-1
1.967502514E1,2.945571899E0,-8.499313354E0,1.172485352E-1
1.967740551E1,3.089126587E0,-8.762512207E0,-1.914978027E-2
1.967981640E1,3.144165039E0,-8.953948975E0,-9.571838379E-2
1.968222729E1,3.314056396E0,-9.135803223E0,-1.244201660E-1
1.968463818E1,3.352340698E0,-9.329620361E0,-1.292114258E-1
1.968701855E1,3.503097534E0,-9.499511719E0,-1.794586182E-1
1.968942944E1,3.603591919E0,-9.530609131E0,-1.028900146E-1
1.969184033E1,3.668197632E0,-9.631118774E0,1.196289062E-2
1.969425122E1,3.603591919E0,-9.652648926E0,1.722869873E-1
1.969666211E1,3.469589233E0,-9.753143311E0,3.038940430E-1
1.969904248E1,3.479156494E0,-9.844070435E0,3.637084961E-1
1.970145337E1,3.409774780E0,-9.755538940E0,5.575256348E-1
1.970386426E1,3.326019287E0,-9.647857666E0,7.776641846E-1
1.970627514E1,3.340377808E0,-9.485153198E0,1.083953857E0
1.970865551E1,3.335601807E0,-9.233901978E0,1.371093750E0
1.971106640E1,3.333206177E0,-9.061614990E0,1.603195190E0
1.971347729E1,3.270996094E0,-8.963516235E0,1.866409302E0
1.971588818E1,3.287734985E0,-8.858230591E0,2.069793701E0
1.971826855E1,3.041275024E0,-8.697906494E0,2.361709595E0
1.972067944E1,2.766098022E0,-8.537597656E0,2.627319336E0
1.972309033E1,2.596206665E0,-8.405990601E0,2.708679199E0
1.972550122E1,2.514862061E0,-8.271987915E0,2.797210693E0
1.972791211E1,2.206176758E0,-8.073379517E0,3.065200806E0
1.973029248E1,1.847259521E0,-7.855636597E0,3.268600464E0
1.973270337E1,1.820938110E0,-7.807785034E0,3.385848999E0
1.973511426E1,1.835296631E0,-7.771881104E0,3.462417603E0
1.973752514E1,1.703689575E0,-7.731216431E0,3.527023315E0
1.973990551E1,1.337585449E0,-7.673782349E0,3.811767578E0
1.974231640E1,1.050445557E0,-7.688140869E0,4.017547607E0
1.974472729E1,8.925170898E-1,-7.767105103E0,4.146759033E0
1.974713818E1,7.346038818E-1,-7.889129639E0,4.311859131E0
1.974951855E1,6.556396484E-1,-8.068603516E0,4.455429077E0
1.975192944E1,4.713897705E-1,-8.221740723E0,4.709075928E0
1.975434033E1,3.086700439E-1,-8.408386230E0,4.934005737E0
1.975675122E1,6.700134277E-2,-8.595016479E0,5.235488892E0
1.975916211E1,-2.129669189E-1,-8.724227905E0,5.565704346E0
1.976154248E1,-5.168457031E-1,-8.824737549E0,5.917449951E0
1.976395337E1,-4.211425781E-1,-9.018554688E0,6.214157104E0
1.976636426E1,-3.110656738E-1,-9.186050415E0,6.534805298E0
1.976877514E1,-2.584228516E-1,-9.312866211E0,6.829116821E0
1.977115551E1,-2.847442627E-1,-9.415756226E0,7.147354126E0
1.977356640E1,-3.637084961E-1,-9.439682007E0,7.513458252E0
1.977597729E1,-3.804626465E-1,-9.401397705E0,7.841278076E0
1.977838818E1,-2.967071533E-1,-9.387039185E0,8.049453735E0
1.978076855E1,-3.541412354E-1,-9.241088867E0,8.255233765E0
1.978317944E1,-4.259185791E-1,-9.023330688E0,8.453842163E0
1.978559033E1,-3.038940430E-1,-8.817550659E0,8.441879272E0
1.978800122E1,-2.225341797E-1,-8.587844849E0,8.492126465E0
1.979038159E1,-2.967071533E-1,-8.298309326E0,8.494522095E0
1.979279248E1,-1.148529053E-1,-8.094924927E0,8.396408081E0
1.979520337E1,3.349304199E-2,-7.824523926E0,8.300704956E0
1.979761426E1,-2.395629883E-3,-7.523040771E0,8.173889160E0
1.980002514E1,-2.153015137E-2,-7.247863770E0,8.008773804E0
1.980243603E1,-3.111267090E-2,-7.015762329E0,7.893920898E0
1.980484692E1,-8.613586426E-2,-6.812362671E0,7.680953979E0
1.980725781E1,-1.340026855E-1,-6.625732422E0,7.453643799E0
1.980966870E1,-1.244201660E-1,-6.484542847E0,7.226318359E0
1.981204907E1,-1.555328369E-1,-6.453445435E0,6.965499878E0
1.981445996E1,-1.818542480E-1,-6.326629639E0,6.908081055E0
1.981687085E1,-1.411743164E-1,-6.271591187E0,6.778869629E0
1.981928174E1,-2.632141113E-2,-6.405578613E0,6.762115479E0
1.982166211E1,2.321014404E-1,-6.711868286E0,6.783645630E0
1.982407300E1,4.665985107E-1,-7.113861084E0,7.135391235E0
1.982648388E1,8.207397461E-1,-7.637893677E0,7.422531128E0
1.982889477E1,1.136596680E0,-8.216949463E0,7.831710815E0
1.983130566E1,1.445266724E0,-8.815155029E0,8.382064819E0
1.983368603E1,1.598403931E0,-9.324829102E0,8.953948975E0
1.983609692E1,1.890335083E0,-9.736389160E0,9.377471924E0
1.983850781E1,1.928619385E0,-9.973281860E0,9.750747681E0
1.984091870E1,1.789825439E0,-1.005943298E1,9.858428955E0
1.984329907E1,1.682159424E0,-1.015992737E1,9.803390503E0
1.984570996E1,1.765899658E0,-1.038485718E1,9.695724487E0
1.984812085E1,1.911865234E0,-1.059303284E1,9.710067749E0
1.985053174E1,2.100891113E0,-1.074856567E1,9.745971680E0
1.985291211E1,2.318649292E0,-1.089213562E1,9.707687378E0
1.985532300E1,2.526824951E0,-1.096870422E1,9.365509033E0
1.985773388E1,2.445465088E0,-1.098306274E1,9.023330688E0
1.986014477E1,2.301895142E0,-1.094238281E1,8.640487671E0
1.986255566E1,2.268402100E0,-1.091845703E1,8.178665161E0
1.986493603E1,2.349746704E0,-1.082034302E1,7.764709473E0
1.986734692E1,2.545959473E0,-1.071745300E1,7.362716675E0
1.986975781E1,2.873779297E0,-1.058345032E1,7.015762329E0
1.987216870E1,3.227920532E0,-1.044706726E1,6.652053833E0
1.987454907E1,3.560516357E0,-1.031306458E1,6.257232666E0
1.987695996E1,3.728012085E0,-1.011924744E1,5.862411499E0
1.987937085E1,3.881164551E0,-9.923034668E0,5.448455811E0
1.988178174E1,3.988830566E0,-9.757934570E0,5.029708862E0
1.988416211E1,4.082153320E0,-9.530609131E0,4.680358887E0
1.988657300E1,4.137191772E0,-9.367904663E0,4.476974487E0
1.988898388E1,4.156326294E0,-9.205184937E0,4.424331665E0
1.989139477E1,4.134796143E0,-9.008972168E0,4.400405884E0
1.989380566E1,4.017547607E0,-8.819946289E0,4.304687500E0
1.989618603E1,3.902694702E0,-8.587844849E0,4.192230225E0
1.989859692E1,3.725631714E0,-8.331802368E0,4.046264648E0
1.990100781E1,3.613159180E0,-8.013565063E0,3.797409058E0
1.990341870E1,3.570098877E0,-7.724029541E0,3.383453369E0
1.990579907E1,3.529418945E0,-7.460815430E0,3.038879395E0
1.990820996E1,3.594024658E0,-7.300506592E0,2.761322021E0
1.991062085E1,3.761520386E0,-7.269393921E0,2.562713623E0
1.991303174E1,3.950546265E0,-7.338790894E0,2.378463745E0
1.991541211E1,4.122833252E0,-7.568496704E0,2.251647949E0
1.991782300E1,4.292724609E0,-7.865203857E0,2.170288086E0
1.992023388E1,4.383651733E0,-8.264816284E0,1.993225098E0
1.992264477E1,4.469787598E0,-8.693130493E0,1.856826782E0
1.992502514E1,4.546356201E0,-9.171691895E0,1.629516602E0
1.992743603E1,4.778472900E0,-9.743576050E0,1.421340942E0
1.992984692E1,4.962707520E0,-1.038485718E1,1.162918091E0
1.993225781E1,5.039291382E0,-1.102851868E1,7.680969238E-1
1.993466870E1,4.974685669E0,-1.174636841E1,2.321014404E-1
1.993704907E1,4.747360229E0,-1.258384705E1,-2.751770020E-1
1.993945996E1,4.486541748E0,-1.347877502E1,-6.723785400E-1
1.994187085E1,4.299896240E0,-1.452204895E1,-9.092712402E-1
1.994428174E1,4.280761719E0,-1.564666748E1,-1.129409790E0
1.994666211E1,4.048660278E0,-1.679760742E1,-1.263412476E0
1.994907300E1,3.883544922E0,-1.803231812E1,-1.076766968E0
1.995148388E1,4.046264648E0,-1.941535950E1,-7.106628418E-1
1.995389477E1,3.962509155E0,-2.077688599E1,-2.847442627E-1
1.995627514E1,3.672988892E0,-2.220779419E1,1.579284668E-1
1.995868603E1,3.421737671E0,-2.351905823E1,7.896270752E-1
1.996109692E1,3.089126587E0,-2.468196106E1,1.495513916E0
1.996350781E1,2.804382324E0,-2.583769226E1,2.177474976E0
1.996591870E1,2.419143677E0,-2.673739624E1,2.474182129E0
1.996829907E1,2.218139648E0,-2.743371582E1,2.696716309E0
1.997070996E1,1.828109741E0,-2.792184448E1,2.998199463E0
1.997312085E1,1.397415161E0,-2.820181274E1,3.326019287E0
1.997553174E1,1.239486694E0,-2.829751587E1,3.574874878E0
1.997791211E1,1.500305176E0,-2.819702148E1,3.582061768E0
1.998032300E1,1.832901001E0,-2.779502869E1,3.294921875E0
1.998273388E1,2.313858032E0,-2.713461304E1,2.811569214E0
1.998514477E1,2.971893311E0,-2.614398193E1,2.321044922E0
1.998752514E1,3.663406372E0,-2.500978088E1,1.744369507E0
1.998993603E1,4.218551636E0,-2.376551819E1,1.184448242E0
1.999234692E1,4.211364746E0,-2.243989563E1,6.388854980E-1
1.999475781E1,4.005584717E0,-2.109033203E1,3.780670166E-1
1.999716870E1,3.438491821E0,-1.970968628E1,3.756713867E-1
1.999954907E1,2.823532104E0,-1.829551697E1,5.718841553E-1
2.000195996E1,2.397613525E0,-1.693400574E1,8.638153076E-1
2.000437085E1,2.177474976E0,-1.574716187E1,1.088729858E0
2.000678174E1,2.208572388E0,-1.473260498E1,1.179656982E0
2.000916211E1,2.416748047E0,-1.389033508E1,1.232299805E0
2.001157300E1,2.395217896E0,-1.306481934E1,1.270584106E0
2.001398388E1,2.344970703E0,-1.241157532E1,1.244262695E0
2.001639477E1,2.232498169E0,-1.187078857E1,1.186843872E0
2.001877514E1,2.225326538E0,-1.145205688E1,1.079162598E0
2.002118603E1,2.313858032E0,-1.116252136E1,7.944183350E-1
2.002359692E1,2.667999268E0,-1.086102295E1,3.876342773E-1
2.002600781E1,2.687133789E0,-1.045663452E1,2.584228516E-1
2.002841870E1,2.689529419E0,-1.017189026E1,1.483612061E-1
2.003079907E1,2.687133789E0,-9.985244751E0,-1.124572754E-1
2.003320996E1,2.885742188E0,-9.822540283E0,-5.001068115E-1
2.003562085E1,3.074783325E0,-9.676574707E0,-9.092712402E-1
2.003803174E1,3.187240601E0,-9.509078979E0,-1.392623901E0
2.004041211E1,3.347564697E0,-9.308074951E0,-1.916656494E0
2.004282300E1,3.457626343E0,-9.092727661E0,-2.500503540E0
2.004523388E1,3.567703247E0,-8.839080811E0,-3.127426147E0
2.004764477E1,3.543777466E0,-8.516052246E0,-3.730407715E0
2.005002514E1,3.376266479E0,-8.135604858E0,-4.268798828E0
2.005243603E1,3.105880737E0,-7.762313843E0,-4.730606079E0
2.005484692E1,2.794815063E0,-7.386642456E0,-4.981857300E0
2.005725781E1,2.586639404E0,-7.080368042E0,-5.106277466E0
2.005966870E1,2.512466431E0,-6.881759644E0,-5.060821533E0
2.006204907E1,2.555541992E0,-6.695114136E0,-4.852645874E0
2.006445996E1,2.507675171E0,-6.534805298E0,-4.613357544E0
2.006687085E1,2.517242432E0,-6.352951050E0,-4.230514526E0
2.006928174E1,2.502899170E0,-6.235702515E0,-3.696914673E0
2.007166211E1,2.581863403E0,-6.149551392E0,-3.103485107E0
2.007407300E1,2.816345215E0,-6.061019897E0,-2.533996582E0
2.007648388E1,3.053237915E0,-6.051452637E0,-2.005187988E0
2.007889477E1,3.165710449E0,-6.068191528E0,-1.481155396E0
2.008130566E1,3.160919189E0,-6.072982788E0,-9.690856934E-1
2.008371655E1,3.053237915E0,-6.087341309E0,-5.359954834E-1
2.008612744E1,2.830703735E0,-6.087341309E0,-1.268157959E-1
2.008853833E1,2.541183472E0,-6.049057007E0,1.603240967E-1
2.009091870E1,2.191818237E0,-6.022735596E0,3.517456055E-1
2.009332959E1,1.971679688E0,-5.924636841E0,3.828582764E-1
2.009574048E1,1.849655151E0,-5.874374390E0,3.684997559E-1
2.009815136E1,1.624725342E0,-5.864807129E0,4.307098389E-1
2.010056225E1,1.471588135E0,-5.869598389E0,5.216369629E-1
2.010294262E1,1.229904175E0,-5.857635498E0,5.766754150E-1
2.010535351E1,9.690856934E-1,-5.881561279E0,6.508483887E-1
2.010776440E1,6.867370605E-1,-5.888732910E0,7.824554443E-1
2.011017529E1,4.163513184E-1,-5.927017212E0,9.355926514E-1
2.011255566E1,1.363983154E-1,-5.938980103E0,1.048049927E0
2.011496655E1,-5.503845215E-2,-6.027526855E0,1.198806763E0
2.011737744E1,-3.110656738E-1,-6.149551392E0,1.323226929E0
2.011978833E1,-5.048828125E-1,-6.202194214E0,1.395019531E0
2.012219922E1,-3.134613037E-1,-6.290725708E0,1.538589478E0
2.012457959E1,7.417297363E-2,-6.348159790E0,1.617553711E0
2.012699048E1,1.986083984E-1,-6.446258545E0,1.734802246E0
2.012940136E1,2.536315918E-1,-6.553939819E0,1.871185303E0
2.013181225E1,3.182525635E-1,-6.664016724E0,2.045867920E0
2.013419262E1,2.440643311E-1,-6.747756958E0,2.222930908E0
2.013660351E1,5.503845215E-2,-6.781265259E0,2.428710938E0
2.013901440E1,-1.794586182E-1,-6.781265259E0,2.679962158E0
2.014142529E1,-3.254241943E-1,-6.790832520E0,2.959915161E0
2.014380566E1,-3.421783447E-1,-6.814758301E0,3.215957642E0
2.014621655E1,-3.278198242E-1,-6.798004150E0,3.488739014E0
2.014862744E1,-3.349914551E-1,-6.809967041E0,3.761520386E0
2.015103833E1,-7.465667725E-1,-6.798004150E0,4.051055908E0
2.015341870E1,-1.081558228E0,-6.678375244E0,4.285552979E0
2.015582959E1,-1.105484009E0,-6.601791382E0,4.500900269E0
2.015824048E1,-5.001068115E-1,-6.525222778E0,4.955535889E0
2.016065136E1,9.092712402E-2,-6.635299683E0,5.460418701E0
2.016306225E1,8.853149414E-2,-6.793228149E0,5.056030273E0
2.016544262E1,-1.746826172E-1,-6.807586670E0,4.838287354E0
2.016785351E1,-4.929199219E-1,-6.704696655E0,4.924423218E0
2.017026440E1,-8.805541992E-1,-6.611373901E0,4.907684326E0
2.017267529E1,-1.280166626E0,-6.537185669E0,4.934005737E0
2.017505566E1,-1.569686890E0,-6.477371216E0,5.003387451E0
2.017746655E1,-1.797012329E0,-6.391235352E0,4.962707520E0
2.017987744E1,-1.962112427E0,-6.324234009E0,4.895721436E0
2.018228833E1,-2.072189331E0,-6.300308228E0,4.764114380E0
2.018466870E1,-2.139190674E0,-6.242874146E0,4.656433105E0
2.018707959E1,-2.218139648E0,-6.185440063E0,4.421936035E0
2.018949048E1,-2.292327881E0,-6.118453979E0,4.218551636E0
2.019190136E1,-2.404785156E0,-6.032302856E0,4.024734497E0
2.019431225E1,-2.488540649E0,-5.948562622E0,3.809371948E0
2.019669262E1,-2.481353760E0,-5.852844238E0,3.598800659E0
2.019910351E1,-2.490921021E0,-5.740386963E0,3.345169067E0
2.020151440E1,-2.416748047E0,-5.670989990E0,3.136993408E0
2.020392529E1,-2.309066772E0,-5.642272949E0,2.909667969E0
2.020630566E1,-2.158325195E0,-5.546569824E0,2.689529419E0
2.020871655E1,-1.916656494E0,-5.508270264E0,2.462219238E0
2.021112744E1,-1.653442383E0,-5.462814331E0,2.165512085E0
2.021353833E1,-1.371093750E0,-5.395812988E0,1.897506714E0
2.021591870E1,-1.060012817E0,-5.335998535E0,1.627120972E0
2.021832959E1,-7.489471436E-1,-5.302490234E0,1.363906860E0
2.022074048E1,-4.570312500E-1,-5.297714233E0,1.127014160E0
2.022315136E1,-1.531372070E-1,-5.295318604E0,9.547424316E-1
2.022556225E1,1.292114258E-1,-5.264205933E0,8.661956787E-1
2.022794262E1,3.421783447E-1,-5.252243042E0,8.733825684E-1
2.023035351E1,5.479583740E-1,-5.290527344E0,9.954071045E-1
2.023276440E1,7.513427734E-1,-5.324035645E0,1.191619873E0
2.023517529E1,8.973083496E-1,-5.381454468E0,1.440475464E0
2.023755566E1,1.069595337E0,-5.469985962E0,1.737182617E0
2.023996655E1,1.198806763E0,-5.522628784E0,2.065002441E0
2.024237744E1,1.287338257E0,-5.584854126E0,2.438293457E0
2.024478833E1,1.409378052E0,-5.659027100E0,2.811569214E0
2.024716870E1,1.526626587E0,-5.702102661E0,3.247055054E0
2.024957959E1,1.651046753E0,-5.793029785E0,3.711273193E0
2.025199048E1,1.782653809E0,-5.912658691E0,4.165908813E0
2.025440136E1,1.966903687E0,-6.034698486E0,4.656433105E0
2.025681225E1,2.182250977E0,-6.166305542E0,5.192428589E0
2.025919262E1,2.368896484E0,-6.295516968E0,5.694915771E0
2.026160351E1,2.660812378E0,-6.424728394E0,6.242874146E0
2.026401440E1,2.967102051E0,-6.577865601E0,6.778869629E0
2.026642529E1,3.318847656E0,-6.759719849E0,7.350753784E0
2.026880566E1,3.790237427E0,-6.941574097E0,7.963317871E0
2.027121655E1,4.235290527E0,-7.176071167E0,8.501693726E0
2.027362744E1,4.756927490E0,-7.377075195E0,9.018554688E0
2.027603833E1,5.283355713E0,-7.606781006E0,9.461227417E0
2.027841870E1,5.838485718E0,-7.805389404E0,9.839294434E0
2.028082959E1,6.441482544E0,-8.025527954E0,1.010968018E1
2.028324048E1,7.037292480E0,-8.157135010E0,1.026281738E1
2.028565136E1,7.630706787E0,-8.255233765E0,1.038963318E1
2.028803174E1,8.212173462E0,-8.327026367E0,1.039202881E1
2.029044262E1,8.805587769E0,-8.408386230E0,1.029393005E1
2.029285351E1,9.406188965E0,-8.501693726E0,1.009292603E1
2.029526440E1,9.944564819E0,-8.652450562E0,9.832107544E0
2.029767529E1,1.050688171E1,-8.798416138E0,9.485153198E0
2.030005566E1,1.107398987E1,-8.973083496E0,9.047256470E0
2.030246655E1,1.162432861E1,-9.178863525E0,8.604583740E0
2.030487744E1,1.215315247E1,-9.341583252E0,8.061416626E0
2.030728833E1,1.261495972E1,-9.537796021E0,7.511077881E0
2.030966870E1,1.308634949E1,-9.681365967E0,7.042083740E0
2.031207959E1,1.349073792E1,-9.834503174E0,6.632904053E0
2.031449048E1,1.377308655E1,-9.973281860E0,6.355331421E0
2.031690136E1,1.394058228E1,-1.013360596E1,6.192626953E0
2.031928174E1,1.393341064E1,-1.022932434E1,6.211761475E0
2.032169262E1,1.377787781E1,-1.026042175E1,6.417556763E0
2.032410351E1,1.345722961E1,-1.017906189E1,6.771682739E0
2.032651440E1,1.300019836E1,-1.001635742E1,7.214355469E0
2.032892529E1,1.245942688E1,-9.791427612E0,7.724029541E0
2.033130566E1,1.189233398E1,-9.528213501E0,8.312667847E0
2.033371655E1,1.127258301E1,-9.327224731E0,8.829513550E0
2.033612744E1,1.067916870E1,-9.159729004E0,9.320037842E0
2.033853833E1,1.007856750E1,-9.018554688E0,9.676574707E0
2.034091870E1,9.444473267E0,-8.877365112E0,9.925430298E0
2.034332959E1,8.807983398E0,-8.819946289E0,1.003788757E1
2.034574048E1,8.207382202E0,-8.736190796E0,1.003311157E1
2.034815136E1,7.652252197E0,-8.690734863E0,9.915863037E0
2.035053174E1,7.094726562E0,-8.652450562E0,9.702896118E0
2.035294262E1,6.570693970E0,-8.642868042E0,9.437286377E0
2.035535351E1,6.118453979E0,-8.662017822E0,9.080764771E0
2.035776440E1,5.814559937E0,-8.729019165E0,8.666809082E0
2.036017529E1,5.465209961E0,-8.793624878E0,8.195419312E0
2.036255566E1,5.132598877E0,-8.901306152E0,7.630706787E0
2.036496655E1,4.843078613E0,-9.018554688E0,7.034896851E0
2.036737744E1,4.575073242E0,-9.250656128E0,6.357727051E0
2.036978833E1,4.359725952E0,-9.549758911E0,5.603988647E0
2.037219922E1,4.199401855E0,-9.920639038E0,4.852645874E0
2.037461010E1,4.094116211E0,-1.034895325E1,4.132400513E0
2.037702099E1,4.029510498E0,-1.081317139E1,3.419342041E0
2.037943188E1,3.984054565E0,-1.127020264E1,2.782852173E0
2.038181225E1,4.012756348E0,-1.178944397E1,2.184646606E0
2.038422314E1,4.029510498E0,-1.220100403E1,1.641479492E0
2.038663403E1,4.051055908E0,-1.255035400E1,1.184448242E0
2.038904492E1,4.168304443E0,-1.285185242E1,8.518524170E-1
2.039145581E1,4.256835938E0,-1.308634949E1,7.226257324E-1
2.039383618E1,4.445861816E0,-1.327777100E1,8.303070068E-1
2.039624707E1,4.694717407E0,-1.342134094E1,1.277770996E0
2.039865796E1,4.948364258E0,-1.342134094E1,2.045867920E0
2.040106884E1,5.125427246E0,-1.322512817E1,3.218353271E0
2.040344922E1,5.225921631E0,-1.289253235E1,4.670791626E0
2.040586010E1,5.319244385E0,-1.236849976E1,6.257232666E0
2.040827099E1,5.426925659E0,-1.167219543E1,7.853240967E0
2.041068188E1,5.570495605E0,-1.122473145E1,9.056838989E0
2.041306225E1,5.795410156E0,-1.104048157E1,9.757934570E0
2.041547314E1,6.123229980E0,-1.085145569E1,1.010249329E1
2.041788403E1,6.400802612E0,-1.080598450E1,9.997207642E0
2.042029492E1,6.427124023E0,-1.080120850E1,9.317657471E0
2.042270581E1,5.994018555E0,-1.078684998E1,8.015960693E0
2.042508618E1,5.309677124E0,-1.073660278E1,6.166305542E0
2.042749707E1,4.335800171E0,-1.061935425E1,4.252044678E0
2.042990796E1,3.373886108E0,-1.046380615E1,2.340179443E0
2.043231884E1,2.443069458E0,-1.023170471E1,7.704925537E-1
2.043469922E1,1.229904175E0,-1.001635742E1,-6.867370605E-1
2.043711010E1,2.871398926E-1,-9.805786133E0,-1.962112427E0
2.043952099E1,-7.082824707E-1,-9.626327515E0,-3.165710449E0
2.044193188E1,-1.512268066E0,-9.468399048E0,-4.003189087E0
2.044431225E1,-2.361709595E0,-9.339187622E0,-4.532012939E0
2.044672314E1,-3.024520874E0,-9.308074951E0,-4.689926147E0
2.044913403E1,-3.584442139E0,-9.300903320E0,-4.453048706E0
2.045154492E1,-4.048660278E0,-9.365509033E0,-3.964904785E0
2.045392529E1,-4.388442993E0,-9.645462036E0,-2.995819092E0
2.045633618E1,-5.345565796E0,-1.005943298E1,-2.230117798E0
2.045874707E1,-5.938980103E0,-1.025325012E1,-1.399795532E0
2.046115796E1,-6.010772705E0,-1.037049866E1,-4.235229492E-1
2.046356884E1,-5.833694458E0,-1.034895325E1,4.905242920E-1
2.046594922E1,-5.568099976E0,-1.022692871E1,1.134201050E0
2.046836010E1,-5.486740112E0,-1.018864441E1,1.481155396E0
2.047077099E1,-5.704483032E0,-1.023410034E1,1.363906860E0
2.047318188E1,-5.726028442E0,-1.029631042E1,1.079162598E0
2.047556225E1,-5.307281494E0,-1.041595459E1,8.255310059E-1
2.047797314E1,-5.113464355E0,-1.051644897E1,5.144500732E-1
2.048038403E1,-4.821533203E0,-1.063369751E1,2.895355225E-1
2.048279492E1,-4.338180542E0,-1.069352722E1,3.517456055E-1
2.048517529E1,-3.924224854E0,-1.077249146E1,4.235229492E-1
2.048758618E1,-3.225524902E0,-1.080358887E1,8.255310059E-1
2.048999707E1,-2.624923706E0,-1.077726746E1,1.210769653E0
2.049240796E1,-1.521835327E0,-1.066720581E1,1.627120972E0
2.049481884E1,-6.508483887E-1,-1.049012756E1,2.041076660E0
2.049719922E1,2.871398926E-1,-1.030349731E1,2.313858032E0
2.049961010E1,9.667053223E-1,-1.007617188E1,2.646469116E0
2.050202099E1,1.402191162E0,-9.925430298E0,2.790023804E0
2.050443188E1,1.598403931E0,-9.810577393E0,2.955139160E0
2.050681225E1,1.749160767E0,-9.755538940E0,3.125030518E0
2.050922314E1,1.854431152E0,-9.810577393E0,3.180068970E0
2.051163403E1,2.301895142E0,-9.753143311E0,3.227920532E0
2.051404492E1,2.555541992E0,-9.755538940E0,3.211166382E0
2.051642529E1,2.514862061E0,-9.738784790E0,3.285339355E0
2.051883618E1,2.466995239E0,-9.760330200E0,3.328414917E0
2.052124707E1,2.524429321E0,-9.698104858E0,3.438491821E0
2.052365796E1,2.529220581E0,-9.621536255E0,3.524627686E0
2.052606884E1,2.493316650E0,-9.686141968E0,3.641876221E0
2.052844922E1,2.636886597E0,-9.743576050E0,3.632308960E0
2.053086010E1,2.739776611E0,-9.638290405E0,3.567703247E0
2.053327099E1,2.854644775E0,-9.623931885E0,3.572479248E0
2.053568188E1,3.168090820E0,-9.638290405E0,3.613159180E0
2.053806225E1,3.457626343E0,-9.614364624E0,3.565307617E0
2.054047314E1,3.663406372E0,-9.578475952E0,3.452850342E0
2.054288403E1,3.773483276E0,-9.580856323E0,3.361923218E0
2.054529492E1,3.797409058E0,-9.561721802E0,3.184844971E0
2.054767529E1,3.763916016E0,-9.597610474E0,2.986236572E0
2.055008618E1,3.701690674E0,-9.678970337E0,2.787643433E0
2.055249707E1,3.632308960E0,-9.769897461E0,2.624923706E0
2.055490796E1,3.479156494E0,-9.911071777E0,2.490921021E0
2.055731884E1,3.134597778E0,-9.987640381E0,2.593826294E0
2.055969922E1,3.333206177E0,-1.018145752E1,2.636886597E0
2.056211010E1,3.091522217E0,-1.037287903E1,2.885742188E0
2.056452099E1,2.689529419E0,-1.038485718E1,3.177673340E0
2.056693188E1,2.603393555E0,-1.029153442E1,3.316452026E0
2.056931225E1,2.596206665E0,-1.020777893E1,3.299697876E0
2.057172314E1,2.545959473E0,-1.017189026E1,3.259017944E0
2.057413403E1,2.466995239E0,-1.015992737E1,3.292526245E0
2.057654492E1,2.455032349E0,-1.013121033E1,3.395416260E0
2.057892529E1,2.632110596E0,-1.005464172E1,3.536590576E0
2.058133618E1,2.914459229E0,-1.001875305E1,3.787841797E0
2.058374707E1,3.072387695E0,-9.963714600E0,4.077377319E0
2.058615796E1,3.089126587E0,-9.863220215E0,4.412368774E0
2.058853833E1,3.081954956E0,-9.722045898E0,4.699508667E0
2.059094922E1,3.065200806E0,-9.705291748E0,4.847854614E0
2.059336010E1,2.466995239E0,-9.597610474E0,4.646865845E0
2.059577099E1,1.758728027E0,-9.461227417E0,4.646865845E0
2.059818188E1,1.289733887E0,-9.413360596E0,4.522430420E0
2.060056225E1,9.499511719E-1,-9.365509033E0,4.407577515E0
2.060297314E1,8.135528564E-1,-9.276977539E0,4.199401855E0
2.060538403E1,8.542327881E-1,-9.219543457E0,4.048660278E0
2.060779492E1,1.253845215E0,-9.066406250E0,3.857223511E0
2.061017529E1,1.938186646E0,-8.815155029E0,3.802200317E0
2.061258618E1,9.595184326E-1,-8.559127808E0,3.534194946E0
2.061499707E1,-1.462020874E0,-8.736190796E0,2.507675171E0
2.061740796E1,-2.756530762E0,-8.930007935E0,1.720443726E0
2.061978833E1,-3.438491821E0,-9.231506348E0,1.478759766E0
2.062219922E1,-3.763916016E0,-9.413360596E0,1.469192505E0
2.062461010E1,-3.811767578E0,-9.530609131E0,1.567306519E0
2.062702099E1,-4.232910156E0,-9.604797363E0,1.816146851E0
2.062943188E1,-4.919647217E0,-9.667007446E0,2.325820923E0
2.063181225E1,-4.603790283E0,-9.702896118E0,2.543563843E0
2.063422314E1,-4.429107666E0,-9.930221558E0,2.802001953E0
2.063663403E1,-4.694717407E0,-1.025564575E1,3.156127930E0
2.063904492E1,-4.902893066E0,-1.061456299E1,3.608383179E0
2.064142529E1,-4.821533203E0,-1.105723572E1,3.768692017E0
2.064383618E1,-4.153945923E0,-1.119601440E1,3.857223511E0
2.064624707E1,-3.144165039E0,-1.125105286E1,3.799804688E0
2.064865796E1,-2.330612183E0,-1.122233582E1,3.742370605E0
2.065106884E1,-1.653442383E0,-1.111944580E1,3.699310303E0
2.065347973E1,-9.212341309E-1,-1.095912170E1,3.739974976E0
2.065589062E1,-1.363983154E-1,-1.067677307E1,3.735198975E0
2.065830151E1,4.929199219E-1,-1.038723755E1,3.672988892E0
2.066071240E1,9.475555420E-1,-9.968505859E0,3.696914673E0
2.066309277E1,1.282546997E0,-9.513870239E0,3.747161865E0
2.066550366E1,1.493118286E0,-9.119049072E0,3.850051880E0
2.066791455E1,1.677368164E0,-8.793624878E0,3.873977661E0
2.067032544E1,1.861618042E0,-8.408386230E0,3.895507812E0
2.067270581E1,2.091323853E0,-8.011169434E0,3.847656250E0
2.067511670E1,2.337783813E0,-7.683349609E0,3.826126099E0
2.067752758E1,2.555541992E0,-7.420150757E0,3.759124756E0
2.067993847E1,2.790023804E0,-7.188034058E0,3.668197632E0
2.068231884E1,2.976669312E0,-6.936798096E0,3.598800659E0
2.068472973E1,3.117843628E0,-6.731002808E0,3.534194946E0
2.068714062E1,3.196807861E0,-6.539581299E0,3.522232056E0
2.068955151E1,3.237487793E0,-6.443878174E0,3.400207520E0
2.069196240E1,3.266204834E0,-6.317047119E0,3.369094849E0
2.069434277E1,3.192031860E0,-6.142379761E0,3.263809204E0
2.069675366E1,3.055633545E0,-6.089736938E0,3.165710449E0
2.069916455E1,2.895309448E0,-6.101699829E0,3.048461914E0
2.070157544E1,2.715850830E0,-6.116058350E0,2.967102051E0
2.070395581E1,2.486145020E0,-6.175872803E0,2.859420776E0
2.070636670E1,2.335388184E0,-6.364913940E0,2.677566528E0
2.070877758E1,2.309066772E0,-6.525222778E0,2.581863403E0
2.071118847E1,2.352142334E0,-6.656829834E0,2.471786499E0
2.071356884E1,2.464614868E0,-6.754943848E0,2.392822266E0
2.071597973E1,2.557922363E0,-6.994216919E0,2.256439209E0
2.071839062E1,2.751739502E0,-7.106689453E0,2.050643921E0
2.072080151E1,2.933593750E0,-7.133010864E0,1.885543823E0
2.072318188E1,2.967102051E0,-7.357925415E0,1.770690918E0
2.072559277E1,2.993423462E0,-7.470397949E0,1.600799561E0
2.072800366E1,3.089126587E0,-7.350753784E0,1.466796875E0
2.073041455E1,3.132202148E0,-7.496719360E0,1.337585449E0
2.073282544E1,3.196807861E0,-7.604385376E0,1.282546997E0
2.073520581E1,3.328414917E0,-7.666610718E0,1.280166626E0
2.073761670E1,3.390625000E0,-7.858032227E0,1.234695435E0
2.074002758E1,3.366699219E0,-7.965713501E0,1.179656982E0
2.074243847E1,3.371490479E0,-8.001602173E0,1.167694092E0
2.074481884E1,3.352340698E0,-7.987243652E0,1.150955200E0
2.074722973E1,3.414550781E0,-7.958526611E0,1.076766968E0
2.074964062E1,3.455230713E0,-7.889129639E0,1.095916748E0
2.075205151E1,3.450454712E0,-7.877166748E0,1.069595337E0
2.075443188E1,3.531799316E0,-7.850845337E0,1.069595337E0
2.075684277E1,3.574874878E0,-7.791030884E0,1.095916748E0
2.075925366E1,3.603591919E0,-7.783859253E0,1.103088379E0
2.076166455E1,3.574874878E0,-7.733596802E0,1.160522461E0
2.076407544E1,3.665802002E0,-7.697708130E0,1.189239502E0
2.076645581E1,3.783050537E0,-7.697708130E0,1.299301147E0
2.076886670E1,3.799804688E0,-7.724029541E0,1.380661011E0
2.077127758E1,3.818939209E0,-7.747955322E0,1.435699463E0
2.077368847E1,3.787841797E0,-7.697708130E0,1.555328369E0
2.077606884E1,3.704086304E0,-7.702499390E0,1.646255493E0
2.077847973E1,3.653839111E0,-7.714462280E0,1.741973877E0
2.078089062E1,3.742370605E0,-7.829315186E0,1.770690918E0
2.078330151E1,3.629913330E0,-7.915451050E0,1.878372192E0
2.078568188E1,3.462417603E0,-7.951354980E0,1.988433838E0
2.078809277E1,3.428909302E0,-8.008773804E0,2.036285400E0
2.079050366E1,3.369094849E0,-8.099700928E0,2.124832153E0
2.079291455E1,3.117843628E0,-8.209777832E0,2.239685059E0
2.079532544E1,2.916854858E0,-8.334197998E0,2.340179443E0
2.079770581E1,2.684753418E0,-8.441879272E0,2.435897827E0
2.080011670E1,2.591430664E0,-8.633300781E0,2.610565186E0
2.080252758E1,2.450256348E0,-8.769699097E0,2.703887939E0
2.080493847E1,2.256439209E0,-8.925231934E0,2.900100708E0
2.080731884E1,2.038681030E0,-9.061614990E0,3.132202148E0
2.080972973E1,1.945358276E0,-9.200408936E0,3.278167725E0
2.081214062E1,1.789825439E0,-9.248260498E0,3.407379150E0
2.081455151E1,1.634292603E0,-9.322433472E0,3.625122070E0
2.081693188E1,1.493118286E0,-9.360717773E0,3.766296387E0
2.081934277E1,1.390228271E0,-9.401397705E0,3.883544922E0
2.082175366E1,1.330413818E0,-9.418151855E0,3.998413086E0
2.082416455E1,1.332809448E0,-9.427719116E0,4.228118896E0
2.082657544E1,1.438079834E0,-9.434906006E0,4.287933350E0
2.082895581E1,1.399795532E0,-9.408584595E0,4.476974487E0
2.083136670E1,1.435699463E0,-9.408584595E0,4.642074585E0
2.083377758E1,1.339981079E0,-9.336791992E0,4.862213135E0
2.083618847E1,1.414154053E0,-9.267395020E0,5.029708862E0
2.083856884E1,1.572082520E0,-9.229110718E0,5.199600220E0
2.084097973E1,1.720443726E0,-9.229110718E0,5.402999878E0
2.084339062E1,1.713256836E0,-9.174087524E0,5.642272949E0
2.084580151E1,1.627120972E0,-9.111862183E0,5.965301514E0
2.084818188E1,1.567306519E0,-9.066406250E0,6.250045776E0
2.085059277E1,1.306488037E0,-8.970687866E0,6.592224121E0
2.085300366E1,1.146163940E0,-8.941986084E0,6.800399780E0
2.085541455E1,9.284210205E-1,-8.882156372E0,6.999008179E0
2.085782544E1,5.312042236E-1,-8.748153687E0,7.130615234E0
2.086020581E1,9.092712402E-2,-8.681167603E0,7.353149414E0
2.086261670E1,-2.799530029E-1,-8.638092041E0,7.515853882E0
2.086502758E1,-5.694885254E-1,-8.650054932E0,7.530212402E0
2.086743847E1,-9.068756104E-1,-8.645263672E0,7.515853882E0
2.086981884E1,-1.272979736E0,-8.642868042E0,7.544570923E0
2.087222973E1,-1.560119629E0,-8.633300781E0,7.496719360E0
2.087464062E1,-1.883148193E0,-8.657226562E0,7.489532471E0
2.087705151E1,-2.273178101E0,-8.676376343E0,7.482360840E0
2.087943188E1,-2.529220581E0,-8.755340576E0,7.439285278E0
2.088184277E1,-2.644073486E0,-8.882156372E0,7.429718018E0
2.088425366E1,-2.713455200E0,-9.028121948E0,7.386642456E0
2.088666455E1,-2.792419434E0,-9.198013306E0,7.341186523E0
2.088904492E1,-2.778060913E0,-9.375076294E0,7.324432373E0
2.089145581E1,-2.677566528E0,-9.564117432E0,7.367507935E0
2.089386670E1,-2.526824951E0,-9.777069092E0,7.408172607E0
2.089627758E1,-2.321044922E0,-1.000199890E1,7.456039429E0
2.089868847E1,-1.942977905E0,-1.025085449E1,7.491928101E0
2.090106884E1,-1.622329712E0,-1.043031311E1,7.616348267E0
2.090347973E1,-1.198806763E0,-1.059541321E1,7.719253540E0
2.090589062E1,-8.087768555E-1,-1.068156433E1,7.810180664E0
2.090830151E1,-5.048828125E-1,-1.065045166E1,7.874786377E0
2.091068188E1,-2.297058105E-1,-1.049731445E1,7.884353638E0
2.091309277E1,-5.743408203E-2,-1.026042175E1,7.941772461E0
2.091550366E1,1.028900146E-1,-9.975677490E0,8.025527954E0
2.091791455E1,3.038940430E-1,-9.669403076E0,8.178665161E0
2.092029492E1,5.048828125E-1,-9.346359253E0,8.343780518E0
2.092270581E1,8.374938965E-1,-8.975479126E0,8.453842163E0
2.092511670E1,1.138977051E0,-8.583053589E0,8.585449219E0
2.092752758E1,1.564910889E0,-8.209777832E0,8.623733521E0
2.092993847E1,1.969299316E0,-7.819747925E0,8.616561890E0
2.093231884E1,2.478958130E0,-7.463211060E0,8.532806396E0
2.093472973E1,2.979064941E0,-7.101898193E0,8.408386230E0
2.093714062E1,3.419342041E0,-6.745361328E0,8.264816284E0
2.093955151E1,3.888336182E0,-6.424728394E0,8.073379517E0
2.094196240E1,4.338180542E0,-6.094512939E0,7.764709473E0
2.094437329E1,4.725830078E0,-5.797805786E0,7.458435059E0
2.094678418E1,5.079956055E0,-5.508270264E0,7.058822632E0
2.094919506E1,5.467605591E0,-5.249847412E0,6.654434204E0
2.095157544E1,5.860015869E0,-4.986648560E0,6.240478516E0
2.095398633E1,6.230911255E0,-4.697113037E0,5.864807129E0
2.095639721E1,6.587448120E0,-4.527221680E0,5.462814331E0
2.095880810E1,6.869796753E0,-4.366897583E0,5.058425903E0
2.096121899E1,6.965499878E0,-4.244873047E0,4.661224365E0
2.096359936E1,7.010971069E0,-4.206588745E0,4.264007568E0
2.096601025E1,7.051651001E0,-4.230514526E0,3.838088989E0
2.096842114E1,7.025329590E0,-4.304687500E0,3.359527588E0
2.097083203E1,6.965499878E0,-4.457824707E0,3.031707764E0
2.097321240E1,6.831512451E0,-4.658828735E0,2.830703735E0
2.097562329E1,6.561126709E0,-4.797607422E0,2.608169556E0
2.097803418E1,6.139984131E0,-4.981857300E0,2.352142334E0
2.098044506E1,5.809768677E0,-5.233108521E0,2.072189331E0
2.098282544E1,5.551345825E0,-5.529815674E0,1.696517944E0
2.098523633E1,5.225921631E0,-5.912658691E0,1.208374023E0
2.098764721E1,4.809570312E0,-6.345764160E0,7.250213623E-1
2.099005810E1,4.589431763E0,-6.876968384E0,3.852386475E-1
2.099246899E1,4.838287354E0,-7.561325073E0,6.939697266E-2
2.099484936E1,5.053634644E0,-8.405990601E0,-1.507415771E-1
2.099726025E1,5.123031616E0,-9.413360596E0,-3.541412354E-1
2.099967114E1,5.039291382E0,-1.050688171E1,-5.144500732E-1
2.100208203E1,4.785644531E0,-1.166740417E1,-4.833526611E-1
2.100446240E1,4.359725952E0,-1.287817383E1,-2.440643311E-1
2.100687329E1,3.845260620E0,-1.407458496E1,-4.307556152E-2
2.100928418E1,3.261413574E0,-1.544328308E1,5.264282227E-2
2.101169506E1,2.567504883E0,-1.703450012E1,2.395629883E-3
2.101407544E1,1.959716797E0,-1.856352234E1,-9.809875488E-2
2.101648633E1,1.557723999E0,-1.996331787E1,-1.746826172E-1
2.101889721E1,1.299301147E0,-2.114537048E1,-1.172485352E-1
2.102130810E1,1.000198364E0,-2.217428589E1,2.632141113E-2
2.102368847E1,6.723785400E-1,-2.315774536E1,2.105712891E-1
2.102609936E1,2.057800293E-1,-2.409333801E1,4.402770996E-1
2.102851025E1,2.033843994E-1,-2.476092529E1,4.665985107E-1
2.103092114E1,2.608184814E-1,-2.507199097E1,5.862426758E-1
2.103333203E1,-1.340026855E-1,-2.502653503E1,1.038482666E0
2.103571240E1,-7.704925537E-1,-2.517488098E1,1.964508057E0
2.103812329E1,-8.685913086E-1,-2.527539062E1,2.868988037E0
2.104053418E1,-4.019927979E-1,-2.525624084E1,3.318847656E0
2.104294506E1,-2.392578125E-2,-2.517250061E1,3.505477905E0
2.104532544E1,5.479583740E-1,-2.505046082E1,3.337982178E0
2.104773633E1,1.143768311E0,-2.486860657E1,3.017349243E0
2.105014721E1,1.533798218E0,-2.458625793E1,2.866607666E0
2.105255810E1,2.110473633E0,-2.433261108E1,2.658432007E0
2.105496899E1,2.727813721E0,-2.411965942E1,2.330612183E0
2.105734936E1,3.201599121E0,-2.377508545E1,2.026718140E0
2.105976025E1,3.455230713E0,-2.335873413E1,1.646255493E0
2.106217114E1,3.541381836E0,-2.292085266E1,1.418945312E0
2.106458203E1,3.452850342E0,-2.235614014E1,1.112655640E0
2.106696240E1,3.328414917E0,-2.169332886E1,8.757781982E-1
2.106937329E1,3.225524902E0,-2.091806030E1,6.508483887E-1
2.107178418E1,3.132202148E0,-2.000399780E1,4.689941406E-1
2.107419506E1,3.268600464E0,-1.895355225E1,2.895355225E-1
2.107657544E1,3.383453369E0,-1.786720276E1,4.547119141E-2
2.107898633E1,3.553344727E0,-1.687179565E1,-1.316070557E-1
2.108139721E1,3.799804688E0,-1.587876892E1,-2.440643311E-1
2.108380810E1,4.022338867E0,-1.492881775E1,-1.483612061E-1
2.108618847E1,4.065399170E0,-1.405305481E1,9.571838379E-2
2.108859936E1,4.113265991E0,-1.332562256E1,3.684997559E-1
2.109101025E1,4.156326294E0,-1.266281128E1,5.359954834E-1
2.109342114E1,4.405181885E0,-1.211007690E1,6.484527588E-1
2.109583203E1,4.465011597E0,-1.161236572E1,6.269226074E-1
2.109821240E1,4.498504639E0,-1.125105286E1,6.197357178E-1
2.110062329E1,4.445861816E0,-1.090170288E1,4.139556885E-1
2.110303418E1,4.235290527E0,-1.071745300E1,6.221008301E-2
2.110544506E1,4.130004883E0,-1.054277039E1,-2.656097412E-1
2.110782544E1,4.141983032E0,-1.040638733E1,-4.235229492E-1
2.111023633E1,3.866806030E0,-1.028674316E1,-6.029968262E-1
2.111264721E1,3.634704590E0,-1.008813477E1,-6.460571289E-1
2.111505810E1,3.708877563E0,-9.815353394E0,-6.149597168E-1
2.111743847E1,3.842880249E0,-9.523437500E0,-7.489471436E-1
2.111984936E1,3.902694702E0,-9.217147827E0,-9.930267334E-1
2.112226025E1,3.955337524E0,-8.915664673E0,-1.356735229E0
2.112467114E1,4.043869019E0,-8.642868042E0,-1.773086548E0
2.112708203E1,3.955337524E0,-8.422729492E0,-2.160720825E0
2.112946240E1,3.469589233E0,-8.276779175E0,-2.545959473E0
2.113187329E1,2.481353760E0,-7.745559692E0,-3.000595093E0
2.113428418E1,3.625122070E0,-7.333999634E0,-1.825729370E0
2.113669506E1,4.347763062E0,-7.317245483E0,-1.232299805E0
2.113907544E1,3.845260620E0,-7.396209717E0,-2.273178101E0
2.114148633E1,3.043670654E0,-7.238281250E0,-2.608169556E0
2.114389721E1,3.639480591E0,-7.245468140E0,-2.086547852E0
2.114630810E1,4.907684326E0,-7.393829346E0,-2.325820923E0
2.114868847E1,5.400604248E0,-7.264602661E0,-2.378463745E0
2.115109936E1,5.917449951E0,-7.046859741E0,-1.986038208E0
2.115351025E1,6.113662720E0,-7.003799438E0,-1.732406616E0
2.115592114E1,6.142379761E0,-7.037292480E0,-1.751541138E0
2.115830151E1,6.008377075E0,-7.044464111E0,-1.835296631E0
2.116071240E1,5.764312744E0,-6.991821289E0,-1.718048096E0
2.116312329E1,5.481964111E0,-6.939178467E0,-1.584045410E0
2.116553418E1,5.146957397E0,-6.857833862E0,-1.265808105E0
2.116794506E1,4.871780396E0,-6.752548218E0,-9.595184326E-1
2.117032544E1,4.565505981E0,-6.695114136E0,-5.862426758E-1
2.117273633E1,4.242477417E0,-6.620941162E0,-2.440643311E-1
2.117514721E1,3.952941895E0,-6.587448120E0,4.785156250E-2
2.117755810E1,3.751953125E0,-6.520446777E0,3.254241943E-1
2.117993847E1,3.548553467E0,-6.446258545E0,6.173553467E-1
2.118234936E1,3.337982178E0,-6.362518311E0,8.805541992E-1
2.118476025E1,3.134597778E0,-6.252441406E0,1.069595337E0
2.118717114E1,2.926422119E0,-6.218948364E0,1.284942627E0
2.118958203E1,2.758926392E0,-6.192626953E0,1.430908203E0
2.119196240E1,2.586639404E0,-6.116058350E0,1.586441040E0
2.119437329E1,2.414352417E0,-6.075378418E0,1.799407959E0
2.119678418E1,2.254043579E0,-6.063415527E0,1.971679688E0
2.119919506E1,2.127212524E0,-6.017944336E0,2.182250977E0
2.120157544E1,1.971679688E0,-5.950942993E0,2.270782471E0
2.120398633E1,1.775466919E0,-5.910278320E0,2.443069458E0
2.120639721E1,1.646255493E0,-5.879165649E0,2.538787842E0
2.120880810E1,1.447662354E0,-5.833694458E0,2.730209351E0
2.121118847E1,1.354339600E0,-5.781066895E0,2.907272339E0
2.121359936E1,1.196411133E0,-5.716461182E0,3.158523560E0
2.121601025E1,1.045669556E0,-5.685348511E0,3.440872192E0
2.121842114E1,8.685913086E-1,-5.680557251E0,3.821334839E0
2.122080151E1,6.891326904E-1,-5.654235840E0,4.204193115E0
2.122321240E1,4.881286621E-1,-5.627914429E0,4.512863159E0
2.122562329E1,1.603240967E-1,-5.584854126E0,4.828720093E0
2.122803418E1,-2.967071533E-1,-5.520248413E0,5.154144287E0
2.123044506E1,-7.680969238E-1,-5.505889893E0,5.405380249E0
2.123285595E1,-1.182052612E0,-5.544174194E0,5.716461182E0
2.123526684E1,-1.473983765E0,-5.565704346E0,5.941375732E0
2.123767773E1,-1.677368164E0,-5.587234497E0,6.082550049E0
2.124008862E1,-1.806579590E0,-5.615951538E0,6.199798584E0
2.124246899E1,-1.887939453E0,-5.668594360E0,6.333801270E0
2.124487988E1,-1.914260864E0,-5.692520142E0,6.283554077E0
2.124729077E1,-1.928619385E0,-5.737991333E0,6.242874146E0
2.124970166E1,-1.995620728E0,-5.771484375E0,6.113662720E0
2.125208203E1,-2.038681030E0,-5.793029785E0,5.996414185E0
2.125449292E1,-2.127212524E0,-5.809768677E0,5.814559937E0
2.125690380E1,-2.199005127E0,-5.716461182E0,5.615951538E0
2.125931469E1,-2.270782471E0,-5.678161621E0,5.402999878E0
2.126172558E1,-2.333007812E0,-5.702102661E0,5.209182739E0
2.126410595E1,-2.340179443E0,-5.709274292E0,5.015350342E0
2.126651684E1,-2.368896484E0,-5.687744141E0,4.802398682E0
2.126892773E1,-2.388031006E0,-5.632705688E0,4.551147461E0
2.127133862E1,-2.380859375E0,-5.589630127E0,4.359725952E0
2.127371899E1,-2.421539307E0,-5.501098633E0,4.141983032E0
2.127612988E1,-2.435897827E0,-5.446060181E0,3.938583374E0
2.127854077E1,-2.409576416E0,-5.386245728E0,3.739974976E0
2.128095166E1,-2.371292114E0,-5.316848755E0,3.560516357E0
2.128333203E1,-2.287536621E0,-5.273788452E0,3.402587891E0
2.128574292E1,-2.210968018E0,-5.218750000E0,3.249450684E0
2.128815380E1,-2.100891113E0,-5.161315918E0,3.125030518E0
2.129056469E1,-1.919036865E0,-5.111068726E0,2.933593750E0
2.129297558E1,-1.765899658E0,-5.087142944E0,2.770889282E0
2.129535595E1,-1.579269409E0,-5.048858643E0,2.574676514E0
2.129776684E1,-1.349548340E0,-5.060821533E0,2.373687744E0
2.130017773E1,-1.143768311E0,-5.063217163E0,2.105682373E0
2.130258862E1,-9.451599121E-1,-5.053634644E0,1.830505371E0
2.130496899E1,-7.298126221E-1,-5.063217163E0,1.598403931E0
2.130737988E1,-5.192413330E-1,-5.115859985E0,1.359130859E0
2.130979077E1,-2.943115234E-1,-5.185241699E0,1.160522461E0
2.131220166E1,-7.177734375E-2,-5.273788452E0,1.000198364E0
2.131458203E1,1.004943848E-1,-5.345565796E0,8.853454590E-1
2.131699292E1,2.967071533E-1,-5.424530029E0,7.968139648E-1
2.131940380E1,5.001068115E-1,-5.486740112E0,7.513427734E-1
2.132181469E1,6.604156494E-1,-5.575271606E0,7.680969238E-1
2.132422558E1,8.518524170E-1,-5.675781250E0,8.566284180E-1
2.132660595E1,1.050445557E0,-5.757125854E0,9.260253906E-1
2.132901684E1,1.177261353E0,-5.831314087E0,1.103088379E0
2.133142773E1,1.354339600E0,-5.898315430E0,1.306488037E0
2.133383862E1,1.524230957E0,-5.979660034E0,1.548156738E0
2.133621899E1,1.674972534E0,-6.020339966E0,1.830505371E0
2.133862988E1,1.797012329E0,-6.104095459E0,2.160720825E0
2.134104077E1,1.986038208E0,-6.166305542E0,2.526824951E0
2.134345166E1,2.160720825E0,-6.216552734E0,2.945571899E0
2.134583203E1,2.361709595E0,-6.281158447E0,3.419342041E0
2.134824292E1,2.615356445E0,-6.417556763E0,3.988830566E0
2.135065380E1,2.900100708E0,-6.503692627E0,4.606185913E0
2.135306469E1,3.232696533E0,-6.592224121E0,5.266601562E0
2.135544506E1,3.629913330E0,-6.704696655E0,5.929412842E0
2.135785595E1,4.039077759E0,-6.848251343E0,6.628112793E0
2.136026684E1,4.474578857E0,-7.013366699E0,7.348358154E0
2.136267773E1,4.917251587E0,-7.154541016E0,8.080566406E0
2.136508862E1,5.419738770E0,-7.298110962E0,8.839080811E0
2.136746899E1,5.919845581E0,-7.436889648E0,9.607177734E0
2.136987988E1,6.486938477E0,-7.499099731E0,1.034417725E1
2.137229077E1,7.025329590E0,-7.530212402E0,1.102612305E1
2.137470166E1,7.525421143E0,-7.525421143E0,1.154536438E1
2.137708203E1,8.030319214E0,-7.417755127E0,1.188275146E1
2.137949292E1,8.472991943E0,-7.290924072E0,1.208135986E1
2.138190380E1,8.863021851E0,-7.226318359E0,1.201196289E1
2.138431469E1,9.274581909E0,-7.159332275E0,1.181336975E1
2.138669506E1,9.731613159E0,-7.262222290E0,1.154058838E1
2.138910595E1,1.015513611E1,-7.350753784E0,1.121755981E1
2.139151684E1,1.055474854E1,-7.448852539E0,1.085383606E1
2.139392773E1,1.099023438E1,-7.570892334E0,1.048056030E1
2.139633862E1,1.141137695E1,-7.719253540E0,1.020538330E1
2.139871899E1,1.178944397E1,-7.896316528E0,9.968505859E0
2.140112988E1,1.219621277E1,-8.109283447E0,9.736389160E0
2.140354077E1,1.257667542E1,-8.262420654E0,9.578475952E0
2.140592114E1,1.293081665E1,-8.475372314E0,9.489929199E0
2.140833203E1,1.327059937E1,-8.705093384E0,9.427719116E0
2.141074292E1,1.358883667E1,-8.937194824E0,9.454040527E0
2.141315380E1,1.384725952E1,-9.154937744E0,9.523437500E0
2.141556469E1,1.406979370E1,-9.389434814E0,9.597610474E0
2.141794506E1,1.410330200E1,-9.600006104E0,9.659820557E0
2.142035595E1,1.398365784E1,-9.767501831E0,9.690933228E0
2.142276684E1,1.366780090E1,-9.834503174E0,9.681365967E0
2.142517773E1,1.311744690E1,-9.767501831E0,9.712463379E0
2.142758862E1,1.245942688E1,-9.662216187E0,9.762710571E0
2.142996899E1,1.177986145E1,-9.544967651E0,9.791427612E0
2.143237988E1,1.105484009E1,-9.463607788E0,9.769897461E0
2.143479077E1,1.035134888E1,-9.406188965E0,9.757934570E0
2.143720166E1,9.645462036E0,-9.355941772E0,9.635894775E0
2.143958203E1,8.949157715E0,-9.363113403E0,9.432510376E0
2.144199292E1,8.243270874E0,-9.329620361E0,9.188446045E0
2.144440380E1,7.602005005E0,-9.260223389E0,8.784057617E0
2.144681469E1,6.972686768E0,-9.226730347E0,8.322235107E0
2.144919506E1,6.381652832E0,-9.133407593E0,7.817352295E0
2.145160595E1,5.828918457E0,-9.061614990E0,7.214355469E0
2.145401684E1,5.304885864E0,-8.989837646E0,6.474975586E0
2.145642773E1,4.792816162E0,-8.941986084E0,5.663818359E0
2.145883862E1,4.347763062E0,-8.918045044E0,4.862213135E0
2.146121899E1,3.921829224E0,-8.953948975E0,3.986450195E0
2.146362988E1,3.608383179E0,-9.102294922E0,3.120239258E0
2.146604077E1,3.314056396E0,-9.305694580E0,2.273178101E0
2.146845166E1,3.058029175E0,-9.645462036E0,1.627120972E0
2.147083203E1,2.828323364E0,-1.001396179E1,1.067199707E0
2.147324292E1,2.555541992E0,-1.042074585E1,6.723785400E-1
2.147565380E1,2.285140991E0,-1.079162598E1,4.163513184E-1
2.147806469E1,2.091323853E0,-1.116969299E1,3.684997559E-1
2.148044506E1,1.904693604E0,-1.145683289E1,5.168457031E-1
2.148285595E1,1.732406616E0,-1.165065002E1,8.231353760E-1
2.148526684E1,1.667800903E0,-1.180857849E1,1.289733887E0
2.148767773E1,1.694122314E0,-1.183250427E1,1.878372192E0
2.149008862E1,1.789825439E0,-1.181336975E1,2.608169556E0
2.149246899E1,1.990829468E0,-1.178465271E1,3.414550781E0
2.149487988E1,2.139190674E0,-1.177268982E1,4.225723267E0
2.149729077E1,2.371292114E0,-1.180378723E1,5.067993164E0
2.149970166E1,2.562713623E0,-1.187797546E1,5.917449951E0
2.150208203E1,2.871383667E0,-1.195693970E1,6.764511108E0
2.150449292E1,3.275772095E0,-1.200239563E1,7.613967896E0
2.150690380E1,3.806976318E0,-1.208375549E1,8.346160889E0
2.150931469E1,4.503295898E0,-1.211724854E1,8.903686523E0
2.151172558E1,5.127822876E0,-1.241397095E1,9.087936401E0
2.151413647E1,5.675781250E0,-1.281596375E1,8.848663330E0
2.151654736E1,6.329010010E0,-1.319880676E1,8.413162231E0
2.151895825E1,6.857833862E0,-1.348834229E1,7.690536499E0
2.152133862E1,7.226318359E0,-1.367498779E1,6.876968384E0
2.152374951E1,7.250259399E0,-1.363908386E1,5.776275635E0
2.152616040E1,6.951156616E0,-1.321076965E1,4.689926147E0
2.152857129E1,6.288345337E0,-1.243310547E1,3.407379150E0
2.153098218E1,5.398208618E0,-1.146162415E1,2.084152222E0
2.153336255E1,4.424331665E0,-1.046859741E1,8.279113770E-1
2.153577343E1,3.493515015E0,-9.518646240E0,-4.594268799E-1
2.153818432E1,2.775680542E0,-8.776870728E0,-1.462020874E0
2.154059521E1,1.974075317E0,-8.286346436E0,-2.354537964E0
2.154297558E1,1.122238159E0,-8.008773804E0,-2.957534790E0
2.154538647E1,3.349914551E-1,-7.941772461E0,-3.323623657E0
2.154779736E1,-4.642028809E-1,-8.025527954E0,-3.538986206E0
2.155020825E1,-1.213165283E0,-8.178665161E0,-3.579666138E0
2.155258862E1,-1.875976562E0,-8.425125122E0,-3.416946411E0
2.155499951E1,-2.464614868E0,-8.829513550E0,-3.019744873E0
2.155741040E1,-2.904891968E0,-9.300903320E0,-2.419143677E0
2.155982129E1,-3.192031860E0,-9.638290405E0,-1.732406616E0
2.156223218E1,-3.337982178E0,-9.860824585E0,-9.451599121E-1
2.156461255E1,-3.412170410E0,-1.005943298E1,-9.332275391E-2
2.156702343E1,-3.395416260E0,-1.021734619E1,7.489471436E-1
2.156943432E1,-3.440872192E0,-1.042552185E1,1.373474121E0
2.157184521E1,-3.479156494E0,-1.061456299E1,1.593612671E0
2.157422558E1,-3.450454712E0,-1.073898315E1,1.691726685E0
2.157663647E1,-3.589233398E0,-1.076052856E1,1.605590820E0
2.157904736E1,-3.656234741E0,-1.077488708E1,1.481155396E0
2.158145825E1,-3.390625000E0,-1.073420715E1,1.339981079E0
2.158383862E1,-3.311660767E0,-1.068395996E1,1.031311035E0
2.158624951E1,-2.955139160E0,-1.052842712E1,9.116668701E-1
2.158866040E1,-2.658432007E0,-1.042074585E1,9.068756104E-1
2.159107129E1,-2.457427979E0,-1.029153442E1,8.757781982E-1
2.159348218E1,-2.438293457E0,-1.020300293E1,8.087768555E-1
2.159586255E1,-2.007583618E0,-1.019581604E1,8.518524170E-1
2.159827343E1,-1.818542480E0,-1.013839722E1,8.231353760E-1
2.160068432E1,-1.634292603E0,-1.014077759E1,9.188385010E-1
2.160309521E1,-1.445266724E0,-1.015753174E1,9.619140625E-1
2.160547558E1,-1.091125488E0,-1.021257019E1,1.124633789E0
2.160788647E1,-8.303070068E-1,-1.037527466E1,1.342376709E0
2.161029736E1,-4.546356201E-1,-1.054277039E1,1.519439697E0
2.161270825E1,-1.435852051E-2,-1.063848877E1,1.864013672E0
2.161508862E1,4.522399902E-1,-1.077249146E1,2.263610840E0
2.161749951E1,9.379882812E-1,-1.086102295E1,2.648849487E0
2.161991040E1,1.414154053E0,-1.090647888E1,3.096313477E0
2.162232129E1,1.713256836E0,-1.099740601E1,3.419342041E0
2.162473218E1,1.983642578E0,-1.104048157E1,3.735198975E0
2.162711255E1,2.411972046E0,-1.100698853E1,4.010375977E0
2.162952343E1,2.880966187E0,-1.080358887E1,4.273574829E0
2.163193432E1,3.175277710E0,-1.057148743E1,4.378860474E0
2.163434521E1,3.414550781E0,-1.034657288E1,4.335800171E0
2.163672558E1,3.474380493E0,-1.008335876E1,4.242477417E0
2.163913647E1,3.471984863E0,-9.779464722E0,4.158721924E0
2.164154736E1,3.433700562E0,-9.595214844E0,3.967300415E0
2.164395825E1,3.460021973E0,-9.449264526E0,3.742370605E0
2.164633862E1,3.486343384E0,-9.298507690E0,3.457626343E0
2.164874951E1,3.371490479E0,-9.193222046E0,3.220733643E0
2.165116040E1,3.136993408E0,-9.080764771E0,3.000595093E0
2.165357129E1,2.904891968E0,-9.028121948E0,2.830703735E0
2.165595166E1,2.711074829E0,-8.968292236E0,2.689529419E0
2.165836255E1,2.426315308E0,-8.997009277E0,2.651245117E0
2.166077343E1,2.110473633E0,-9.037689209E0,2.770889282E0
2.166318432E1,1.828109741E0,-9.111862183E0,2.962310791E0
2.166559521E1,1.801788330E0,-9.207580566E0,3.177673340E0
2.166797558E1,1.899902344E0,-9.121444702E0,3.187240601E0
2.167038647E1,2.120040894E0,-9.008972168E0,3.208770752E0
2.167279736E1,2.368896484E0,-8.913269043E0,3.328414917E0
2.167520825E1,2.464614868E0,-8.879760742E0,3.469589233E0
2.167758862E1,2.684753418E0,-8.839080811E0,3.610763550E0
2.167999951E1,2.682357788E0,-8.827117920E0,3.684951782E0
2.168241040E1,2.868988037E0,-8.829513550E0,4.027114868E0
2.168482129E1,3.022140503E0,-8.819946289E0,4.359725952E0
2.168720166E1,3.151351929E0,-8.846267700E0,4.572677612E0
2.168961255E1,3.249450684E0,-8.781661987E0,4.744964600E0
2.169202343E1,3.337982178E0,-8.705093384E0,4.893325806E0
2.169443432E1,3.402587891E0,-8.628524780E0,5.001007080E0
2.169684521E1,3.354736328E0,-8.621337891E0,5.046463013E0
2.169922558E1,2.988632202E0,-8.750549316E0,5.046463013E0
2.170163647E1,2.533996582E0,-8.879760742E0,5.044067383E0
2.170404736E1,2.323425293E0,-8.992233276E0,5.010574341E0
2.170645825E1,2.347366333E0,-9.099899292E0,4.953140259E0
2.170883862E1,2.634490967E0,-9.226730347E0,4.912460327E0
2.171124951E1,2.854644775E0,-9.279373169E0,4.723434448E0
2.171366040E1,2.928817749E0,-9.341583252E0,4.476974487E0
2.171607129E1,3.565307617E0,-9.245864868E0,4.225723267E0
2.171845166E1,4.405181885E0,-8.997009277E0,4.029510498E0
2.172086255E1,4.098907471E0,-8.623733521E0,3.888336182E0
2.172327343E1,2.866607666E0,-8.317459106E0,3.359527588E0
2.172568432E1,1.966903687E0,-8.257629395E0,2.828323364E0
2.172809521E1,5.048828125E-1,-8.475372314E0,2.653640747E0
2.173047558E1,-1.411758423E0,-8.884552002E0,2.696716309E0
2.173288647E1,-3.091522217E0,-9.463607788E0,2.586639404E0
2.173529736E1,-4.048660278E0,-9.997207642E0,2.215759277E0
2.173770825E1,-4.589431763E0,-1.049252319E1,1.722839355E0
2.174008862E1,-4.778472900E0,-1.097587585E1,1.395019531E0
2.174249951E1,-4.666000366E0,-1.155732727E1,1.172485352E0
2.174491040E1,-4.173080444E0,-1.182533264E1,1.045669556E0
2.174732129E1,-3.428909302E0,-1.193061829E1,9.140625000E-1
2.174970166E1,-2.773284912E0,-1.188754272E1,9.834442139E-1
2.175211255E1,-2.201400757E0,-1.168415833E1,1.143768311E0
2.175452343E1,-1.715652466E0,-1.136590576E1,1.395019531E0
2.175693432E1,-1.347152710E0,-1.113140869E1,1.610366821E0
2.175934521E1,-1.079162598E0,-1.076770020E1,1.844863892E0
2.176172558E1,-9.188385010E-1,-1.031785583E1,2.110473633E0
2.176413647E1,-8.039855957E-1,-1.002832031E1,2.309066772E0
2.176654736E1,-6.580200195E-1,-9.655044556E0,2.416748047E0
2.176895825E1,-3.972015381E-1,-9.205184937E0,2.388031006E0
2.177133862E1,-1.411743164E-1,-8.865402222E0,2.270782471E0
2.177374951E1,1.172485352E-1,-8.614166260E0,2.163116455E0
2.177616040E1,4.642028809E-1,-8.348556519E0,2.117645264E0
2.177857129E1,7.776641846E-1,-8.104492188E0,2.086547852E0
2.178095166E1,1.040878296E0,-7.850845337E0,2.203796387E0
2.178336255E1,1.160522461E0,-7.654632568E0,2.407180786E0
2.178577343E1,1.258621216E0,-7.494323730E0,2.617752075E0
2.178818432E1,1.356735229E0,-7.412963867E0,2.811569214E0
2.179056469E1,1.380661011E0,-7.341186523E0,3.062820435E0
2.179297558E1,1.469192505E0,-7.298110962E0,3.366699219E0
2.179538647E1,1.543365479E0,-7.245468140E0,3.625122070E0
2.179779736E1,1.643875122E0,-7.238281250E0,3.862014771E0
2.180020825E1,1.785049438E0,-7.283752441E0,4.000793457E0
2.180261914E1,1.928619385E0,-7.333999634E0,4.098907471E0
2.180503003E1,2.026718140E0,-7.496719360E0,4.091720581E0
2.180744092E1,1.947753906E0,-7.671386719E0,4.015151978E0
2.180985180E1,1.974075317E0,-7.774276733E0,3.924224854E0
2.181223218E1,1.964508057E0,-7.879562378E0,3.857223511E0
2.181464306E1,2.029113770E0,-7.977676392E0,3.845260620E0
2.181705395E1,2.072189331E0,-8.109283447E0,3.661026001E0
2.181946484E1,2.153533936E0,-8.224136353E0,3.620346069E0
2.182184521E1,2.234893799E0,-8.360519409E0,3.443267822E0
2.182425610E1,2.309066772E0,-8.382064819E0,3.294921875E0
2.182666699E1,2.356933594E0,-8.377273560E0,3.101104736E0
2.182907788E1,2.359329224E0,-8.532806396E0,2.888137817E0
2.183148877E1,2.347366333E0,-8.595016479E0,2.687133789E0
2.183386914E1,2.435897827E0,-8.542373657E0,2.438293457E0
2.183628003E1,2.517242432E0,-8.645263672E0,2.153533936E0
2.183869092E1,2.605789185E0,-8.599807739E0,1.950149536E0
2.184110180E1,2.627319336E0,-8.630905151E0,1.753936768E0
2.184348218E1,2.754135132E0,-8.681167603E0,1.387832642E0
2.184589306E1,2.974273682E0,-8.669189453E0,1.091125488E0
2.184830395E1,3.019744873E0,-8.793624878E0,9.834442139E-1
2.185071484E1,3.084350586E0,-8.784057617E0,9.164581299E-1
2.185309521E1,3.199203491E0,-8.733810425E0,8.111724854E-1
2.185550610E1,3.259017944E0,-8.683547974E0,7.657012939E-1
2.185791699E1,3.230316162E0,-8.604583740E0,6.843414307E-1
2.186032788E1,3.292526245E0,-8.480163574E0,6.293182373E-1
2.186273877E1,3.180068970E0,-8.556732178E0,4.833526611E-1
2.186511914E1,3.072387695E0,-8.530410767E0,3.852386475E-1
2.186753003E1,2.976669312E0,-8.401199341E0,3.732757568E-1
2.186994092E1,2.907272339E0,-8.257629395E0,3.517456055E-1
2.187235180E1,2.849853516E0,-8.135604858E0,4.689941406E-1
2.187473218E1,2.751739502E0,-8.025527954E0,5.647125244E-1
2.187714306E1,2.627319336E0,-7.824523926E0,6.245269775E-1
2.187955395E1,2.543563843E0,-7.628311157E0,6.580200195E-1
2.188196484E1,2.502899170E0,-7.420150757E0,7.680969238E-1
2.188434521E1,2.459823608E0,-7.121032715E0,8.446655273E-1
2.188675610E1,2.416748047E0,-6.903289795E0,9.331970215E-1
2.188916699E1,2.371292114E0,-6.707077026E0,9.714813232E-1
2.189157788E1,2.349746704E0,-6.671188354E0,1.000198364E0
2.189398877E1,2.390426636E0,-6.721435547E0,1.057632446E0
2.189636914E1,2.457427979E0,-6.812362671E0,1.172485352E0
2.189878003E1,2.481353760E0,-6.936798096E0,1.217941284E0
2.190119092E1,2.376068115E0,-7.068405151E0,1.373474121E0
2.190360180E1,2.244461060E0,-7.238281250E0,1.538589478E0
2.190598218E1,2.031509399E0,-7.386642456E0,1.775466919E0
2.190839306E1,1.933395386E0,-7.602005005E0,1.998001099E0
2.191080395E1,1.864013672E0,-7.793426514E0,2.258819580E0
2.191321484E1,1.768295288E0,-8.020736694E0,2.522033691E0
2.191559521E1,1.679763794E0,-8.188232422E0,2.933593750E0
2.191800610E1,1.741973877E0,-8.420349121E0,3.369094849E0
2.192041699E1,1.658233643E0,-8.590240479E0,3.754333496E0
2.192282788E1,1.469192505E0,-8.640487671E0,4.419540405E0
2.192520825E1,1.837692261E0,-8.872589111E0,4.728210449E0
2.192761914E1,2.007583618E0,-8.997009277E0,5.192428589E0
2.193003003E1,2.117645264E0,-9.090332031E0,5.759521484E0
2.193244092E1,2.395217896E0,-9.226730347E0,6.132797241E0
2.193485180E1,2.629714966E0,-9.317657471E0,6.608978271E0
2.193723218E1,2.787643433E0,-9.365509033E0,7.149749756E0
2.193964306E1,3.153747559E0,-9.387039185E0,7.341186523E0
2.194205395E1,3.062820435E0,-9.250656128E0,7.700103760E0
2.194446484E1,2.935989380E0,-9.152542114E0,7.999206543E0
2.194684521E1,2.818740845E0,-9.071197510E0,8.157135010E0
2.194925610E1,2.553146362E0,-8.901306152E0,8.267196655E0
2.195166699E1,2.266006470E0,-8.690734863E0,8.405990601E0
2.195407788E1,2.017150879E0,-8.468200684E0,8.504089355E0
2.195645825E1,1.514663696E0,-8.176269531E0,8.599807739E0
2.195886914E1,1.115051270E0,-7.934600830E0,8.633300781E0
2.196128003E1,9.140625000E-1,-7.788635254E0,8.578262329E0
2.196369092E1,4.426727295E-1,-7.659423828E0,8.520843506E0
2.196610180E1,7.896423340E-2,-7.580459595E0,8.425125122E0
2.196848218E1,-2.129669189E-1,-7.527816772E0,8.262420654E0
2.197089306E1,-6.508483887E-1,-7.520645142E0,8.056640625E0
2.197330395E1,-1.076766968E0,-7.568496704E0,7.881958008E0
2.197571484E1,-1.385437012E0,-7.599609375E0,7.910675049E0
2.197809521E1,-1.473983765E0,-7.783859253E0,7.810180664E0
2.198050610E1,-1.550552368E0,-8.063812256E0,7.728820801E0
2.198291699E1,-1.820938110E0,-8.300704956E0,7.668991089E0
2.198532788E1,-2.065002441E0,-8.578262329E0,7.590026855E0
2.198770825E1,-2.230117798E0,-8.867797852E0,7.506286621E0
2.199011914E1,-2.266006470E0,-9.195617676E0,7.523040771E0
2.199253003E1,-2.258819580E0,-9.468399048E0,7.484756470E0
2.199494092E1,-2.151153564E0,-9.784255981E0,7.520645142E0
2.199735180E1,-1.923828125E0,-1.012403870E1,7.602005005E0
2.199973218E1,-1.586441040E0,-1.046142578E1,7.676177979E0
2.200214306E1,-1.270584106E0,-1.075334167E1,7.769500732E0
2.200455395E1,-9.762725830E-1,-1.099740601E1,7.850845337E0
2.200696484E1,-8.207397461E-1,-1.112184143E1,7.936996460E0
2.200934521E1,-7.369842529E-1,-1.112901306E1,7.948959351E0
2.201175610E1,-6.125640869E-1,-1.101176453E1,7.992034912E0
2.201416699E1,-3.708801270E-1,-1.083949280E1,7.999206543E0
2.201657788E1,-1.340026855E-1,-1.058345032E1,8.015960693E0
2.201895825E1,1.746826172E-1,-1.026998901E1,8.128417969E0
2.202136914E1,4.689941406E-1,-9.879959106E0,8.317459106E0
2.202378003E1,7.728881836E-1,-9.427719116E0,8.444274902E0
2.202619092E1,1.031311035E0,-8.941986084E0,8.429916382E0
2.202860180E1,1.268188477E0,-8.446670532E0,8.382064819E0
2.203098218E1,1.591232300E0,-7.941772461E0,8.214553833E0
2.203339306E1,2.096115112E0,-7.508682251E0,7.984848022E0
2.203580395E1,2.701492310E0,-7.082748413E0,7.733596802E0
2.203821484E1,3.311660767E0,-6.726226807E0,7.515853882E0
2.204059521E1,3.847656250E0,-6.362518311E0,7.295715332E0
2.204300610E1,4.271194458E0,-6.041870117E0,7.001403809E0
2.204541699E1,4.603790283E0,-5.771484375E0,6.675979614E0
2.204782788E1,4.929214478E0,-5.474777222E0,6.307479858E0
2.205020825E1,5.278564453E0,-5.225921631E0,5.953338623E0
2.205261914E1,5.726028442E0,-4.953140259E0,5.575271606E0
2.205503003E1,6.183059692E0,-4.735397339E0,5.235488892E0
2.205744092E1,6.568298340E0,-4.553543091E0,4.957931519E0
2.205985180E1,6.924835205E0,-4.386047363E0,4.622940063E0
2.206223218E1,7.269393921E0,-4.266403198E0,4.216156006E0
2.206464306E1,7.477569580E0,-4.185043335E0,3.845260620E0
2.206705395E1,7.539779663E0,-4.125228882E0,3.534194946E0
2.206946484E1,7.573287964E0,-4.125228882E0,3.330810547E0
2.207184521E1,7.539779663E0,-4.139587402E0,3.192031860E0
2.207425610E1,7.329208374E0,-4.244873047E0,3.115447998E0
2.207666699E1,7.073181152E0,-4.433898926E0,3.041275024E0
2.207907788E1,6.742980957E0,-4.675582886E0,2.916854858E0
2.208148877E1,6.386444092E0,-4.900497437E0,2.679962158E0
2.208389966E1,6.044265747E0,-5.178070068E0,2.373687744E0
2.208631054E1,5.699707031E0,-5.398208618E0,2.005187988E0
2.208872143E1,5.391036987E0,-5.773880005E0,1.643875122E0
2.209110180E1,5.400604248E0,-6.300308228E0,1.359130859E0
2.209351269E1,5.517852783E0,-7.046859741E0,1.177261353E0
2.209592358E1,5.654235840E0,-7.893920898E0,1.117446899E0
2.209833447E1,5.785842896E0,-8.910873413E0,1.031311035E0
2.210074536E1,5.919845581E0,-1.001156616E1,8.039855957E-1
2.210312573E1,6.046661377E0,-1.121516418E1,5.144500732E-1
2.210553662E1,6.070587158E0,-1.245225525E1,2.632141113E-1
2.210794751E1,5.919845581E0,-1.362712097E1,2.010040283E-1
2.211035840E1,5.706878662E0,-1.484745789E1,2.153472900E-1
2.211273877E1,5.233108521E0,-1.606062317E1,3.397827148E-1
2.211514966E1,4.869400024E0,-1.738146973E1,3.637084961E-1
2.211756054E1,4.532012939E0,-1.875973511E1,3.206329346E-1
2.211997143E1,4.481750488E0,-2.020260620E1,2.201385498E-1
2.212235180E1,4.546356201E0,-2.162872314E1,2.081756592E-1
2.212476269E1,4.304687500E0,-2.310987854E1,4.211425781E-1
2.212717358E1,3.804580688E0,-2.457189941E1,7.633056641E-1
2.212958447E1,3.433700562E0,-2.592623901E1,1.009765625E0
2.213199536E1,3.316452026E0,-2.703889465E1,1.016952515E0
2.213437573E1,2.718246460E0,-2.801277161E1,1.311264038E0
2.213678662E1,1.931015015E0,-2.878565979E1,1.631912231E0
2.213919751E1,1.122238159E0,-2.915176392E1,2.060226440E0
2.214160840E1,5.072784424E-1,-2.922114563E1,2.309066772E0
2.214398877E1,4.067993164E-2,-2.920201111E1,2.622528076E0
2.214639966E1,1.914215088E-1,-2.907757568E1,2.749359131E0
2.214881054E1,6.125640869E-1,-2.880479431E1,2.691925049E0
2.215122143E1,1.093521118E0,-2.839802551E1,2.574676514E0
2.215360180E1,1.617553711E0,-2.785484314E1,2.266006470E0
2.215601269E1,1.909469604E0,-2.721118164E1,1.828109741E0
2.215842358E1,2.112869263E0,-2.636651611E1,1.304092407E0
2.216083447E1,2.519638062E0,-2.553141785E1,7.010955811E-1
2.216324536E1,2.768493652E0,-2.465325928E1,1.100769043E-1
2.216562573E1,2.969497681E0,-2.376072693E1,-3.182525635E-1
2.216803662E1,3.081954956E0,-2.280599976E1,-6.269226074E-1
2.217044751E1,2.847457886E0,-2.169093323E1,-7.537384033E-1
2.217285840E1,2.426315308E0,-2.044427490E1,-8.255310059E-1
2.217523877E1,1.820938110E0,-1.914976501E1,-8.111724854E-1
2.217764966E1,1.416549683E0,-1.785523987E1,-7.489471436E-1
2.218006054E1,1.198806763E0,-1.662294006E1,-8.087768555E-1
2.218247143E1,1.136596680E0,-1.543849182E1,-8.111724854E-1
2.218485180E1,1.119842529E0,-1.429711914E1,-6.819610596E-1
2.218726269E1,1.184448242E0,-1.331845093E1,-3.756713867E-1
2.218967358E1,1.308868408E0,-1.250727844E1,-2.392883301E-1
2.219208447E1,1.543365479E0,-1.177268982E1,5.981445312E-2
2.219449536E1,1.679763794E0,-1.112901306E1,2.823486328E-1
2.219687573E1,1.773086548E0,-1.058106995E1,3.613128662E-1
2.219928662E1,1.921432495E0,-1.016232300E1,3.565368652E-1
2.220169751E1,1.959716797E0,-9.772293091E0,2.751770020E-1
2.220410840E1,1.866409302E0,-9.449264526E0,6.939697266E-2
2.220648877E1,1.758728027E0,-9.219543457E0,-3.014984131E-1
2.220889966E1,2.041076660E0,-8.989837646E0,-5.048828125E-1
2.221131054E1,2.258819580E0,-8.640487671E0,-4.642028809E-1
2.221372143E1,2.519638062E0,-8.441879272E0,-5.407714844E-1
2.221610180E1,2.959915161E0,-8.300704956E0,-5.216369629E-1
2.221851269E1,3.261413574E0,-8.116455078E0,-5.647125244E-1
2.222092358E1,3.318847656E0,-7.934600830E0,-5.288085938E-1
2.222333447E1,3.383453369E0,-7.747955322E0,-5.240325928E-1
2.222571484E1,3.438491821E0,-7.563705444E0,-6.029968262E-1
2.222812573E1,3.486343384E0,-7.393829346E0,-6.867370605E-1
2.223053662E1,3.522232056E0,-7.228713989E0,-8.039855957E-1
2.223294751E1,3.495910645E0,-7.077972412E0,-9.092712402E-1
2.223535840E1,3.457626343E0,-6.881759644E0,-9.523468018E-1
2.223773877E1,3.352340698E0,-6.783645630E0,-8.757781982E-1
2.224014966E1,2.828323364E0,-6.733398438E0,-7.322082520E-1
2.224256054E1,2.823532104E0,-6.451049805E0,-3.493499756E-1
2.224497143E1,3.871582031E0,-6.518051147E0,5.359954834E-1
2.224735180E1,4.730606079E0,-6.707077026E0,-4.091796875E-1
2.224976269E1,5.716461182E0,-6.819549561E0,-1.770690918E0
2.225217358E1,6.374481201E0,-6.829116821E0,-2.392822266E0
2.225458447E1,6.719039917E0,-6.812362671E0,-2.809173584E0
2.225696484E1,6.853042603E0,-6.752548218E0,-3.034103394E0
2.225937573E1,6.809967041E0,-6.699905396E0,-2.857025146E0
2.226178662E1,6.764511108E0,-6.661621094E0,-2.579467773E0
2.226419751E1,6.671188354E0,-6.628112793E0,-2.285140991E0
2.226660840E1,6.537185669E0,-6.613769531E0,-1.940582275E0
2.226898877E1,6.230911255E0,-6.642471313E0,-1.586441040E0
2.227139966E1,5.950942993E0,-6.668792725E0,-1.160522461E0
2.227381054E1,5.709274292E0,-6.673583984E0,-7.896270752E-1
2.227622143E1,5.395812988E0,-6.623336792E0,-3.278198242E-1
2.227860180E1,5.015350342E0,-6.594619751E0,1.914978027E-2
2.228101269E1,4.546356201E0,-6.549148560E0,3.661041260E-1
2.228342358E1,4.113265991E0,-6.486938477E0,6.077728271E-1
2.228583447E1,3.763916016E0,-6.441482544E0,7.561340332E-1
2.228821484E1,3.450454712E0,-6.374481201E0,9.331970215E-1
2.229062573E1,3.237487793E0,-6.257232666E0,1.007385254E0
2.229303662E1,3.031707764E0,-6.168701172E0,1.031311035E0
2.229544751E1,2.809173584E0,-6.075378418E0,1.074371338E0
2.229785840E1,2.589035034E0,-6.037094116E0,1.043273926E0
2.230023877E1,2.395217896E0,-5.972488403E0,9.858398438E-1
2.230264966E1,2.249252319E0,-5.948562622E0,9.954071045E-1
2.230506054E1,2.084152222E0,-5.915054321E0,9.834442139E-1
2.230747143E1,2.000396729E0,-5.893524170E0,1.021728516E0
2.230985180E1,1.923828125E0,-5.809768677E0,1.057632446E0
2.231226269E1,1.890335083E0,-5.711669922E0,1.095916748E0
2.231467358E1,1.880752563E0,-5.685348511E0,1.103088379E0
2.231708447E1,1.792221069E0,-5.742767334E0,1.194015503E0
2.231946484E1,1.741973877E0,-5.757125854E0,1.301696777E0
2.232187573E1,1.765899658E0,-5.766708374E0,1.404586792E0
2.232428662E1,1.179656982E0,-5.900695801E0,1.686935425E0
2.232669751E1,8.374938965E-1,-5.994018555E0,1.931015015E0
2.232910840E1,6.604156494E-1,-6.080169678E0,2.210968018E0
2.233148877E1,5.359954834E-1,-6.178268433E0,2.555541992E0
2.233389966E1,3.206329346E-1,-6.288345337E0,2.888137817E0
2.233631054E1,2.632141113E-2,-6.422332764E0,3.232696533E0
2.233872143E1,-3.158569336E-1,-6.585052490E0,3.543777466E0
2.234110180E1,-5.790557861E-1,-6.714263916E0,3.840484619E0
2.234351269E1,-8.039855957E-1,-6.841079712E0,4.163513184E0
2.234592358E1,-1.036087036E0,-6.967895508E0,4.438690186E0
2.234833447E1,-1.284942627E0,-7.073181152E0,4.666000366E0
2.235071484E1,-1.576873779E0,-7.211975098E0,4.883758545E0
2.235312573E1,-1.859222412E0,-7.302902222E0,5.008178711E0
2.235553662E1,-2.189437866E0,-7.427322388E0,5.127822876E0
2.235794751E1,-2.409576416E0,-7.525421143E0,5.242675781E0
2.236032788E1,-2.615356445E0,-7.606781006E0,5.309677124E0
2.236273877E1,-2.804382324E0,-7.702499390E0,5.314453125E0
2.236514966E1,-2.976669312E0,-7.726425171E0,5.257034302E0
2.236756054E1,-3.053237915E0,-7.805389404E0,5.146957397E0
2.236997143E1,-3.129806519E0,-7.795822144E0,5.020141602E0
2.237238232E1,-3.196807861E0,-7.771881104E0,4.874176025E0
2.237479321E1,-3.192031860E0,-7.740783691E0,4.697113037E0
2.237720410E1,-3.182449341E0,-7.637893677E0,4.498504639E0
2.237961499E1,-3.170486450E0,-7.515853882E0,4.362121582E0
2.238199536E1,-3.117843628E0,-7.319641113E0,4.113265991E0
2.238440625E1,-3.022140503E0,-7.166503906E0,3.912261963E0
2.238681714E1,-2.991027832E0,-6.943969727E0,3.670593262E0
2.238922802E1,-2.837890625E0,-6.769302368E0,3.445663452E0
2.239163891E1,-2.653640747E0,-6.532409668E0,3.127426147E0
2.239401928E1,-2.452636719E0,-6.348159790E0,2.852249146E0
2.239643017E1,-2.239685059E0,-6.147155762E0,2.550750732E0
2.239884106E1,-1.974075317E0,-5.977264404E0,2.165512085E0
2.240125195E1,-1.670196533E0,-5.840881348E0,1.813766479E0
2.240363232E1,-1.359130859E0,-5.766708374E0,1.438079834E0
2.240604321E1,-1.045669556E0,-5.668594360E0,1.093521118E0
2.240845410E1,-7.513427734E-1,-5.625518799E0,7.465667725E-1
2.241086499E1,-4.857482910E-1,-5.663818359E0,4.546356201E-1
2.241324536E1,-2.727813721E-1,-5.639877319E0,1.340026855E-1
2.241565625E1,-9.092712402E-2,-5.627914429E0,-5.264282227E-2
2.241806714E1,8.613586426E-2,-5.690139771E0,-1.363983154E-1
2.242047802E1,2.608184814E-1,-5.742767334E0,-1.100769043E-1
2.242285840E1,4.355010986E-1,-5.788238525E0,7.417297363E-2
2.242526928E1,6.556396484E-1,-5.833694458E0,3.230285645E-1
2.242768017E1,8.159484863E-1,-5.871994019E0,6.532440186E-1
2.243009106E1,9.284210205E-1,-5.895919800E0,1.036087036E0
2.243250195E1,1.012161255E0,-5.917449951E0,1.462020874E0
2.243488232E1,1.071990967E0,-5.929412842E0,1.926223755E0
2.243729321E1,1.086334229E0,-5.907882690E0,2.426315308E0
2.243970410E1,1.146163940E0,-5.927017212E0,2.974273682E0
2.244211499E1,1.198806763E0,-5.895919800E0,3.505477905E0
2.244449536E1,1.313659668E0,-5.936599731E0,4.091720581E0
2.244690625E1,1.464401245E0,-5.922241211E0,4.730606079E0
2.244931714E1,1.708480835E0,-5.886337280E0,5.429321289E0
2.245172802E1,1.988433838E0,-5.855239868E0,6.163909912E0
2.245410840E1,2.321044922E0,-5.836090088E0,6.891326904E0
2.245651928E1,2.718246460E0,-5.855239868E0,7.616348267E0
2.245893017E1,3.141769409E0,-5.845672607E0,8.370086670E0
2.246134106E1,3.546157837E0,-5.915054321E0,9.090332031E0
2.246375195E1,4.027114868E0,-5.965301514E0,9.817749023E0
2.246613232E1,4.524826050E0,-5.979660034E0,1.056909180E1
2.246854321E1,5.058425903E0,-6.056228638E0,1.129173279E1
2.247095410E1,5.659027100E0,-6.139984131E0,1.188993835E1
2.247336499E1,6.319442749E0,-6.197418213E0,1.242353821E1
2.247574536E1,6.943969727E0,-6.240478516E0,1.278485107E1
2.247815625E1,7.645065308E0,-6.240478516E0,1.294757080E1
2.248056714E1,8.209777832E0,-6.262023926E0,1.286141968E1
2.248297802E1,8.786437988E0,-6.290725708E0,1.269871521E1
2.248535840E1,9.367904663E0,-6.307479858E0,1.235414124E1
2.248776928E1,9.944564819E0,-6.300308228E0,1.190429688E1
2.249018017E1,1.054039001E1,-6.388839722E0,1.138265991E1
2.249259106E1,1.104766846E1,-6.451049805E0,1.081317139E1
2.249500195E1,1.164587402E1,-6.568298340E0,1.031785583E1
2.249738232E1,1.222253418E1,-6.740585327E0,9.822540283E0
2.249979321E1,1.277528381E1,-6.951156616E0,9.437286377E0
2.250220410E1,1.331365967E1,-7.176071167E0,9.020935059E0
2.250461499E1,1.378744507E1,-7.479965210E0,8.700302124E0
2.250699536E1,1.432583618E1,-7.798202515E0,8.432312012E0
2.250940625E1,1.481875610E1,-8.185852051E0,8.231307983E0
2.251181714E1,1.527099609E1,-8.585449219E0,7.903488159E0
2.251422802E1,1.568255615E1,-9.023330688E0,7.384246826E0
2.251660840E1,1.607737732E1,-9.475585938E0,7.137786865E0
2.251901928E1,1.640519714E1,-9.951751709E0,7.013366699E0
2.252143017E1,1.664447021E1,-1.039920044E1,7.087539673E0
2.252384106E1,1.668994141E1,-1.074617004E1,7.278961182E0
2.252625195E1,1.649851990E1,-1.099502563E1,7.585250854E0
2.252863232E1,1.601277161E1,-1.102134705E1,8.013565063E0
2.253104321E1,1.521118164E1,-1.092083740E1,8.439483643E0
2.253345410E1,1.419900513E1,-1.067199707E1,8.786437988E0
2.253586499E1,1.309114075E1,-1.040159607E1,8.968292236E0
2.253824536E1,1.196171570E1,-1.013839722E1,8.937194824E0
2.254065625E1,1.093998718E1,-9.915863037E0,8.736190796E0
2.254306714E1,9.958923340E0,-9.719650269E0,8.305480957E0
2.254547802E1,9.040084839E0,-9.537796021E0,7.824523926E0
2.254785840E1,8.264816284E0,-9.391830444E0,7.266998291E0
2.255026928E1,7.527816772E0,-9.224334717E0,6.738189697E0
2.255268017E1,6.896118164E0,-9.121444702E0,6.271591187E0
2.255509106E1,6.302688599E0,-9.066406250E0,5.845672607E0
2.255747143E1,5.740386963E0,-9.071197510E0,5.469985962E0
2.255988232E1,5.206787109E0,-9.198013306E0,5.123031616E0
2.256229321E1,4.744964600E0,-9.480361938E0,4.833496094E0
2.256470410E1,4.354934692E0,-9.925430298E0,4.608581543E0
2.256711499E1,3.981658936E0,-1.042552185E1,4.426727295E0
2.256949536E1,3.601196289E0,-1.089691162E1,4.230514526E0
2.257190625E1,3.239883423E0,-1.130130005E1,4.000793457E0
2.257431714E1,2.947952271E0,-1.161476135E1,3.797409058E0
2.257672802E1,2.706283569E0,-1.188514709E1,3.603591919E0
2.257910840E1,2.541183472E0,-1.206222534E1,3.419342041E0
2.258151928E1,2.361709595E0,-1.219143677E1,3.318847656E0
2.258393017E1,2.232498169E0,-1.224645996E1,3.328414917E0
2.258634106E1,2.050643921E0,-1.225604248E1,3.354736328E0
2.258872143E1,1.895111084E0,-1.223449707E1,3.527023315E0
2.259113232E1,1.804183960E0,-1.222972107E1,3.818939209E0
2.259354321E1,1.797012329E0,-1.223211670E1,4.256835938E0
2.259595410E1,1.852050781E0,-1.223449707E1,4.819152832E0
2.259836499E1,2.096115112E0,-1.216751099E1,5.414962769E0
2.260074536E1,2.433502197E0,-1.209811401E1,6.058624268E0
2.260315625E1,2.816345215E0,-1.198086548E1,6.640075684E0
2.260556714E1,3.268600464E0,-1.184446716E1,7.042083740E0
2.260797802E1,3.883544922E0,-1.154536438E1,7.527816772E0
2.261035840E1,4.642074585E0,-1.121037292E1,7.755142212E0
2.261276928E1,5.357528687E0,-1.087059021E1,7.793426514E0
2.261518017E1,6.020339966E0,-1.058106995E1,7.535003662E0
2.261759106E1,6.611373901E0,-1.020060730E1,7.109069824E0
2.261997143E1,6.917648315E0,-9.741180420E0,6.407974243E0
2.262238232E1,7.109069824E0,-9.154937744E0,5.563308716E0
2.262479321E1,7.156936646E0,-8.523239136E0,4.603790283E0
2.262720410E1,7.008575439E0,-7.925033569E0,3.586837769E0
2.262961499E1,6.470199585E0,-7.484756470E0,2.512466431E0
2.263199536E1,5.804992676E0,-7.223937988E0,1.383056641E0
2.263440625E1,5.065612793E0,-7.195220947E0,1.363983154E-1
2.263681714E1,4.405181885E0,-7.197616577E0,-1.009765625E0
2.263922802E1,3.627517700E0,-7.262222290E0,-1.931015015E0
2.264160840E1,3.055633545E0,-7.324432373E0,-2.584243774E0
2.264401928E1,2.471786499E0,-7.412963867E0,-2.931213379E0
2.264643017E1,1.832901001E0,-7.515853882E0,-3.010177612E0
2.264884106E1,1.141372681E0,-7.633102417E0,-2.890533447E0
2.265122143E1,2.344970703E-1,-7.989639282E0,-2.730209351E0
2.265363232E1,-7.537384033E-1,-8.329421997E0,-2.581863403E0
2.265604321E1,-1.476364136E0,-8.566299438E0,-2.313858032E0
2.265845410E1,-1.899902344E0,-8.774475098E0,-1.777862549E0
2.266086499E1,-2.244461060E0,-9.061614990E0,-1.110275269E0
2.266327588E1,-2.569885254E0,-9.322433472E0,-3.134613037E-1
2.266568676E1,-2.890533447E0,-9.547363281E0,5.120697021E-1
2.266809765E1,-3.189636230E0,-9.760330200E0,1.253845215E0
2.267050854E1,-3.562911987E0,-9.937393188E0,1.715652466E0
2.267288891E1,-3.876373291E0,-1.001396179E1,1.931015015E0
2.267529980E1,-4.065399170E0,-9.990036011E0,1.940582275E0
2.267771069E1,-4.704284668E0,-9.999603271E0,1.715652466E0
2.268012158E1,-5.206787109E0,-9.927825928E0,1.256225586E0
2.268250195E1,-5.271392822E0,-9.791427612E0,9.164581299E-1
2.268491284E1,-5.051254272E0,-9.600006104E0,6.173553467E-1
2.268732373E1,-4.582260132E0,-9.288940430E0,3.684997559E-1
2.268973462E1,-3.952941895E0,-8.872589111E0,3.373870850E-1
2.269214551E1,-3.806976318E0,-8.480163574E0,2.703857422E-1
2.269452588E1,-4.192230225E0,-8.327026367E0,3.948211670E-1
2.269693676E1,-4.206588745E0,-8.219345093E0,7.968139648E-1
2.269934765E1,-3.634704590E0,-7.932205200E0,1.399795532E0
2.270175854E1,-2.629714966E0,-7.341186523E0,1.842468262E0
2.270413891E1,-2.335388184E0,-7.386642456E0,1.619934082E0
2.270654980E1,-2.232498169E0,-7.326828003E0,2.115249634E0
2.270896069E1,-1.569686890E0,-7.281356812E0,2.627319336E0
2.271137158E1,-9.786682129E-1,-7.305282593E0,3.002990723E0
2.271375195E1,-4.833526611E-1,-7.310073853E0,3.314056396E0
2.271616284E1,3.469543457E-1,-7.293319702E0,3.682556152E0
2.271857373E1,1.246658325E0,-7.257431030E0,4.120437622E0
2.272098462E1,1.942977905E0,-7.317245483E0,4.620544434E0
2.272336499E1,2.323425293E0,-7.609176636E0,4.993820190E0
2.272577588E1,2.629714966E0,-8.135604858E0,5.225921631E0
2.272818676E1,3.393020630E0,-8.379669189E0,5.139785767E0
2.273059765E1,3.914657593E0,-8.645263672E0,4.902893066E0
2.273300854E1,4.015151978E0,-9.085556030E0,4.850250244E0
2.273538891E1,4.457824707E0,-9.614364624E0,4.816757202E0
2.273779980E1,5.163711548E0,-1.012164307E1,4.536788940E0
2.274021069E1,5.807388306E0,-1.043270874E1,4.175476074E0
2.274262158E1,6.348159790E0,-1.086819458E1,3.658630371E0
2.274500195E1,6.618545532E0,-1.128454590E1,2.959915161E0
2.274741284E1,6.865005493E0,-1.167936707E1,2.495712280E0
2.274982373E1,7.018142700E0,-1.206700134E1,2.225326538E0
2.275223462E1,7.051651001E0,-1.233738708E1,2.287536621E0
2.275461499E1,6.774078369E0,-1.268913269E1,2.450256348E0
2.275702588E1,5.759521484E0,-1.308395386E1,2.641677856E0
2.275943676E1,5.694915771E0,-1.329930115E1,2.691925049E0
2.276184765E1,5.137390137E0,-1.345722961E1,2.916854858E0
2.276425854E1,4.716247559E0,-1.351466370E1,3.120239258E0
2.276663891E1,4.608581543E0,-1.337826538E1,3.244674683E0
2.276904980E1,4.522430420E0,-1.315812683E1,3.395416260E0
2.277146069E1,4.187438965E0,-1.293321228E1,3.558120728E0
2.277387158E1,3.739974976E0,-1.271067810E1,3.663406372E0
2.277625195E1,3.376266479E0,-1.250967407E1,3.773483276E0
2.277866284E1,3.041275024E0,-1.225364685E1,3.783050537E0
2.278107373E1,2.533996582E0,-1.199522400E1,3.754333496E0
2.278348462E1,1.990829468E0,-1.172244263E1,3.694519043E0
2.278586499E1,1.488342285E0,-1.142094421E1,3.548553467E0
2.278827588E1,9.882354736E-1,-1.113619995E1,3.299697876E0
2.279068676E1,4.019927979E-1,-1.093519592E1,3.053237915E0
2.279309765E1,2.632141113E-2,-1.075813293E1,2.799606323E0
2.279550854E1,-3.014984131E-1,-1.063369751E1,2.608169556E0
2.279788891E1,-5.455627441E-1,-1.053080750E1,2.409576416E0
2.280029980E1,-8.159484863E-1,-1.048535156E1,2.189437866E0
2.280271069E1,-1.024124146E0,-1.039442444E1,1.986038208E0
2.280512158E1,-1.134201050E0,-1.029393005E1,1.837692261E0
2.280750195E1,-1.239486694E0,-1.015274048E1,1.689331055E0
2.280991284E1,-1.213165283E0,-1.003311157E1,1.643875122E0
2.281232373E1,-1.311264038E0,-9.896713257E0,1.677368164E0
2.281473462E1,-1.536193848E0,-9.798614502E0,1.718048096E0
2.281711499E1,-1.866409302E0,-9.738784790E0,1.816146851E0
2.281952588E1,-2.165512085E0,-9.700500488E0,1.952545166E0
2.282193676E1,-2.474182129E0,-9.681365967E0,2.012359619E0
2.282434765E1,-2.670394897E0,-9.760330200E0,2.091323853E0
2.282675854E1,-2.713455200E0,-9.860824585E0,2.321044922E0
2.282913891E1,-2.914459229E0,-9.990036011E0,2.804382324E0
2.283154980E1,-3.113067627E0,-1.025085449E1,3.151351929E0
2.283396069E1,-3.247055054E0,-1.065284729E1,3.349945068E0
2.283637158E1,-3.043670654E0,-1.101176453E1,3.493515015E0
2.283875195E1,-2.526824951E0,-1.138983154E1,3.474380493E0
2.284116284E1,-1.670196533E0,-1.156690979E1,3.340377808E0
2.284357373E1,-8.374938965E-1,-1.171047974E1,3.395416260E0
2.284598462E1,-2.153472900E-1,-1.171286011E1,3.548553467E0
2.284836499E1,2.488555908E-1,-1.167936707E1,3.802200317E0
2.285077588E1,5.288085938E-1,-1.171525574E1,4.134796143E0
2.285318676E1,8.015899658E-1,-1.171047974E1,4.529617310E0
2.285559765E1,9.954071045E-1,-1.155972290E1,4.809570312E0
2.285797802E1,1.284942627E0,-1.150468445E1,5.003387451E0
2.286038891E1,1.596008301E0,-1.129412842E1,5.132598877E0
2.286279980E1,1.938186646E0,-1.097109985E1,5.120635986E0
2.286521069E1,2.163116455E0,-1.071745300E1,5.108673096E0
2.286762158E1,2.366500854E0,-1.042074585E1,5.012969971E0
2.287000195E1,2.498107910E0,-9.958923340E0,4.864608765E0
2.287241284E1,2.591430664E0,-9.504287720E0,4.682754517E0
2.287482373E1,2.584243774E0,-9.099899292E0,4.436294556E0
2.287723462E1,2.620147705E0,-8.621337891E0,4.072586060E0
2.287961499E1,2.696716309E0,-8.181060791E0,3.835693359E0
2.288202588E1,2.821136475E0,-7.793426514E0,3.634704590E0
2.288443676E1,3.058029175E0,-7.444076538E0,3.323623657E0
2.288684765E1,3.261413574E0,-7.199996948E0,2.935989380E0
2.288922802E1,3.436096191E0,-7.070785522E0,2.555541992E0
2.289163891E1,3.584442139E0,-6.965499878E0,2.199005127E0
2.289404980E1,3.699310303E0,-6.807586670E0,1.883148193E0
2.289646069E1,3.682556152E0,-6.731002808E0,1.631912231E0
2.289887158E1,3.538986206E0,-6.707077026E0,1.464401245E0
2.290125195E1,3.479156494E0,-6.628112793E0,1.318450928E0
2.290366284E1,3.395416260E0,-6.620941162E0,1.234695435E0
2.290607373E1,3.318847656E0,-6.616149902E0,1.129409790E0
2.290848462E1,3.297302246E0,-6.592224121E0,1.024124146E0
2.291086499E1,3.194412231E0,-6.606582642E0,9.379882812E-1
2.291327588E1,3.165710449E0,-6.597015381E0,8.590240479E-1
2.291568676E1,3.132202148E0,-6.582656860E0,8.350982666E-1
2.291809765E1,3.050842285E0,-6.575469971E0,8.494567871E-1
2.292047802E1,3.069992065E0,-6.563507080E0,9.020996094E-1
2.292288891E1,3.046066284E0,-6.546768188E0,9.667053223E-1
2.292529980E1,3.014953613E0,-6.575469971E0,9.786682129E-1
2.292771069E1,2.938385010E0,-6.592224121E0,1.067199707E0
2.293012158E1,2.938385010E0,-6.637695312E0,1.146163940E0
2.293250195E1,2.912063599E0,-6.683151245E0,1.251449585E0
2.293491284E1,2.854644775E0,-6.719039917E0,1.375869751E0
2.293732373E1,2.816345215E0,-6.764511108E0,1.555328369E0
2.293973462E1,2.835494995E0,-6.850646973E0,1.703689575E0
2.294214551E1,2.857025146E0,-6.898513794E0,1.852050781E0
2.294455639E1,2.833099365E0,-6.972686768E0,2.041076660E0
2.294696728E1,2.830703735E0,-7.032501221E0,2.187042236E0
2.294937817E1,2.833099365E0,-7.092330933E0,2.344970703E0
2.295175854E1,2.935989380E0,-7.192825317E0,2.388031006E0
2.295416943E1,2.950347900E0,-7.290924072E0,2.591430664E0
2.295658032E1,2.995819092E0,-7.379470825E0,2.718246460E0
2.295899121E1,3.098709106E0,-7.491928101E0,2.919250488E0
2.296140210E1,3.254241943E0,-7.635498047E0,2.986236572E0
2.296378247E1,3.369094849E0,-7.786239624E0,3.136993408E0
2.296619336E1,3.438491821E0,-7.915451050E0,3.232696533E0
2.296860424E1,3.503097534E0,-8.018356323E0,3.235092163E0
2.297101513E1,3.579666138E0,-8.178665161E0,3.072387695E0
2.297339551E1,3.704086304E0,-8.331802368E0,2.926422119E0
2.297580639E1,3.730407715E0,-8.446670532E0,2.830703735E0
2.297821728E1,3.840484619E0,-8.556732178E0,2.778060913E0
2.298062817E1,3.890731812E0,-8.640487671E0,2.696716309E0
2.298300854E1,3.888336182E0,-8.647659302E0,2.656036377E0
2.298541943E1,3.783050537E0,-8.650054932E0,2.622528076E0
2.298783032E1,3.747161865E0,-8.623733521E0,2.603393555E0
2.299024121E1,3.694519043E0,-8.539978027E0,2.533996582E0
2.299262158E1,3.550949097E0,-8.441879272E0,2.488540649E0
2.299503247E1,3.474380493E0,-8.274383545E0,2.462219238E0
2.299744336E1,3.330810547E0,-8.104492188E0,2.455032349E0
2.299985424E1,3.256637573E0,-7.958526611E0,2.392822266E0
2.300226513E1,3.069992065E0,-7.843673706E0,2.411972046E0
2.300464551E1,2.840286255E0,-7.743179321E0,2.474182129E0
2.300705639E1,2.656036377E0,-7.676177979E0,2.481353760E0
2.300946728E1,2.591430664E0,-7.692932129E0,2.505279541E0
2.301187817E1,2.416748047E0,-7.702499390E0,2.603393555E0
2.301425854E1,2.218139648E0,-7.714462280E0,2.818740845E0
2.301666943E1,1.964508057E0,-7.769500732E0,2.991027832E0
2.301908032E1,1.730010986E0,-7.836486816E0,3.151351929E0
2.302149121E1,1.562515259E0,-7.977676392E0,3.371490479E0
2.302387158E1,1.385437012E0,-8.087738037E0,3.577270508E0
2.302628247E1,1.208374023E0,-8.204986572E0,3.852447510E0
2.302869336E1,1.093521118E0,-8.341384888E0,4.108474731E0
2.303110424E1,9.954071045E-1,-8.441879272E0,4.366897583E0
2.303351513E1,9.092712402E-1,-8.504089355E0,4.673187256E0
2.303589551E1,8.661956787E-1,-8.587844849E0,4.945968628E0
2.303830639E1,7.968139648E-1,-8.642868042E0,5.225921631E0
2.304071728E1,7.944183350E-1,-8.673980713E0,5.477172852E0
2.304312817E1,8.925170898E-1,-8.712265015E0,5.718841553E0
2.304550854E1,1.007385254E0,-8.733810425E0,5.936599731E0
2.304791943E1,1.107879639E0,-8.784057617E0,6.151947021E0
2.305033032E1,1.158126831E0,-8.776870728E0,6.379272461E0
2.305274121E1,1.261016846E0,-8.784057617E0,6.551544189E0
2.305512158E1,1.344772339E0,-8.769699097E0,6.783645630E0
2.305753247E1,1.514663696E0,-8.731414795E0,6.917648315E0
2.305994336E1,1.612762451E0,-8.693130493E0,7.022933960E0
2.306235424E1,1.636688232E0,-8.559127808E0,7.075576782E0
2.306476513E1,1.596008301E0,-8.405990601E0,7.066009521E0
2.306714551E1,1.665405273E0,-8.307876587E0,6.943969727E0
2.306955639E1,1.880752563E0,-8.231307983E0,6.917648315E0
2.307196728E1,2.081756592E0,-8.161911011E0,6.745361328E0
2.307437817E1,2.179855347E0,-8.039886475E0,6.601791382E0
2.307675854E1,2.201400757E0,-7.893920898E0,6.434295654E0
2.307916943E1,2.158325195E0,-7.819747925E0,6.230911255E0
2.308158032E1,2.026718140E0,-7.733596802E0,6.063415527E0
2.308399121E1,1.875976562E0,-7.659423828E0,5.927017212E0
2.308637158E1,1.732406616E0,-7.649856567E0,5.776275635E0
2.308878247E1,1.509872437E0,-7.597213745E0,5.704483032E0
2.309119336E1,1.256225586E0,-7.592422485E0,5.654235840E0
2.309360424E1,1.098312378E0,-7.733596802E0,5.613555908E0
2.309601513E1,9.451599121E-1,-7.896316528E0,5.678161621E0
2.309839551E1,1.021728516E0,-8.166702271E0,5.737991333E0
2.310080639E1,1.115051270E0,-8.516052246E0,5.790634155E0
2.310321728E1,1.246658325E0,-8.882156372E0,6.037094116E0
2.310562817E1,1.457229614E0,-9.303298950E0,6.398406982E0
2.310800854E1,1.734802246E0,-9.736389160E0,6.814758301E0
2.311041943E1,1.993225098E0,-1.011685181E1,7.307678223E0
2.311283032E1,2.160720825E0,-1.037049866E1,7.872390747E0
2.311524121E1,2.227722168E0,-1.055712891E1,8.338989258E0
2.311762158E1,2.282745361E0,-1.058824158E1,8.750549316E0
2.312003247E1,2.426315308E0,-1.062413025E1,9.099899292E0
2.312244336E1,2.414352417E0,-1.041835022E1,9.284149170E0
2.312485424E1,2.337783813E0,-1.011685181E1,9.454040527E0
2.312723462E1,2.222930908E0,-9.714859009E0,9.525833130E0
2.312964551E1,2.187042236E0,-9.293716431E0,9.509078979E0
2.313205639E1,2.311462402E0,-8.946762085E0,9.442077637E0
2.313446728E1,2.567504883E0,-8.623733521E0,9.315261841E0
2.313687817E1,2.828323364E0,-8.303100586E0,9.121444702E0
2.313925854E1,3.079559326E0,-8.015960693E0,8.939590454E0
2.314166943E1,3.199203491E0,-7.707275391E0,8.743377686E0
2.314408032E1,3.297302246E0,-7.420150757E0,8.544769287E0
2.314649121E1,3.383453369E0,-7.144973755E0,8.329421997E0
2.314887158E1,3.400207520E0,-6.872192383E0,8.073379517E0
2.315128247E1,3.448059082E0,-6.632904053E0,7.819747925E0
2.315369336E1,3.651443481E0,-6.431915283E0,7.463211060E0
2.315610424E1,3.945770264E0,-6.245269775E0,7.099502563E0
2.315848462E1,4.254440308E0,-6.077774048E0,6.771682739E0
2.316089551E1,4.615753174E0,-5.934204102E0,6.331405640E0
2.316330639E1,4.962707520E0,-5.843276978E0,5.852844238E0
2.316571728E1,5.197204590E0,-5.742767334E0,5.386245728E0
2.316812817E1,5.340774536E0,-5.716461182E0,4.936386108E0
2.317050854E1,5.436492920E0,-5.694915771E0,4.457824707E0
2.317291943E1,5.534591675E0,-5.678161621E0,4.046264648E0
2.317533032E1,5.544174194E0,-5.690139771E0,3.763916016E0
2.317774121E1,5.532211304E0,-5.726028442E0,3.505477905E0
2.318012158E1,5.402999878E0,-5.869598389E0,3.359527588E0
2.318253247E1,5.123031616E0,-6.003585815E0,3.297302246E0
2.318494336E1,4.936386108E0,-6.300308228E0,3.062820435E0
2.318735424E1,4.804794312E0,-6.683151245E0,2.840286255E0
2.318973462E1,4.759323120E0,-7.070785522E0,2.536392212E0
2.319214551E1,4.792816162E0,-7.446456909E0,2.158325195E0
2.319455639E1,4.867004395E0,-7.800598145E0,1.663009644E0
2.319696728E1,4.941177368E0,-8.202590942E0,1.201202393E0
2.319937817E1,5.218750000E0,-8.635696411E0,7.824554443E-1
2.320175854E1,5.481964111E0,-9.174087524E0,4.163513184E-1
2.320416943E1,5.831314087E0,-9.772293091E0,1.674957275E-1
2.320658032E1,6.058624268E0,-1.050448608E1,-9.571838379E-2
2.320899121E1,6.348159790E0,-1.126780701E1,-3.302154541E-1
2.321137158E1,6.632904053E0,-1.211486816E1,-5.814514160E-1
2.321378247E1,6.754943848E0,-1.298823547E1,-6.149597168E-1
2.321619336E1,6.711868286E0,-1.380659485E1,-5.742797852E-1
2.321860424E1,6.360122681E0,-1.465364075E1,-3.134613037E-1
2.322098462E1,6.118453979E0,-1.549353027E1,-1.148529053E-1
2.322339551E1,5.843276978E0,-1.633819580E1,3.111267090E-2
2.322580639E1,5.682952881E0,-1.718765259E1,-3.828430176E-2
2.322821728E1,5.247467041E0,-1.801556396E1,-1.196289062E-2
2.323062817E1,4.725830078E0,-1.888415527E1,1.100769043E-1
2.323303906E1,4.627716064E0,-1.971685791E1,2.560272217E-1
2.323544995E1,4.620544434E0,-2.049691772E1,4.474639893E-1
2.323786084E1,4.342971802E0,-2.121716309E1,7.872314453E-1
2.324027173E1,4.596618652E0,-2.208096313E1,1.129409790E0
2.324265210E1,4.917251587E0,-2.306202698E1,1.694122314E0
2.324506298E1,4.508071899E0,-2.388754272E1,2.242080688E0
2.324747387E1,3.933807373E0,-2.442114258E1,2.476577759E0
2.324988476E1,3.349945068E0,-2.476811218E1,2.512466431E0
2.325226513E1,3.050842285E0,-2.504806519E1,2.634490967E0
2.325467602E1,2.938385010E0,-2.524427795E1,2.864212036E0
2.325708691E1,3.041275024E0,-2.539981079E1,2.983856201E0
2.325949780E1,3.024520874E0,-2.543331909E1,3.062820435E0
2.326187817E1,3.299697876E0,-2.528016663E1,2.895309448E0
2.326428906E1,3.711273193E0,-2.494038391E1,2.672790527E0
2.326669995E1,4.017547607E0,-2.443310547E1,2.251647949E0
2.326911084E1,4.388442993E0,-2.380619812E1,1.701293945E0
2.327152173E1,4.673187256E0,-2.305006409E1,1.146163940E0
2.327390210E1,4.711471558E0,-2.216232300E1,7.561340332E-1
2.327631298E1,4.711471558E0,-2.120040894E1,4.929199219E-1
2.327872387E1,4.443466187E0,-2.007579041E1,3.613128662E-1
2.328113476E1,3.933807373E0,-1.887458801E1,3.493499756E-1
2.328351513E1,3.297302246E0,-1.769493103E1,4.594268799E-1
2.328592602E1,2.735000610E0,-1.646022034E1,4.809570312E-1
2.328833691E1,2.349746704E0,-1.533320618E1,5.192413330E-1
2.329074780E1,2.158325195E0,-1.430668640E1,6.460571289E-1
2.329312817E1,2.175079346E0,-1.337826538E1,7.633056641E-1
2.329553906E1,2.146362305E0,-1.269152832E1,8.183441162E-1
2.329794995E1,2.167892456E0,-1.227278137E1,6.652069092E-1
2.330036084E1,2.196609497E0,-1.181576538E1,6.197357178E-1
2.330277173E1,2.234893799E0,-1.126301575E1,1.160522461E0
2.330515210E1,2.452636719E0,-1.085623169E1,1.438079834E0
2.330756298E1,2.438293457E0,-1.057867432E1,1.466796875E0
2.330997387E1,2.459823608E0,-1.036810303E1,1.450057983E0
2.331238476E1,2.438293457E0,-1.021974182E1,1.471588135E0
2.331476513E1,2.426315308E0,-1.009053040E1,1.289733887E0
2.331717602E1,2.648849487E0,-1.001635742E1,9.906311035E-1
2.331958691E1,3.026916504E0,-9.913467407E0,5.742797852E-1
2.332199780E1,3.519836426E0,-9.875183105E0,1.292114258E-1
2.332437817E1,3.826126099E0,-9.817749023E0,-2.919311523E-1
2.332678906E1,3.962509155E0,-9.702896118E0,-4.187469482E-1
2.332919995E1,4.158721924E0,-9.640686035E0,-6.173553467E-1
2.333161084E1,4.108474731E0,-9.485153198E0,-1.265808105E0
2.333402173E1,3.914657593E0,-9.171691895E0,-2.096115112E0
2.333640210E1,3.708877563E0,-8.796020508E0,-2.857025146E0
2.333881298E1,3.574874878E0,-8.403594971E0,-3.759124756E0
2.334122387E1,3.584442139E0,-8.092529297E0,-4.486541748E0
2.334363476E1,3.548553467E0,-7.755142212E0,-5.032104492E0
2.334601513E1,3.014953613E0,-7.508682251E0,-5.211563110E0
2.334842602E1,1.849655151E0,-6.884155273E0,-4.967498779E0
2.335083691E1,3.249450684E0,-6.575469971E0,-4.163513184E0
2.335324780E1,4.125228882E0,-6.592224121E0,-3.390625000E0
2.335562817E1,4.797607422E0,-6.630508423E0,-3.426528931E0
2.335803906E1,5.505889893E0,-6.716659546E0,-3.445663452E0
2.336044995E1,5.821731567E0,-6.764511108E0,-3.493515015E0
2.336286084E1,6.072982788E0,-6.788436890E0,-3.282958984E0
2.336527173E1,5.931808472E0,-6.766906738E0,-2.845062256E0
2.336765210E1,5.699707031E0,-6.738189697E0,-2.380859375E0
2.337006298E1,5.414962769E0,-6.733398438E0,-2.074584961E0
2.337247387E1,5.087142944E0,-6.723831177E0,-1.627120972E0
2.337488476E1,4.768890381E0,-6.752548218E0,-1.263412476E0
2.337726513E1,4.481750488E0,-6.817153931E0,-7.872314453E-1
2.337967602E1,4.177871704E0,-6.896118164E0,-3.373870850E-1
2.338208691E1,3.842880249E0,-6.886550903E0,-4.067993164E-2
2.338449780E1,3.443267822E0,-6.910476685E0,2.751770020E-1
2.338687817E1,3.129806519E0,-6.927215576E0,5.216369629E-1
2.338928906E1,2.816345215E0,-6.917648315E0,7.561340332E-1
2.339169995E1,2.502899170E0,-6.888931274E0,9.331970215E-1
2.339411084E1,2.191818237E0,-6.807586670E0,1.012161255E0
2.339649121E1,1.983642578E0,-6.747756958E0,1.107879639E0
2.339890210E1,1.768295288E0,-6.668792725E0,1.217941284E0
2.340131298E1,1.593612671E0,-6.606582642E0,1.275375366E0
2.340372387E1,1.478759766E0,-6.539581299E0,1.395019531E0
2.340610424E1,1.390228271E0,-6.489334106E0,1.493118286E0
2.340851513E1,1.359130859E0,-6.453445435E0,1.667800903E0
2.341092602E1,1.325622559E0,-6.388839722E0,1.852050781E0
2.341333691E1,1.292129517E0,-6.348159790E0,2.076965332E0
2.341574780E1,1.246658325E0,-6.238082886E0,2.251647949E0
2.341812817E1,1.177261353E0,-6.180664062E0,2.469390869E0
2.342053906E1,1.189239502E0,-6.113662720E0,2.672790527E0
2.342294995E1,1.179656982E0,-6.025131226E0,2.890533447E0
2.342536084E1,1.167694092E0,-5.950942993E0,3.091522217E0
2.342774121E1,1.127014160E0,-5.907882690E0,3.280563354E0
2.343015210E1,1.024124146E0,-5.903091431E0,3.522232056E0
2.343256298E1,8.829498291E-1,-5.848052979E0,3.625122070E0
2.343497387E1,7.824554443E-1,-5.816955566E0,3.799804688E0
2.343738476E1,6.460571289E-1,-5.804992676E0,3.957733154E0
2.343976513E1,5.288085938E-1,-5.740386963E0,4.091720581E0
2.344217602E1,2.991027832E-1,-5.726028442E0,4.237686157E0
2.344458691E1,7.177734375E-2,-5.666198730E0,4.307083130E0
2.344699780E1,-1.435699463E-1,-5.714065552E0,4.388442993E0
2.344937817E1,-3.134613037E-1,-5.812164307E0,4.486541748E0
2.345178906E1,-4.163513184E-1,-5.874374390E0,4.543975830E0
2.345419995E1,-4.833526611E-1,-5.915054321E0,4.522430420E0
2.345661084E1,-4.713897705E-1,-5.962921143E0,4.453048706E0
2.345899121E1,-4.665985107E-1,-6.017944336E0,4.362121582E0
2.346140210E1,-5.599212646E-1,-6.084945679E0,4.197006226E0
2.346381298E1,-6.652069092E-1,-6.159118652E0,4.065399170E0
2.346622387E1,-8.135528564E-1,-6.223724365E0,3.878768921E0
2.346863476E1,-9.667053223E-1,-6.317047119E0,3.663406372E0
2.347101513E1,-1.115051270E0,-6.372085571E0,3.515060425E0
2.347342602E1,-1.222732544E0,-6.360122681E0,3.364303589E0
2.347583691E1,-1.316055298E0,-6.364913940E0,3.146560669E0
2.347824780E1,-1.371093750E0,-6.329010010E0,2.959915161E0
2.348062817E1,-1.471588135E0,-6.295516968E0,2.737396240E0
2.348303906E1,-1.493118286E0,-6.271591187E0,2.533996582E0
2.348544995E1,-1.507476807E0,-6.202194214E0,2.285140991E0
2.348786084E1,-1.521835327E0,-6.125625610E0,2.045867920E0
2.349024121E1,-1.564910889E0,-6.008377075E0,1.804183960E0
2.349265210E1,-1.507476807E0,-5.840881348E0,1.533798218E0
2.349506298E1,-1.433303833E0,-5.711669922E0,1.239486694E0
2.349747387E1,-1.337585449E0,-5.570495605E0,9.834442139E-1
2.349988476E1,-1.208374023E0,-5.436492920E0,7.609100342E-1
2.350226513E1,-1.057632446E0,-5.302490234E0,5.886383057E-1
2.350467602E1,-9.092712402E-1,-5.190032959E0,4.019927979E-1
2.350708691E1,-6.915283203E-1,-5.132598877E0,2.847442627E-1
2.350949780E1,-4.307098389E-1,-5.113464355E0,2.153472900E-1
2.351190869E1,-1.746826172E-1,-5.134994507E0,2.273254395E-1
2.351431958E1,1.076812744E-1,-5.170883179E0,3.254241943E-1
2.351673047E1,3.421783447E-1,-5.228317261E0,5.838470459E-1
2.351914135E1,5.694885254E-1,-5.252243042E0,9.140625000E-1
2.352152173E1,7.896270752E-1,-5.314453125E0,1.304092407E0
2.352393261E1,9.236297607E-1,-5.319244385E0,1.746765137E0
2.352634350E1,9.978027344E-1,-5.376678467E0,2.172683716E0
2.352875439E1,1.055236816E0,-5.412567139E0,2.608169556E0
2.353113476E1,1.160522461E0,-5.479568481E0,3.060424805E0
2.353354565E1,1.246658325E0,-5.513061523E0,3.582061768E0
2.353595654E1,1.272979736E0,-5.551345825E0,4.051055908E0
2.353836743E1,1.306488037E0,-5.544174194E0,4.536788940E0
2.354077832E1,1.361511230E0,-5.548950195E0,5.056030273E0
2.354315869E1,1.459625244E0,-5.556137085E0,5.637496948E0
2.354556958E1,1.588836670E0,-5.536987305E0,6.216552734E0
2.354798047E1,1.820938110E0,-5.544174194E0,6.824325562E0
2.355039135E1,2.029113770E0,-5.520248413E0,7.384246826E0
2.355277173E1,2.289932251E0,-5.563308716E0,7.970489502E0
2.355518261E1,2.646469116E0,-5.623138428E0,8.561523438E0
2.355759350E1,3.000595093E0,-5.692520142E0,9.152542114E0
2.356000439E1,3.378662109E0,-5.752349854E0,9.714859009E0
2.356238476E1,3.876373291E0,-5.860015869E0,1.026998901E1
2.356479565E1,4.393218994E0,-5.931808472E0,1.080598450E1
2.356720654E1,4.950744629E0,-5.972488403E0,1.133241272E1
2.356961743E1,5.525024414E0,-6.092132568E0,1.177508545E1
2.357202832E1,6.168701172E0,-6.175872803E0,1.214596558E1
2.357440869E1,6.809967041E0,-6.264404297E0,1.232304382E1
2.357681958E1,7.448852539E0,-6.352951050E0,1.237568665E1
2.357923047E1,8.051849365E0,-6.460617065E0,1.224885559E1
2.358164135E1,8.690734863E0,-6.532409668E0,1.202632141E1
2.358402173E1,9.341583252E0,-6.640075684E0,1.167219543E1
2.358643261E1,1.003549194E1,-6.788436890E0,1.120320129E1
2.358884350E1,1.068634033E1,-6.953536987E0,1.062892151E1
2.359125439E1,1.136590576E1,-7.214355469E0,1.002352905E1
2.359363476E1,1.206700134E1,-7.479965210E0,9.351150513E0
2.359604565E1,1.272741699E1,-7.747955322E0,8.683547974E0
2.359845654E1,1.335433960E1,-8.085342407E0,8.027923584E0
2.360086743E1,1.397169495E1,-8.405990601E0,7.341186523E0
2.360327832E1,1.454357910E1,-8.800796509E0,6.714263916E0
2.360565869E1,1.508195496E1,-9.178863525E0,6.099304199E0
2.360806958E1,1.555094910E1,-9.511474609E0,5.551345825E0
2.361048047E1,1.590029907E1,-9.793823242E0,5.127822876E0
2.361289135E1,1.617070007E1,-1.008335876E1,4.886138916E0
2.361527173E1,1.622334290E1,-1.032742310E1,4.807174683E0
2.361768261E1,1.600558472E1,-1.050448608E1,5.048858643E0
2.362009350E1,1.556770325E1,-1.052363586E1,5.580062866E0
2.362250439E1,1.488096619E1,-1.048535156E1,6.324234009E0
2.362488476E1,1.405065918E1,-1.041355896E1,7.178466797E0
2.362729565E1,1.312702942E1,-1.031066895E1,7.996810913E0
2.362970654E1,1.221057129E1,-1.023170471E1,8.714660645E0
2.363211743E1,1.133241272E1,-1.015036011E1,9.279373169E0
2.363452832E1,1.053080750E1,-1.007856750E1,9.686141968E0
2.363690869E1,9.784255981E0,-1.003071594E1,9.970886230E0
2.363931958E1,9.097518921E0,-9.968505859E0,1.017189026E1
2.364173047E1,8.511276245E0,-9.992431641E0,1.024128723E1
2.364414135E1,8.001602173E0,-1.002592468E1,1.024128723E1
2.364652173E1,7.539779663E0,-1.012164307E1,1.015513611E1
2.364893261E1,7.185653687E0,-1.031066895E1,1.003311157E1
2.365134350E1,6.967895508E0,-1.061695862E1,9.803390503E0
2.365375439E1,6.793228149E0,-1.093041992E1,9.475585938E0
2.365613476E1,6.625732422E0,-1.136830139E1,9.001800537E0
2.365854565E1,6.508483887E0,-1.180140686E1,8.370086670E0
2.366095654E1,6.400802612E0,-1.233500671E1,7.573287964E0
2.366336743E1,6.218948364E0,-1.293321228E1,6.668792725E0
2.366574780E1,5.974884033E0,-1.341894531E1,5.728424072E0
2.366815869E1,5.795410156E0,-1.397169495E1,4.833496094E0
2.367056958E1,5.647064209E0,-1.451246643E1,3.998413086E0
2.367298047E1,5.501098633E0,-1.481156921E1,3.244674683E0
2.367539135E1,5.333602905E0,-1.497428894E1,2.744567871E0
2.367777173E1,5.142181396E0,-1.491925049E1,2.457427979E0
2.368018261E1,4.871780396E0,-1.461775208E1,2.514862061E0
2.368259350E1,4.534393311E0,-1.411286926E1,2.859420776E0
2.368500439E1,4.204193115E0,-1.337826538E1,3.428909302E0
2.368738476E1,3.806976318E0,-1.251446533E1,4.125228882E0
2.368979565E1,3.440872192E0,-1.161715698E1,4.740188599E0
2.369220654E1,3.122634888E0,-1.066960144E1,5.132598877E0
2.369461743E1,2.873779297E0,-9.765106201E0,5.276168823E0
2.369699780E1,2.770889282E0,-8.934799194E0,5.182861328E0
2.369940869E1,2.644073486E0,-8.200210571E0,4.869400024E0
2.370181958E1,2.584243774E0,-7.489532471E0,4.515258789E0
2.370423047E1,2.431106567E0,-6.936798096E0,4.086944580E0
2.370664135E1,2.301895142E0,-6.534805298E0,3.613159180E0
2.370902173E1,2.036285400E0,-6.321838379E0,2.947952271E0
2.371143261E1,1.567306519E0,-6.276367188E0,2.385650635E0
2.371384350E1,1.167694092E0,-6.242874146E0,1.758728027E0
2.371625439E1,7.322082520E-1,-6.331405640E0,1.100692749E0
2.371863476E1,3.230285645E-1,-6.553939819E0,5.001068115E-1
2.372104565E1,-7.177734375E-2,-6.774078369E0,-2.153015137E-2
2.372345654E1,-4.211425781E-1,-6.987045288E0,-3.613128662E-1
2.372586743E1,-1.064804077E0,-7.398605347E0,-7.130584717E-1
2.372824780E1,-1.593612671E0,-7.771881104E0,-1.012161255E0
2.373065869E1,-1.947753906E0,-8.049453735E0,-1.136596680E0
2.373306958E1,-2.335388184E0,-8.317459106E0,-1.167694092E0
2.373548047E1,-2.565109253E0,-8.535202026E0,-9.667053223E-1
2.373789135E1,-2.938385010E0,-8.705093384E0,-7.082824707E-1
2.374027173E1,-3.036499023E0,-8.884552002E0,-1.722869873E-1
2.374268261E1,-3.263809204E0,-9.221939087E0,5.718841553E-1
2.374509350E1,-3.522232056E0,-9.473190308E0,1.107879639E0
2.374750439E1,-3.675369263E0,-9.609573364E0,1.634292603E0
2.374988476E1,-3.653839111E0,-9.729217529E0,2.151153564E0
2.375229565E1,-3.921829224E0,-9.879959106E0,2.557922363E0
2.375470654E1,-4.218551636E0,-1.006660461E1,2.500503540E0
2.375711743E1,-4.333404541E0,-1.017668152E1,2.483749390E0
2.375949780E1,-3.854843140E0,-1.013121033E1,2.364105225E0
2.376190869E1,-3.306884766E0,-9.992431641E0,2.273178101E0
2.376431958E1,-2.907272339E0,-9.796218872E0,1.931015015E0
2.376673047E1,-2.376068115E0,-9.600006104E0,1.670196533E0
2.376914135E1,-1.727615356E0,-9.315261841E0,1.574478149E0
2.377152173E1,-7.752685547E-1,-8.877365112E0,1.828109741E0
2.377393261E1,-1.411743164E-1,-8.489730835E0,1.969299316E0
2.377634350E1,2.967071533E-1,-8.140380859E0,2.397613525E0
2.377875439E1,7.154541016E-1,-7.886749268E0,2.749359131E0
2.378113476E1,1.155731201E0,-7.666610718E0,3.168090820E0
2.378354565E1,1.756332397E0,-7.489532471E0,3.397811890E0
2.378595654E1,2.490921021E0,-7.319641113E0,3.735198975E0
2.378836743E1,2.921630859E0,-7.266998291E0,3.914657593E0
2.379074780E1,2.967102051E0,-7.269393921E0,3.986450195E0
2.379315869E1,3.043670654E0,-7.381851196E0,4.130004883E0
2.379556958E1,3.266204834E0,-7.506286621E0,4.072586060E0
2.379798047E1,3.570098877E0,-7.654632568E0,4.137191772E0
2.380039135E1,3.780654907E0,-7.872390747E0,4.079757690E0
2.380280224E1,4.113265991E0,-8.142776489E0,4.036697388E0
2.380521313E1,4.426727295E0,-8.386840820E0,3.897903442E0
2.380762402E1,4.639678955E0,-8.575881958E0,3.893127441E0
2.381003491E1,4.831115723E0,-8.767303467E0,3.790237427E0
2.381241528E1,5.020141602E0,-9.032897949E0,3.639480591E0
2.381482617E1,5.560913086E0,-9.284149170E0,3.512664795E0
2.381723706E1,5.544174194E0,-9.499511719E0,3.306884766E0
2.381964795E1,5.123031616E0,-9.734008789E0,3.144165039E0
2.382202832E1,4.843078613E0,-9.968505859E0,3.127426147E0
2.382443921E1,4.572677612E0,-1.023649597E1,3.192031860E0
2.382685009E1,4.108474731E0,-1.056671143E1,3.328414917E0
2.382926098E1,3.972091675E0,-1.093759155E1,3.443267822E0
2.383164135E1,3.981658936E0,-1.121994019E1,3.414550781E0
2.383405224E1,4.103683472E0,-1.150947571E1,3.266204834E0
2.383646313E1,4.130004883E0,-1.185165405E1,3.125030518E0
2.383887402E1,4.158721924E0,-1.212921143E1,2.947952271E0
2.384128491E1,4.249649048E0,-1.232781982E1,2.725418091E0
2.384366528E1,4.280761719E0,-1.248574829E1,2.500503540E0
2.384607617E1,4.369293213E0,-1.248095703E1,2.407180786E0
2.384848706E1,4.364501953E0,-1.234457397E1,2.399993896E0
2.385089795E1,4.414764404E0,-1.213879395E1,2.426315308E0
2.385327832E1,4.314254761E0,-1.197607422E1,2.428710938E0
2.385568921E1,4.254440308E0,-1.170329285E1,2.464614868E0
2.385810009E1,4.156326294E0,-1.149272156E1,2.519638062E0
2.386051098E1,3.711273193E0,-1.129412842E1,2.723037720E0
2.386289135E1,4.051055908E0,-1.113380432E1,2.725418091E0
2.386530224E1,3.761520386E0,-1.101416016E1,2.708679199E0
2.386771313E1,3.354736328E0,-1.074856567E1,2.600997925E0
2.387012402E1,2.979064941E0,-1.057148743E1,2.512466431E0
2.387253491E1,2.634490967E0,-1.046859741E1,2.569885254E0
2.387491528E1,2.325820923E0,-1.037049866E1,2.644073486E0
2.387732617E1,1.995620728E0,-1.025802612E1,2.663208008E0
2.387973706E1,1.768295288E0,-1.013121033E1,2.679962158E0
2.388214795E1,1.536193848E0,-1.005703735E1,2.682357788E0
2.388452832E1,1.366302490E0,-1.000679016E1,2.744567871E0
2.388693921E1,1.253845215E0,-9.927825928E0,2.778060913E0
2.388935009E1,1.024124146E0,-9.836898804E0,2.689529419E0
2.389176098E1,8.087768555E-1,-9.791427612E0,2.567504883E0
2.389414135E1,6.029968262E-1,-9.772293091E0,2.466995239E0
2.389655224E1,4.187469482E-1,-9.810577393E0,2.428710938E0
2.389896313E1,2.081756592E-1,-9.841674805E0,2.385650635E0
2.390137402E1,9.332275391E-2,-9.781860352E0,2.349746704E0
2.390378491E1,-5.264282227E-2,-9.645462036E0,2.328216553E0
2.390616528E1,-1.531372070E-1,-9.487548828E0,2.266006470E0
2.390857617E1,-1.124572754E-1,-9.293716431E0,2.179855347E0
2.391098706E1,-1.196441650E-1,-9.080764771E0,1.993225098E0
2.391339795E1,-1.794586182E-1,-8.755340576E0,2.065002441E0
2.391577832E1,-1.746826172E-1,-8.528015137E0,2.330612183E0
2.391818921E1,-2.679901123E-1,-8.269592285E0,2.572280884E0
2.392060009E1,-2.608184814E-1,-7.905883789E0,2.773284912E0
2.392301098E1,-1.100769043E-1,-7.520645142E0,2.931213379E0
2.392539135E1,-6.221008301E-2,-7.396209717E0,3.230316162E0
2.392780224E1,-7.896423340E-2,-7.391433716E0,3.572479248E0
2.393021313E1,-2.727813721E-1,-7.479965210E0,3.850051880E0
2.393262402E1,-6.484527588E-1,-7.721633911E0,4.297515869E0
2.393503491E1,-1.069595337E0,-8.018356323E0,4.838287354E0
2.393741528E1,-1.138977051E0,-8.341384888E0,5.032104492E0
2.393982617E1,-1.217941284E0,-8.666809082E0,5.020141602E0
2.394223706E1,-2.560317993E0,-9.317657471E0,5.130218506E0
2.394464795E1,-3.158523560E0,-1.086581421E1,4.960327148E0
2.394702832E1,-3.065200806E0,-1.231106567E1,4.400405884E0
2.394943921E1,-1.411758423E0,-1.336630249E1,3.596405029E0
2.395185009E1,5.001068115E-1,-1.406501770E1,3.309280396E0
2.395426098E1,1.818542480E0,-1.423728943E1,2.962310791E0
2.395664135E1,2.246856689E0,-1.405065918E1,2.871383667E0
2.395905224E1,2.557922363E0,-1.372283936E1,3.024520874E0
2.396146313E1,2.775680542E0,-1.310548401E1,3.280563354E0
2.396387402E1,3.014953613E0,-1.235893250E1,3.464813232E0
2.396625439E1,3.170486450E0,-1.147836304E1,3.562911987E0
2.396866528E1,3.187240601E0,-1.058345032E1,3.594024658E0
2.397107617E1,3.146560669E0,-9.769897461E0,3.448059082E0
2.397348706E1,3.055633545E0,-9.004196167E0,3.268600464E0
2.397589795E1,3.053237915E0,-8.329421997E0,2.986236572E0
2.397827832E1,3.146560669E0,-7.657028198E0,2.725418091E0
2.398068921E1,3.273376465E0,-7.089935303E0,2.388031006E0
2.398310009E1,3.323623657E0,-6.673583984E0,2.045867920E0
2.398551098E1,3.285339355E0,-6.376876831E0,1.780258179E0
2.398789135E1,3.113067627E0,-6.199798584E0,1.696517944E0
2.399030224E1,2.986236572E0,-5.982055664E0,1.607971191E0
2.399271313E1,2.902496338E0,-5.826522827E0,1.545761108E0
2.399512402E1,2.785247803E0,-5.761917114E0,1.485946655E0
2.399750439E1,2.646469116E0,-5.726028442E0,1.457229614E0
2.399991528E1,2.481353760E0,-5.757125854E0,1.435699463E0
2.400232617E1,2.431106567E0,-5.833694458E0,1.452438354E0
2.400473706E1,2.366500854E0,-5.900695801E0,1.473983765E0
2.400714795E1,2.354537964E0,-6.027526855E0,1.476364136E0
2.400952832E1,2.292327881E0,-6.147155762E0,1.555328369E0
2.401193921E1,2.282745361E0,-6.259628296E0,1.612762451E0
2.401435009E1,2.325820923E0,-6.350555420E0,1.658233643E0
2.401676098E1,2.347366333E0,-6.479766846E0,1.684539795E0
2.401914135E1,2.399993896E0,-6.666397095E0,1.667800903E0
2.402155224E1,2.404785156E0,-6.821945190E0,1.627120972E0
2.402396313E1,2.486145020E0,-6.939178467E0,1.569686890E0
2.402637402E1,2.545959473E0,-7.077972412E0,1.438079834E0
2.402875439E1,2.591430664E0,-7.214355469E0,1.411758423E0
2.403116528E1,2.785247803E0,-7.379470825E0,1.337585449E0
2.403357617E1,2.916854858E0,-7.561325073E0,1.296905518E0
2.403598706E1,2.959915161E0,-7.685745239E0,1.272979736E0
2.403839795E1,2.955139160E0,-7.846069336E0,1.215560913E0
2.404077832E1,2.957534790E0,-7.972885132E0,1.220336914E0
2.404318921E1,2.969497681E0,-8.020736694E0,1.227523804E0
2.404560009E1,3.012557983E0,-8.054244995E0,1.289733887E0
2.404801098E1,3.125030518E0,-8.135604858E0,1.325622559E0
2.405039135E1,3.196807861E0,-8.202590942E0,1.361511230E0
2.405280224E1,3.177673340E0,-8.209777832E0,1.464401245E0
2.405521313E1,3.129806519E0,-8.152343750E0,1.598403931E0
2.405762402E1,3.072387695E0,-8.087738037E0,1.749160767E0
2.406000439E1,3.108276367E0,-8.025527954E0,1.887939453E0
2.406241528E1,3.084350586E0,-8.003997803E0,2.045867920E0
2.406482617E1,3.034103394E0,-7.948959351E0,2.289932251E0
2.406723706E1,3.050842285E0,-7.932205200E0,2.414352417E0
2.406964795E1,3.091522217E0,-7.915451050E0,2.569885254E0
2.407202832E1,2.983856201E0,-7.836486816E0,2.706283569E0
2.407443921E1,2.840286255E0,-7.721633911E0,2.857025146E0
2.407685009E1,2.845062256E0,-7.688140869E0,3.000595093E0
2.407926098E1,2.667999268E0,-7.625930786E0,3.144165039E0
2.408164135E1,2.603393555E0,-7.594818115E0,3.227920532E0
2.408405224E1,2.490921021E0,-7.561325073E0,3.316452026E0
2.408646313E1,2.359329224E0,-7.532608032E0,3.438491821E0
2.408887402E1,2.184646606E0,-7.539779663E0,3.541381836E0
2.409128491E1,2.084152222E0,-7.590026855E0,3.668197632E0
2.409369580E1,1.998001099E0,-7.661819458E0,3.718444824E0
2.409610669E1,1.935791016E0,-7.755142212E0,3.785446167E0
2.409851758E1,1.859222412E0,-7.877166748E0,3.835693359E0
2.410089795E1,1.619934082E0,-7.958526611E0,4.027114868E0
2.410330884E1,1.552947998E0,-8.147567749E0,4.098907471E0
2.410571972E1,1.512268066E0,-8.293518066E0,4.268798828E0
2.410813061E1,1.406982422E0,-8.394027710E0,4.445861816E0
2.411054150E1,1.282546997E0,-8.492126465E0,4.637283325E0
2.411292187E1,1.191619873E0,-8.568695068E0,4.831115723E0
2.411533276E1,1.256225586E0,-8.647659302E0,5.015350342E0
2.411774365E1,1.390228271E0,-8.702697754E0,5.338394165E0
2.412015454E1,1.653442383E0,-8.738586426E0,5.608779907E0
2.412253491E1,1.725219727E0,-8.757736206E0,5.977264404E0
2.412494580E1,1.897506714E0,-8.760131836E0,6.250045776E0
2.412735669E1,2.074584961E0,-8.690734863E0,6.573089600E0
2.412976758E1,2.294723511E0,-8.697906494E0,6.771682739E0
2.413214795E1,2.323425293E0,-8.592620850E0,7.094726562E0
2.413455884E1,2.409576416E0,-8.513656616E0,7.338790894E0
2.413696972E1,2.596206665E0,-8.482559204E0,7.523040771E0
2.413938061E1,2.656036377E0,-8.413162231E0,7.702499390E0
2.414179150E1,2.792419434E0,-8.405990601E0,7.841278076E0
2.414417187E1,2.715850830E0,-8.327026367E0,8.023132324E0
2.414658276E1,2.581863403E0,-8.202590942E0,8.250457764E0
2.414899365E1,2.390426636E0,-8.094924927E0,8.377273560E0
2.415140454E1,2.277969360E0,-7.984848022E0,8.300704956E0
2.415378491E1,2.143966675E0,-7.855636597E0,8.327026367E0
2.415619580E1,2.005187988E0,-7.747955322E0,8.298309326E0
2.415860669E1,1.828109741E0,-7.637893677E0,8.240875244E0
2.416101758E1,1.655838013E0,-7.527816772E0,8.140380859E0
2.416339795E1,1.509872437E0,-7.422531128E0,7.932205200E0
2.416580884E1,1.404586792E0,-7.420150757E0,7.704895020E0
2.416821972E1,1.239486694E0,-7.427322388E0,7.456039429E0
2.417063061E1,1.093521118E0,-7.501495361E0,7.221542358E0
2.417304150E1,9.834442139E-1,-7.609176636E0,6.936798096E0
2.417542187E1,8.949127197E-1,-7.724029541E0,6.731002808E0
2.417783276E1,8.303070068E-1,-7.891525269E0,6.486938477E0
2.418024365E1,8.279113770E-1,-8.104492188E0,6.309875488E0
2.418265454E1,8.685913086E-1,-8.343780518E0,6.173477173E0
2.418503491E1,9.762725830E-1,-8.638092041E0,6.108871460E0
2.418744580E1,1.150955200E0,-8.922836304E0,6.092132568E0
2.418985669E1,1.404586792E0,-9.178863525E0,6.132797241E0
2.419226758E1,1.698898315E0,-9.410964966E0,6.199798584E0
2.419464795E1,2.000396729E0,-9.626327515E0,6.374481201E0
2.419705884E1,2.232498169E0,-9.765106201E0,6.541976929E0
2.419946972E1,2.414352417E0,-9.834503174E0,6.824325562E0
2.420188061E1,2.526824951E0,-9.789031982E0,7.125823975E0
2.420426098E1,2.476577759E0,-9.611968994E0,7.410568237E0
2.420667187E1,2.395217896E0,-9.399002075E0,7.700103760E0
2.420908276E1,2.218139648E0,-9.109481812E0,7.994415283E0
2.421149365E1,1.993225098E0,-8.755340576E0,8.245666504E0
2.421390454E1,1.806579590E0,-8.408386230E0,8.398803711E0
2.421628491E1,1.694122314E0,-8.066207886E0,8.535202026E0
2.421869580E1,1.753936768E0,-7.747955322E0,8.528015137E0
2.422110669E1,1.959716797E0,-7.434494019E0,8.427520752E0
2.422351758E1,2.225326538E0,-7.154541016E0,8.260025024E0
2.422589795E1,2.443069458E0,-6.886550903E0,8.027923584E0
2.422830884E1,2.589035034E0,-6.594619751E0,7.795822144E0
2.423071972E1,2.639282227E0,-6.266799927E0,7.592422485E0
2.423313061E1,2.651245117E0,-5.950942993E0,7.379470825E0
2.423551098E1,2.756530762E0,-5.723632812E0,7.068405151E0
2.423792187E1,2.957534790E0,-5.529815674E0,6.798004150E0
2.424033276E1,3.251846313E0,-5.357528687E0,6.489334106E0
2.424274365E1,3.608383179E0,-5.295318604E0,6.211761475E0
2.424515454E1,4.024734497E0,-5.254638672E0,5.879165649E0
2.424753491E1,4.400405884E0,-5.211563110E0,5.450851440E0
2.424994580E1,4.658828735E0,-5.237884521E0,4.998611450E0
2.425235669E1,4.864608765E0,-5.257034302E0,4.598999023E0
2.425476758E1,5.017745972E0,-5.321640015E0,4.268798828E0
2.425714795E1,5.048858643E0,-5.417343140E0,4.027114868E0
2.425955884E1,4.993820190E0,-5.515457153E0,3.838088989E0
2.426196972E1,4.785644531E0,-5.608779907E0,3.737594604E0
2.426438061E1,4.594223022E0,-5.761917114E0,3.634704590E0
2.426676098E1,4.455429077E0,-5.907882690E0,3.416946411E0
2.426917187E1,4.383651733E0,-6.061019897E0,3.182449341E0
2.427158276E1,4.407577515E0,-6.171096802E0,2.950347900E0
2.427399365E1,4.500900269E0,-6.314666748E0,2.742172241E0
2.427640454E1,4.577468872E0,-6.520446777E0,2.423934937E0
2.427878491E1,4.814361572E0,-6.812362671E0,2.112869263E0
2.428119580E1,5.173278809E0,-7.204788208E0,1.902297974E0
2.428360669E1,5.587234497E0,-7.731216431E0,1.799407959E0
2.428601758E1,5.922241211E0,-8.482559204E0,1.988433838E0
2.428839795E1,6.183059692E0,-9.387039185E0,2.313858032E0
2.429080884E1,6.293121338E0,-1.047578430E1,2.732604980E0
2.429321972E1,6.410369873E0,-1.171047974E1,3.117843628E0
2.429563061E1,6.405578613E0,-1.310787964E1,3.450454712E0
2.429801098E1,6.132797241E0,-1.469911194E1,3.675369263E0
2.430042187E1,5.620742798E0,-1.643151855E1,3.761520386E0
2.430283276E1,5.170883179E0,-1.837927246E1,3.639480591E0
2.430524365E1,4.938781738E0,-2.040359497E1,3.280563354E0
2.430765454E1,4.771286011E0,-2.238725281E1,2.845062256E0
2.431003491E1,4.677963257E0,-2.431347656E1,2.512466431E0
2.431244580E1,4.484146118E0,-2.603390503E1,2.306686401E0
2.431485669E1,4.503295898E0,-2.750071716E1,2.306686401E0
2.431726758E1,4.644470215E0,-2.860380554E1,2.557922363E0
2.431964795E1,4.304687500E0,-2.945564270E1,2.883346558E0
2.432205884E1,4.271194458E0,-3.033621216E1,2.897705078E0
2.432446972E1,3.948150635E0,-3.080281067E1,2.938385010E0
2.432688061E1,3.206375122E0,-3.069992065E1,2.861816406E0
2.432926098E1,2.723037720E0,-3.043670654E1,2.689529419E0
2.433167187E1,2.854644775E0,-3.015435791E1,2.522033691E0
2.433408276E1,2.890533447E0,-2.971168518E1,2.328216553E0
2.433649365E1,3.239883423E0,-2.926661682E1,2.151153564E0
2.433890454E1,3.357131958E0,-2.868276978E1,1.947753906E0
2.434128491E1,3.340377808E0,-2.789552307E1,1.756332397E0
2.434369580E1,3.543777466E0,-2.691207886E1,1.710861206E0
2.434610669E1,3.924224854E0,-2.579940796E1,1.596008301E0
2.434851758E1,4.510467529E0,-2.452882385E1,1.339981079E0
2.435089795E1,4.871780396E0,-2.310987854E1,9.331970215E-1
2.435330884E1,5.201995850E0,-2.157847595E1,6.580200195E-1
2.435571972E1,5.173278809E0,-2.000878906E1,4.953155518E-1
2.435813061E1,4.802398682E0,-1.847499084E1,4.953155518E-1
2.436051098E1,4.412368774E0,-1.698664856E1,5.647125244E-1
2.436292187E1,4.019943237E0,-1.564906311E1,6.532440186E-1
2.436533276E1,3.649047852E0,-1.447657776E1,8.590240479E-1
2.436774365E1,3.397811890E0,-1.343569946E1,1.043273926E0
2.437015454E1,3.211166382E0,-1.251686096E1,1.253845215E0
2.437256543E1,3.117843628E0,-1.177748108E1,1.450057983E0
2.437497632E1,3.005386353E0,-1.118165588E1,1.567306519E0
2.437738720E1,2.976669312E0,-1.068395996E1,1.639083862E0
2.437979809E1,2.964706421E0,-1.022932434E1,1.679763794E0
2.438217846E1,2.871383667E0,-9.839294434E0,1.708480835E0
2.438458935E1,2.811569214E0,-9.504287720E0,1.830505371E0
2.438700024E1,2.715850830E0,-9.164505005E0,1.976470947E0
2.438941113E1,2.591430664E0,-8.910873413E0,2.122436523E0
2.439179150E1,2.500503540E0,-8.764907837E0,2.344970703E0
2.439420239E1,2.426315308E0,-8.544769287E0,2.584243774E0
2.439661328E1,2.292327881E0,-8.446670532E0,2.605789185E0
2.439902417E1,2.199005127E0,-8.178665161E0,2.359329224E0
2.440140454E1,2.857025146E0,-8.123626709E0,1.732406616E0
2.440381543E1,3.244674683E0,-8.260025024E0,-1.603240967E-1
2.440622632E1,3.948150635E0,-8.458633423E0,-2.533996582E0
2.440863720E1,4.701904297E0,-8.465805054E0,-4.598999023E0
2.441104809E1,5.338394165E0,-8.365310669E0,-6.135192871E0
2.441342846E1,5.761917114E0,-8.250457764E0,-7.257431030E0
2.441583935E1,5.953338623E0,-8.178665161E0,-7.764709473E0
2.441825024E1,5.919845581E0,-8.075775146E0,-7.515853882E0
2.442066113E1,5.874374390E0,-8.044662476E0,-6.757324219E0
2.442304150E1,6.063415527E0,-8.039886475E0,-5.948562622E0
2.442545239E1,6.266799927E0,-7.948959351E0,-5.252243042E0
2.442786328E1,6.340972900E0,-7.886749268E0,-4.644470215E0
2.443027417E1,6.360122681E0,-7.881958008E0,-3.943374634E0
2.443265454E1,6.312271118E0,-7.810180664E0,-3.285339355E0
2.443506543E1,6.139984131E0,-7.822143555E0,-2.708679199E0
2.443747632E1,5.893524170E0,-7.846069336E0,-2.158325195E0
2.443988720E1,5.580062866E0,-7.824523926E0,-1.655838013E0
2.444229809E1,5.268997192E0,-7.771881104E0,-1.186843872E0
2.444467846E1,4.991424561E0,-7.690536499E0,-6.364898682E-1
2.444708935E1,4.723434448E0,-7.573287964E0,-1.866455078E-1
2.444950024E1,4.409973145E0,-7.403396606E0,2.608184814E-1
2.445191113E1,3.984054565E0,-7.255035400E0,6.484527588E-1
2.445429150E1,3.620346069E0,-7.140182495E0,9.714813232E-1
2.445670239E1,3.282958984E0,-6.975082397E0,1.272979736E0
2.445911328E1,2.995819092E0,-6.802795410E0,1.488342285E0
2.446152417E1,2.735000610E0,-6.597015381E0,1.708480835E0
2.446390454E1,2.416748047E0,-6.396011353E0,1.758728027E0
2.446631543E1,2.117645264E0,-6.230911255E0,1.756332397E0
2.446872632E1,1.775466919E0,-6.065811157E0,1.753936768E0
2.447113720E1,1.406982422E0,-5.958129883E0,1.765899658E0
2.447351758E1,1.062408447E0,-5.900695801E0,1.710861206E0
2.447592846E1,9.020996094E-1,-5.893524170E0,1.615158081E0
2.447833935E1,1.031311035E0,-5.843276978E0,1.564910889E0
2.448075024E1,1.014556885E0,-5.778671265E0,1.529006958E0
2.448316113E1,9.116668701E-1,-5.747558594E0,1.524230957E0
2.448554150E1,9.882354736E-1,-5.697311401E0,1.509872437E0
2.448795239E1,1.081558228E0,-5.699707031E0,1.540985107E0
2.449036328E1,1.064804077E0,-5.647064209E0,1.648651123E0
2.449277417E1,1.012161255E0,-5.637496948E0,1.797012329E0
2.449515454E1,9.427795410E-1,-5.611175537E0,1.887939453E0
2.449756543E1,8.542327881E-1,-5.570495605E0,1.969299316E0
2.449997632E1,7.489471436E-1,-5.551345825E0,2.110473633E0
2.450238720E1,5.766754150E-1,-5.544174194E0,2.237289429E0
2.450476758E1,3.948211670E-1,-5.534591675E0,2.309066772E0
2.450717846E1,1.866455078E-1,-5.556137085E0,2.361709595E0
2.450958935E1,-6.221008301E-2,-5.635101318E0,2.452636719E0
2.451200024E1,-3.421783447E-1,-5.685348511E0,2.555541992E0
2.451441113E1,-5.647125244E-1,-5.793029785E0,2.715850830E0
2.451679150E1,-7.274169922E-1,-5.948562622E0,2.924026489E0
2.451920239E1,-8.135528564E-1,-6.070587158E0,3.115447998E0
2.452161328E1,-7.872314453E-1,-6.137588501E0,3.223129272E0
2.452402417E1,-7.752685547E-1,-6.228515625E0,3.347564697E0
2.452640454E1,-7.920227051E-1,-6.266799927E0,3.452850342E0
2.452881543E1,-8.877410889E-1,-6.317047119E0,3.522232056E0
2.453122632E1,-1.021728516E0,-6.345764160E0,3.596405029E0
2.453363720E1,-1.201202393E0,-6.388839722E0,3.627517700E0
2.453601758E1,-1.356735229E0,-6.400802612E0,3.644271851E0
2.453842846E1,-1.564910889E0,-6.396011353E0,3.692123413E0
2.454083935E1,-1.768295288E0,-6.384048462E0,3.737594604E0
2.454325024E1,-1.971679688E0,-6.355331421E0,3.792617798E0
2.454566113E1,-2.215759277E0,-6.345764160E0,3.809371948E0
2.454804150E1,-2.383255005E0,-6.297912598E0,3.828521729E0
2.455045239E1,-2.510070801E0,-6.262023926E0,3.838088989E0
2.455286328E1,-2.687133789E0,-6.173477173E0,3.814163208E0
2.455527417E1,-2.782852173E0,-6.111267090E0,3.751953125E0
2.455765454E1,-2.847457886E0,-6.053848267E0,3.694519043E0
2.456006543E1,-2.852249146E0,-5.989242554E0,3.522232056E0
2.456247632E1,-2.840286255E0,-5.869598389E0,3.278167725E0
2.456488720E1,-2.730209351E0,-5.800201416E0,2.979064941E0
2.456726758E1,-2.600997925E0,-5.697311401E0,2.682357788E0
2.456967846E1,-2.390426636E0,-5.572891235E0,2.333007812E0
2.457208935E1,-2.141571045E0,-5.493927002E0,1.990829468E0
2.457450024E1,-1.875976562E0,-5.402999878E0,1.696517944E0
2.457691113E1,-1.529006958E0,-5.307281494E0,1.452438354E0
2.457929150E1,-1.194015503E0,-5.194824219E0,1.311264038E0
2.458170239E1,-8.661956787E-1,-5.118240356E0,1.239486694E0
2.458411328E1,-5.766754150E-1,-5.020141602E0,1.268188477E0
2.458652417E1,-3.038940430E-1,-4.977066040E0,1.323226929E0
2.458890454E1,-9.809875488E-2,-4.950744629E0,1.447662354E0
2.459131543E1,1.363983154E-1,-4.907684326E0,1.607971191E0
2.459372632E1,3.302154541E-1,-4.859817505E0,1.782653809E0
2.459613720E1,4.594268799E-1,-4.852645874E0,1.986038208E0
2.459851758E1,6.006011963E-1,-4.869400024E0,2.187042236E0
2.460092846E1,7.393798828E-1,-4.893325806E0,2.414352417E0
2.460333935E1,8.590240479E-1,-4.893325806E0,2.754135132E0
2.460575024E1,9.954071045E-1,-4.912460327E0,3.093917847E0
2.460816113E1,1.127014160E0,-4.914855957E0,3.519836426E0
2.461054150E1,1.241882324E0,-4.991424561E0,4.036697388E0
2.461295239E1,1.395019531E0,-5.051254272E0,4.618148804E0
2.461536328E1,1.617553711E0,-5.156539917E0,5.113464355E0
2.461777417E1,1.859222412E0,-5.257034302E0,5.680557251E0
2.462015454E1,2.124832153E0,-5.347961426E0,6.257232666E0
2.462256543E1,2.414352417E0,-5.436492920E0,6.800399780E0
2.462497632E1,2.754135132E0,-5.577667236E0,7.458435059E0
2.462738720E1,3.192031860E0,-5.697311401E0,8.133209229E0
2.462976758E1,3.682556152E0,-5.809768677E0,8.839080811E0
2.463217846E1,4.223327637E0,-5.929412842E0,9.533004761E0
2.463458935E1,4.768890381E0,-6.123229980E0,1.021496582E1
2.463700024E1,5.381454468E0,-6.314666748E0,1.084426880E1
2.463938061E1,6.051452637E0,-6.482162476E0,1.130609131E1
2.464179150E1,6.747756958E0,-6.654434204E0,1.165065002E1
2.464420239E1,7.379470825E0,-6.927215576E0,1.181814575E1
2.464661328E1,8.042282104E0,-7.185653687E0,1.184208679E1
2.464902417E1,8.669189453E0,-7.391433716E0,1.182293701E1
2.465140454E1,9.308074951E0,-7.542175293E0,1.167697144E1
2.465381543E1,9.913467407E0,-7.704895020E0,1.140419006E1
2.465622632E1,1.054277039E1,-7.925033569E0,1.108833313E1
2.465863720E1,1.121276855E1,-8.135604858E0,1.065045166E1
2.466104809E1,1.193301392E1,-8.336593628E0,1.022213745E1
2.466345898E1,1.268913269E1,-8.496917725E0,9.834503174E0
2.466586987E1,1.347877502E1,-8.673980713E0,9.336791992E0
2.466828076E1,1.435932922E1,-8.901306152E0,8.853439331E0
2.467066113E1,1.513459778E1,-9.178863525E0,8.429916382E0
2.467307202E1,1.582612610E1,-9.434906006E0,8.011169434E0
2.467548291E1,1.644108582E1,-9.681365967E0,7.793426514E0
2.467789380E1,1.685983276E1,-9.891921997E0,7.735992432E0
2.468030468E1,1.707518005E1,-9.975677490E0,7.925033569E0
2.468268506E1,1.708953857E1,-1.002592468E1,8.317459106E0
2.468509594E1,1.685026550E1,-9.982849121E0,8.956329346E0
2.468750683E1,1.640519714E1,-9.812973022E0,9.659820557E0
2.468991772E1,1.579502869E1,-9.542572021E0,1.032742310E1
2.469229809E1,1.505802917E1,-9.267395020E0,1.091366577E1
2.469470898E1,1.432821655E1,-9.059234619E0,1.137786865E1
2.469711987E1,1.357926941E1,-8.860626221E0,1.169851685E1
2.469953076E1,1.282553101E1,-8.745773315E0,1.187557983E1
2.470191113E1,1.206460571E1,-8.645263672E0,1.183729553E1
2.470432202E1,1.129890442E1,-8.537597656E0,1.166740417E1
2.470673291E1,1.052842712E1,-8.394027710E0,1.139222717E1
2.470914380E1,9.784255981E0,-8.288742065E0,1.109072876E1
2.471152417E1,9.092727661E0,-8.169097900E0,1.071028137E1
2.471393506E1,8.470596313E0,-8.030319214E0,1.026521301E1
2.471634594E1,7.913070679E0,-7.941772461E0,9.798614502E0
2.471875683E1,7.396209717E0,-7.898712158E0,9.260223389E0
2.472116772E1,6.934402466E0,-7.929809570E0,8.621337891E0
2.472354809E1,6.551544189E0,-8.059020996E0,7.858032227E0
2.472595898E1,6.195022583E0,-8.343780518E0,6.955932617E0
2.472836987E1,5.900695801E0,-8.776870728E0,5.891128540E0
2.473078076E1,5.601593018E0,-9.372680664E0,4.721038818E0
2.473316113E1,5.280960083E0,-1.007617188E1,3.560516357E0
2.473557202E1,4.979461670E0,-1.081555176E1,2.522033691E0
2.473798291E1,4.733001709E0,-1.155255127E1,1.591232300E0
2.474039380E1,4.510467529E0,-1.222253418E1,8.183441162E-1
2.474280468E1,4.338180542E0,-1.272264099E1,1.722869873E-1
2.474518506E1,4.271194458E0,-1.312463379E1,-3.397827148E-1
2.474759594E1,4.304687500E0,-1.337109375E1,-6.460571289E-1
2.475000683E1,4.359725952E0,-1.346919250E1,-5.742797852E-1
2.475241772E1,4.455429077E0,-1.342613220E1,-1.268157959E-1
2.475479809E1,4.610961914E0,-1.324188232E1,7.848510742E-1
2.475720898E1,4.718643188E0,-1.292842102E1,2.067398071E0
2.475961987E1,4.859817505E0,-1.252163696E1,3.617950439E0
2.476203076E1,5.015350342E0,-1.211964417E1,5.154144287E0
2.476441113E1,5.175674438E0,-1.166500854E1,6.537185669E0
2.476682202E1,5.383850098E0,-1.127020264E1,7.654632568E0
2.476923291E1,5.603988647E0,-1.084666443E1,8.420349121E0
2.477164380E1,5.814559937E0,-1.046620178E1,8.709869385E0
2.477402417E1,5.996414185E0,-1.002832031E1,8.537597656E0
2.477643506E1,6.025131226E0,-9.635894775E0,7.896316528E0
2.477884594E1,5.994018555E0,-9.248260498E0,6.843475342E0
2.478125683E1,5.821731567E0,-8.961120605E0,5.314453125E0
2.478366772E1,5.237884521E0,-8.863021851E0,3.603591919E0
2.478604809E1,4.493728638E0,-8.834304810E0,1.828109741E0
2.478845898E1,3.811767578E0,-8.858230591E0,2.967071533E-1
2.479086987E1,3.091522217E0,-8.863021851E0,-8.805541992E-1
2.479328076E1,2.364105225E0,-8.932403564E0,-1.883148193E0
2.479566113E1,1.512268066E0,-9.042480469E0,-2.565109253E0
2.479807202E1,5.958099365E-1,-9.114257812E0,-3.074783325E0
2.480048291E1,-3.924255371E-1,-9.162124634E0,-3.347564697E0
2.480289380E1,-1.440475464E0,-9.224334717E0,-3.314056396E0
2.480527417E1,-2.318649292E0,-9.250656128E0,-3.098709106E0
2.480768506E1,-2.849853516E0,-9.310470581E0,-2.557922363E0
2.481009594E1,-3.510269165E0,-9.422943115E0,-1.811370850E0
2.481250683E1,-4.007980347E0,-9.463607788E0,-1.105484009E0
2.481491772E1,-4.536788940E0,-9.544967651E0,-2.057800293E-1
2.481729809E1,-5.022537231E0,-9.743576050E0,5.910339355E-1
2.481970898E1,-5.218750000E0,-9.815353394E0,1.363906860E0
2.482211987E1,-5.249847412E0,-9.961318970E0,1.954940796E0
2.482453076E1,-5.422134399E0,-1.011445618E1,2.060226440E0
2.482691113E1,-5.350357056E0,-1.026521301E1,2.041076660E0
2.482932202E1,-5.053634644E0,-1.027957153E1,1.720443726E0
2.483173291E1,-4.890930176E0,-1.034895325E1,1.253845215E0
2.483414380E1,-4.565505981E0,-1.029393005E1,7.657012939E-1
2.483652417E1,-4.161117554E0,-1.022932434E1,4.498443604E-1
2.483893506E1,-3.739974976E0,-1.019342041E1,3.349914551E-1
2.484134594E1,-3.577270508E0,-1.024606323E1,2.656097412E-1
2.484375683E1,-3.318847656E0,-1.024845886E1,4.139556885E-1
2.484616772E1,-2.813964844E0,-1.011445618E1,6.963043213E-1
2.484854809E1,-2.124832153E0,-9.963714600E0,1.024124146E0
2.485095898E1,-1.517044067E0,-9.829711914E0,1.304092407E0
2.485336987E1,-1.081558228E0,-9.702896118E0,1.557723999E0
2.485578076E1,-6.723785400E-1,-9.604797363E0,1.792221069E0
2.485816113E1,-1.770629883E-1,-9.468399048E0,2.055435181E0
2.486057202E1,4.211425781E-1,-9.320037842E0,2.392822266E0
2.486298291E1,7.752685547E-1,-9.200408936E0,2.711074829E0
2.486539380E1,1.205978394E0,-9.131011963E0,3.136993408E0
2.486777417E1,1.713256836E0,-9.111862183E0,3.409774780E0
2.487018506E1,2.079360962E0,-9.255432129E0,3.536590576E0
2.487259594E1,2.419143677E0,-9.317657471E0,3.763916016E0
2.487500683E1,2.792419434E0,-9.401397705E0,3.917053223E0
2.487738720E1,3.110671997E0,-9.444473267E0,3.969696045E0
2.487979809E1,3.261413574E0,-9.556930542E0,4.022338867E0
2.488220898E1,3.546157837E0,-9.688537598E0,3.895507812E0
2.488461987E1,3.881164551E0,-9.834503174E0,3.677764893E0
2.488703076E1,4.223327637E0,-9.863220215E0,3.421737671E0
2.488941113E1,4.527221680E0,-9.829711914E0,3.194412231E0
2.489182202E1,4.917251587E0,-9.867996216E0,3.005386353E0
2.489423291E1,5.065612793E0,-9.925430298E0,2.904891968E0
2.489664380E1,5.185241699E0,-1.007617188E1,2.806777954E0
2.489902417E1,5.154144287E0,-1.028913879E1,2.754135132E0
2.490143506E1,5.132598877E0,-1.051644897E1,2.646469116E0
2.490384594E1,5.036895752E0,-1.074617004E1,2.579467773E0
2.490625683E1,4.890930176E0,-1.100938416E1,2.605789185E0
2.490863720E1,4.893325806E0,-1.124148560E1,2.634490967E0
2.491104809E1,4.917251587E0,-1.140898132E1,2.699096680E0
2.491345898E1,4.931610107E0,-1.147358704E1,2.739776611E0
2.491586987E1,5.115859985E0,-1.144726562E1,2.797210693E0
2.491828076E1,5.312072754E0,-1.141854858E1,2.979064941E0
2.492066113E1,5.479568481E0,-1.135394287E1,3.113067627E0
2.492307202E1,5.376678467E0,-1.126301575E1,3.340377808E0
2.492548291E1,5.429321289E0,-1.104766846E1,3.656234741E0
2.492789380E1,5.670989990E0,-1.084426880E1,3.754333496E0
2.493027417E1,5.630310059E0,-1.045903015E1,3.799804688E0
2.493268506E1,5.618347168E0,-1.005464172E1,3.684951782E0
2.493509594E1,5.182861328E0,-9.650253296E0,3.919448853E0
2.493750683E1,4.704284668E0,-9.272186279E0,4.003189087E0
2.493988720E1,4.378860474E0,-8.987442017E0,4.015151978E0
2.494229809E1,3.888336182E0,-8.755340576E0,4.017547607E0
2.494470898E1,3.527023315E0,-8.645263672E0,4.058227539E0
2.494711987E1,3.163314819E0,-8.616561890E0,4.108474731E0
2.494953076E1,2.900100708E0,-8.626129150E0,4.122833252E0
2.495194165E1,2.667999268E0,-8.690734863E0,4.067794800E0
2.495435254E1,2.411972046E0,-8.709869385E0,3.964904785E0
2.495676343E1,2.249252319E0,-8.740982056E0,3.809371948E0
2.495917431E1,2.127212524E0,-8.750549316E0,3.663406372E0
2.496155468E1,1.904693604E0,-8.724227905E0,3.476776123E0
2.496396557E1,1.741973877E0,-8.700302124E0,3.330810547E0
2.496637646E1,1.665405273E0,-8.618942261E0,3.098709106E0
2.496878735E1,1.552947998E0,-8.508880615E0,2.797210693E0
2.497116772E1,1.239486694E0,-8.544769287E0,2.273178101E0
2.497357861E1,8.709869385E-1,-8.614166260E0,1.753936768E0
2.497598950E1,5.359954834E-1,-8.760131836E0,1.301696777E0
2.497840039E1,4.522399902E-1,-8.915664673E0,8.159484863E-1
2.498081128E1,7.824554443E-1,-9.114257812E0,2.919311523E-1
2.498319165E1,1.268188477E0,-9.255432129E0,-2.297058105E-1
2.498560254E1,4.547119141E-2,-9.279373169E0,-3.493499756E-1
2.498801343E1,-1.878372192E0,-9.628723145E0,-1.794586182E-1
2.499042431E1,-2.452636719E0,-9.822540283E0,3.111267090E-2
2.499280468E1,-2.254043579E0,-9.674179077E0,3.708801270E-1
2.499521557E1,-2.952743530E0,-9.753143311E0,1.103088379E0
2.499762646E1,-3.582061768E0,-9.966110229E0,1.844863892E0
2.500003735E1,-4.122833252E0,-1.048774719E1,2.502899170E0
2.500241772E1,-3.670593262E0,-1.053320312E1,3.067596436E0
2.500482861E1,-2.519638062E0,-1.074377441E1,3.488739014E0
2.500723950E1,-1.978866577E0,-1.136351013E1,4.007980347E0
2.500965039E1,-1.596008301E0,-1.187797546E1,4.539184570E0
2.501203076E1,-1.060012817E0,-1.196890259E1,4.685150146E0
2.501444165E1,-5.144500732E-1,-1.177508545E1,4.639678955E0
2.501685254E1,1.411743164E-1,-1.155255127E1,4.713867188E0
2.501926343E1,8.925170898E-1,-1.124865723E1,4.785644531E0
2.502167431E1,1.529006958E0,-1.085862732E1,4.730606079E0
2.502405468E1,2.093719482E0,-1.039920044E1,4.627716064E0
2.502646557E1,2.328216553E0,-9.894317627E0,4.634902954E0
2.502887646E1,2.361709595E0,-9.427719116E0,4.646865845E0
2.503128735E1,2.402389526E0,-8.827117920E0,4.567901611E0
2.503366772E1,2.455032349E0,-8.303100586E0,4.474578857E0
2.503607861E1,2.533996582E0,-7.793426514E0,4.333404541E0
2.503848950E1,2.567504883E0,-7.298110962E0,4.182647705E0
2.504090039E1,2.612960815E0,-6.793228149E0,3.888336182E0
2.504328076E1,2.567504883E0,-6.496520996E0,3.574874878E0
2.504569165E1,2.555541992E0,-6.264404297E0,3.297302246E0
2.504810254E1,2.555541992E0,-6.025131226E0,3.065200806E0
2.505051343E1,2.478958130E0,-5.888732910E0,2.902496338E0
2.505292431E1,2.380859375E0,-5.776275635E0,2.861816406E0
2.505530468E1,2.244461060E0,-5.728424072E0,2.785247803E0
2.505771557E1,2.093719482E0,-5.663818359E0,2.730209351E0
2.506012646E1,2.000396729E0,-5.663818359E0,2.730209351E0
2.506253735E1,1.899902344E0,-5.711669922E0,2.663208008E0
2.506491772E1,1.816146851E0,-5.852844238E0,2.684753418E0
2.506732861E1,1.753936768E0,-5.938980103E0,2.651245117E0
2.506973950E1,1.715652466E0,-6.039489746E0,2.627319336E0
2.507215039E1,1.739578247E0,-6.147155762E0,2.627319336E0
2.507453076E1,1.753936768E0,-6.324234009E0,2.598602295E0
2.507694165E1,1.797012329E0,-6.498901367E0,2.567504883E0
2.507935254E1,1.866409302E0,-6.647262573E0,2.581863403E0
2.508176343E1,1.952545166E0,-6.860229492E0,2.627319336E0
2.508417431E1,2.093719482E0,-7.022933960E0,2.641677856E0
2.508655468E1,2.299499512E0,-7.245468140E0,2.600997925E0
2.508896557E1,2.543563843E0,-7.420150757E0,2.543563843E0
2.509137646E1,2.744567871E0,-7.580459595E0,2.507675171E0
2.509378735E1,2.921630859E0,-7.764709473E0,2.359329224E0
2.509616772E1,3.079559326E0,-7.939392090E0,2.203796387E0
2.509857861E1,3.172882080E0,-8.128417969E0,2.053039551E0
2.510098950E1,3.287734985E0,-8.255233765E0,1.986038208E0
2.510340039E1,3.340377808E0,-8.346160889E0,1.986038208E0
2.510578076E1,3.474380493E0,-8.394027710E0,1.954940796E0
2.510819165E1,3.629913330E0,-8.420349121E0,1.887939453E0
2.511060254E1,3.756729126E0,-8.427520752E0,1.873580933E0
2.511301343E1,3.735198975E0,-8.365310669E0,1.864013672E0
2.511542431E1,3.833297729E0,-8.353347778E0,1.880752563E0
2.511780468E1,3.936187744E0,-8.255233765E0,1.887939453E0
2.512021557E1,3.955337524E0,-8.137985229E0,1.904693604E0
2.512262646E1,4.003189087E0,-8.003997803E0,1.864013672E0
2.512503735E1,4.027114868E0,-7.884353638E0,1.849655151E0
2.512741772E1,4.029510498E0,-7.743179321E0,1.806579590E0
2.512982861E1,4.012756348E0,-7.623535156E0,1.797012329E0
2.513223950E1,4.000793457E0,-7.496719360E0,1.741973877E0
2.513465039E1,3.993621826E0,-7.408172607E0,1.665405273E0
2.513703076E1,4.003189087E0,-7.317245483E0,1.584045410E0
2.513944165E1,3.972091675E0,-7.226318359E0,1.552947998E0
2.514185254E1,3.952941895E0,-7.228713989E0,1.426116943E0
2.514426343E1,3.938583374E0,-7.259826660E0,1.344772339E0
2.514664380E1,3.902694702E0,-7.302902222E0,1.258621216E0
2.514905468E1,3.893127441E0,-7.401000977E0,1.203582764E0
2.515146557E1,3.806976318E0,-7.501495361E0,1.186843872E0
2.515387646E1,3.735198975E0,-7.647460938E0,1.110275269E0
2.515628735E1,3.620346069E0,-7.769500732E0,1.127014160E0
2.515866772E1,3.507873535E0,-7.953735352E0,1.177261353E0
2.516107861E1,3.345169067E0,-8.133209229E0,1.263412476E0
2.516348950E1,3.125030518E0,-8.260025024E0,1.428512573E0
2.516590039E1,2.940780640E0,-8.413162231E0,1.617553711E0
2.516828076E1,2.794815063E0,-8.525634766E0,1.854431152E0
2.517069165E1,2.653640747E0,-8.647659302E0,2.122436523E0
2.517310254E1,2.581863403E0,-8.743377686E0,2.443069458E0
2.517551343E1,2.514862061E0,-8.851058960E0,2.792419434E0
2.517789380E1,2.548355103E0,-8.953948975E0,3.148956299E0
2.518030468E1,2.577072144E0,-8.989837646E0,3.474380493E0
2.518271557E1,2.658432007E0,-8.994613647E0,3.871582031E0
2.518512646E1,2.811569214E0,-9.004196167E0,4.309478760E0
2.518753735E1,3.000595093E0,-8.961120605E0,4.685150146E0
2.518991772E1,3.285339355E0,-8.903686523E0,5.051254272E0
2.519232861E1,3.522232056E0,-8.865402222E0,5.410171509E0
2.519473950E1,3.591629028E0,-8.702697754E0,5.821731567E0
2.519715039E1,3.682556152E0,-8.542373657E0,6.226119995E0
2.519953076E1,3.809371948E0,-8.386840820E0,6.647262573E0
2.520194165E1,3.809371948E0,-8.161911011E0,7.042083740E0
2.520435254E1,3.890731812E0,-7.953735352E0,7.312469482E0
2.520676343E1,3.862014771E0,-7.752746582E0,7.587646484E0
2.520917431E1,3.797409058E0,-7.556533813E0,7.867599487E0
2.521155468E1,3.584442139E0,-7.317245483E0,8.185852051E0
2.521396557E1,3.218353271E0,-7.061218262E0,8.465805054E0
2.521637646E1,2.818740845E0,-6.826721191E0,8.697906494E0
2.521878735E1,2.577072144E0,-6.683151245E0,8.760131836E0
2.522116772E1,2.234893799E0,-6.568298340E0,8.898910522E0
2.522357861E1,1.911865234E0,-6.515655518E0,8.989837646E0
2.522598950E1,1.500305176E0,-6.472579956E0,9.040084839E0
2.522840039E1,1.057632446E0,-6.431915283E0,8.970687866E0
2.523081128E1,5.599212646E-1,-6.463012695E0,8.975479126E0
2.523322216E1,1.459655762E-1,-6.530014038E0,8.906082153E0
2.523563305E1,-2.991027832E-1,-6.620941162E0,8.836700439E0
2.523804394E1,-6.986999512E-1,-6.723831177E0,8.767303467E0
2.524042431E1,-1.050445557E0,-6.953536987E0,8.719451904E0
2.524283520E1,-1.229904175E0,-7.195220947E0,8.590240479E0
2.524524609E1,-1.244262695E0,-7.484756470E0,8.458633423E0
2.524765698E1,-1.239486694E0,-7.795822144E0,8.391632080E0
2.525006787E1,-1.213165283E0,-8.130813599E0,8.458633423E0
2.525244824E1,-1.088729858E0,-8.489730835E0,8.480163574E0
2.525485913E1,-8.709869385E-1,-8.865402222E0,8.671585083E0
2.525727002E1,-4.665985107E-1,-9.231506348E0,8.858230591E0
2.525968091E1,-3.828430176E-2,-9.564117432E0,9.075973511E0
2.526206128E1,2.321014404E-1,-9.784255981E0,9.353546143E0
2.526447216E1,2.895355225E-1,-9.844070435E0,9.650253296E0
2.526688305E1,2.105712891E-1,-9.812973022E0,9.863220215E0
2.526929394E1,1.435852051E-2,-9.676574707E0,1.001635742E1
2.527167431E1,-1.627044678E-1,-9.425323486E0,1.015513611E1
2.527408520E1,-3.493499756E-1,-9.080764771E0,1.027478027E1
2.527649609E1,-4.522399902E-1,-8.714660645E0,1.032502747E1
2.527890698E1,-4.474639893E-1,-8.307876587E0,1.024366760E1
2.528131787E1,-2.153472900E-1,-7.936996460E0,1.007617188E1
2.528369824E1,1.603240967E-1,-7.566101074E0,9.836898804E0
2.528610913E1,6.723785400E-1,-7.171295166E0,9.525833130E0
2.528852002E1,1.127014160E0,-6.793228149E0,9.207580566E0
2.529093091E1,1.502685547E0,-6.403198242E0,8.874984741E0
2.529331128E1,1.749160767E0,-6.053848267E0,8.504089355E0
2.529572216E1,1.976470947E0,-5.692520142E0,8.078170776E0
2.529813305E1,2.179855347E0,-5.364715576E0,7.671386719E0
2.530054394E1,2.445465088E0,-5.096710205E0,7.274185181E0
2.530292431E1,2.835494995E0,-4.867004395E0,6.900894165E0
2.530533520E1,3.330810547E0,-4.687545776E0,6.551544189E0
2.530774609E1,3.900299072E0,-4.630111694E0,6.149551392E0
2.531015698E1,4.381256104E0,-4.589431763E0,5.642272949E0
2.531253735E1,4.831115723E0,-4.608581543E0,5.101501465E0
2.531494824E1,5.209182739E0,-4.639678955E0,4.594223022E0
2.531735913E1,5.580062866E0,-4.761718750E0,4.283157349E0
2.531977002E1,5.809768677E0,-4.929214478E0,4.015151978E0
2.532218091E1,5.888732910E0,-5.134994507E0,3.787841797E0
2.532456128E1,5.953338623E0,-5.364715576E0,3.467193604E0
2.532697216E1,5.886337280E0,-5.656631470E0,3.105880737E0
2.532938305E1,5.840881348E0,-5.982055664E0,2.603393555E0
2.533179394E1,5.737991333E0,-6.350555420E0,2.213363647E0
2.533417431E1,5.711669922E0,-6.747756958E0,1.737182617E0
2.533658520E1,5.709274292E0,-7.214355469E0,1.328018188E0
2.533899609E1,5.836090088E0,-7.712066650E0,9.236297607E-1
2.534140698E1,6.206985474E0,-8.441879272E0,4.115600586E-1
2.534378735E1,6.604187012E0,-9.332015991E0,-1.316070557E-1
2.534619824E1,6.970291138E0,-1.032263184E1,-6.556396484E-1
2.534860913E1,7.051651001E0,-1.140179443E1,-8.422698975E-1
2.535102002E1,6.953536987E0,-1.257907104E1,-7.561340332E-1
2.535343091E1,6.611373901E0,-1.388316345E1,-6.029968262E-1
2.535581128E1,6.202194214E0,-1.529971313E1,-4.809570312E-1
2.535822216E1,5.788238525E0,-1.682872009E1,-6.269226074E-1
2.536063305E1,5.525024414E0,-1.848695374E1,-7.776641846E-1
2.536304394E1,5.376678467E0,-2.016432190E1,-9.930267334E-1
2.536542431E1,5.218750000E0,-2.174357605E1,-1.253845215E0
2.536783520E1,4.941177368E0,-2.314099121E1,-1.500305176E0
2.537024609E1,4.857437134E0,-2.441876221E1,-1.344772339E0
2.537265698E1,4.852645874E0,-2.532324219E1,-9.164581299E-1
2.537503735E1,4.613357544E0,-2.608894348E1,-7.058868408E-1
2.537744824E1,4.110870361E0,-2.685943604E1,-4.043884277E-1
2.537985913E1,3.464813232E0,-2.740499878E1,8.135986328E-2
2.538227002E1,2.849853516E0,-2.774717712E1,7.704925537E-1
2.538468091E1,2.246856689E0,-2.778306580E1,1.524230957E0
2.538706128E1,1.756332397E0,-2.770649719E1,2.237289429E0
2.538947216E1,1.596008301E0,-2.753660583E1,2.737396240E0
2.539188305E1,2.117645264E0,-2.746481323E1,2.947952271E0
2.539429394E1,2.727813721E0,-2.734518433E1,2.986236572E0
2.539667431E1,3.448059082E0,-2.718486023E1,2.938385010E0
2.539908520E1,4.127624512E0,-2.707240295E1,2.758926392E0
2.540149609E1,5.094314575E0,-2.695515442E1,2.428710938E0
2.540390698E1,5.895919800E0,-2.669911194E1,2.076965332E0
2.540628735E1,6.537185669E0,-2.631626892E1,1.596008301E0
2.540869824E1,6.697509766E0,-2.576831055E1,1.263412476E0
2.541110913E1,6.632904053E0,-2.503849792E1,9.643096924E-1
2.541352002E1,6.211761475E0,-2.414118958E1,8.159484863E-1
2.541590039E1,5.922241211E0,-2.291366577E1,7.369842529E-1
2.541831128E1,5.838485718E0,-2.148036194E1,8.063812256E-1
2.542072216E1,5.697311401E0,-1.993699646E1,8.805541992E-1
2.542313305E1,5.412567139E0,-1.841516113E1,8.303070068E-1
2.542554394E1,5.161315918E0,-1.699621582E1,6.747741699E-1
2.542792431E1,4.967498779E0,-1.574476624E1,5.862426758E-1
2.543033520E1,4.900497437E0,-1.462731934E1,3.038940430E-1
2.543274609E1,4.788040161E0,-1.368695068E1,6.460571289E-2
2.543515698E1,4.838287354E0,-1.288774109E1,-1.579284668E-1
2.543753735E1,4.878967285E0,-1.223928833E1,-4.067840576E-1
2.543994824E1,4.936386108E0,-1.168893433E1,-7.369842529E-1
2.544235913E1,4.895721436E0,-1.124388123E1,-8.709869385E-1
2.544477002E1,4.826324463E0,-1.084666443E1,-8.231353760E-1
2.544715039E1,4.847854614E0,-1.051167297E1,-8.135528564E-1
2.544956128E1,4.974685669E0,-1.020538330E1,-7.920227051E-1
2.545197216E1,5.144561768E0,-9.894317627E0,-8.374938965E-1
2.545438305E1,5.333602905E0,-9.655044556E0,-9.044799805E-1
2.545679394E1,5.496307373E0,-9.511474609E0,-1.148559570E0
2.545917431E1,5.472381592E0,-9.296112061E0,-1.253845215E0
2.546158520E1,5.481964111E0,-9.006591797E0,-1.067199707E0
2.546399609E1,5.288131714E0,-8.635696411E0,-8.422698975E-1
2.546640698E1,5.149353027E0,-8.176269531E0,-6.149597168E-1
2.546878735E1,4.960327148E0,-7.750350952E0,-4.211425781E-1
2.547119824E1,4.811965942E0,-7.403396606E0,-1.148529053E-1
2.547360913E1,4.610961914E0,-7.144973755E0,2.344970703E-1
2.547602002E1,4.857437134E0,-6.642471313E0,1.531372070E-1
2.547840039E1,6.199798584E0,-6.946365356E0,-3.014984131E-1
2.548081128E1,6.434295654E0,-7.427322388E0,-1.141372681E0
2.548322216E1,6.427124023E0,-7.513458252E0,-1.533798218E0
2.548563305E1,6.908081055E0,-7.305282593E0,-1.483551025E0
2.548804394E1,7.893920898E0,-7.034896851E0,-1.904693604E0
2.549042431E1,8.461029053E0,-6.855438232E0,-2.935989380E0
2.549283520E1,8.604583740E0,-6.687942505E0,-3.797409058E0
2.549524609E1,8.669189453E0,-6.508483887E0,-4.479370117E0
2.549765698E1,8.697906494E0,-6.262023926E0,-4.955535889E0
2.550003735E1,8.697906494E0,-6.022735596E0,-5.257034302E0
2.550244824E1,8.566299438E0,-5.771484375E0,-5.333602905E0
2.550485913E1,8.243270874E0,-5.644668579E0,-4.960327148E0
2.550727002E1,7.652252197E0,-5.644668579E0,-4.331008911E0
2.550965039E1,6.812362671E0,-5.793029785E0,-3.567703247E0
2.551206128E1,6.240478516E0,-6.041870117E0,-2.634490967E0
2.551447216E1,5.816955566E0,-6.262023926E0,-1.744369507E0
2.551688305E1,5.393417358E0,-6.463012695E0,-9.284210205E-1
2.551929394E1,5.008178711E0,-6.652053833E0,-3.493499756E-1
2.552170483E1,4.735397339E0,-6.738189697E0,7.656860352E-2
2.552411572E1,4.699508667E0,-6.786041260E0,3.565368652E-1
2.552652661E1,4.613357544E0,-6.879364014E0,6.006011963E-1
2.552893750E1,4.369293213E0,-6.987045288E0,7.010955811E-1
2.553131787E1,3.945770264E0,-7.142578125E0,8.063812256E-1
2.553372876E1,3.560516357E0,-7.240676880E0,9.331970215E-1
2.553613965E1,3.194412231E0,-7.264602661E0,1.038482666E0
2.553855053E1,2.933593750E0,-7.278961182E0,1.067199707E0
2.554093091E1,2.648849487E0,-7.257431030E0,1.105484009E0
2.554334179E1,2.376068115E0,-7.228713989E0,1.124633789E0
2.554575268E1,2.093719482E0,-7.216751099E0,1.134201050E0
2.554816357E1,1.763504028E0,-7.173675537E0,1.119842529E0
2.555054394E1,1.399795532E0,-7.140182495E0,1.136596680E0
2.555295483E1,1.146163940E0,-7.111465454E0,1.148559570E0
2.555536572E1,9.667053223E-1,-7.015762329E0,1.141372681E0
2.555777661E1,7.848510742E-1,-6.948760986E0,1.160522461E0
2.556018750E1,6.484527588E-1,-6.876968384E0,1.208374023E0
2.556256787E1,5.120697021E-1,-6.824325562E0,1.318450928E0
2.556497876E1,4.115600586E-1,-6.731002808E0,1.478759766E0
2.556738965E1,3.182525635E-1,-6.687942505E0,1.679763794E0
2.556980053E1,1.962127686E-1,-6.654434204E0,1.990829468E0
2.557218091E1,8.135986328E-2,-6.580261230E0,2.294723511E0
2.557459179E1,-1.603240967E-1,-6.484542847E0,2.617752075E0
2.557700268E1,-4.139556885E-1,-6.441482544E0,2.955139160E0
2.557941357E1,-6.963043213E-1,-6.403198242E0,3.244674683E0
2.558179394E1,-9.619140625E-1,-6.336196899E0,3.574874878E0
2.558420483E1,-1.251449585E0,-6.240478516E0,3.940979004E0
2.558661572E1,-1.526626587E0,-6.199798584E0,4.244873047E0
2.558902661E1,-1.725219727E0,-6.173477173E0,4.527221680E0
2.559143750E1,-1.974075317E0,-6.202194214E0,4.788040161E0
2.559381787E1,-2.208572388E0,-6.206985474E0,5.012969971E0
2.559622876E1,-2.421539307E0,-6.233306885E0,5.151748657E0
2.559863965E1,-2.636886597E0,-6.242874146E0,5.233108521E0
2.560105053E1,-2.849853516E0,-6.247665405E0,5.254638672E0
2.560343091E1,-2.981460571E0,-6.204589844E0,5.216354370E0
2.560584179E1,-3.127426147E0,-6.190231323E0,5.199600220E0
2.560825268E1,-3.232696533E0,-6.101699829E0,5.163711548E0
2.561066357E1,-3.297302246E0,-5.970092773E0,5.125427246E0
2.561304394E1,-3.366699219E0,-5.886337280E0,5.024932861E0
2.561545483E1,-3.376266479E0,-5.733200073E0,4.931610107E0
2.561786572E1,-3.376266479E0,-5.618347168E0,4.807174683E0
2.562027661E1,-3.302093506E0,-5.508270264E0,4.656433105E0
2.562268750E1,-3.199203491E0,-5.426925659E0,4.445861816E0
2.562506787E1,-3.069992065E0,-5.355133057E0,4.192230225E0
2.562747876E1,-2.880966187E0,-5.283355713E0,3.888336182E0
2.562988965E1,-2.617752075E0,-5.209182739E0,3.565307617E0
2.563230053E1,-2.347366333E0,-5.180465698E0,3.189636230E0
2.563468091E1,-2.072189331E0,-5.099105835E0,2.816345215E0
2.563709179E1,-1.753936768E0,-5.048858643E0,2.455032349E0
2.563950268E1,-1.435699463E0,-5.032104492E0,2.177474976E0
2.564191357E1,-1.105484009E0,-5.024932861E0,1.916656494E0
2.564429394E1,-7.082824707E-1,-5.012969971E0,1.720443726E0
2.564670483E1,-3.469543457E-1,-4.979461670E0,1.579269409E0
2.564911572E1,-3.349304199E-2,-4.953140259E0,1.452438354E0
2.565152661E1,2.991027832E-1,-4.936386108E0,1.428512573E0
2.565393750E1,5.766754150E-1,-4.936386108E0,1.423736572E0
2.565631787E1,8.327026367E-1,-4.986648560E0,1.536193848E0
2.565872876E1,1.086334229E0,-5.001007080E0,1.758728027E0
2.566113965E1,1.323226929E0,-5.060821533E0,1.993225098E0
2.566355053E1,1.533798218E0,-5.099105835E0,2.273178101E0
2.566593091E1,1.739578247E0,-5.154144287E0,2.557922363E0
2.566834179E1,1.952545166E0,-5.209182739E0,2.813964844E0
2.567075268E1,2.074584961E0,-5.266601562E0,3.074783325E0
2.567316357E1,2.196609497E0,-5.316848755E0,3.345169067E0
2.567554394E1,2.316253662E0,-5.357528687E0,3.625122070E0
2.567795483E1,2.450256348E0,-5.436492920E0,3.952941895E0
2.568036572E1,2.553146362E0,-5.508270264E0,4.335800171E0
2.568277661E1,2.656036377E0,-5.503494263E0,4.730606079E0
2.568515698E1,2.797210693E0,-5.532211304E0,5.197204590E0
2.568756787E1,3.036499023E0,-5.570495605E0,5.783447266E0
2.568997876E1,3.294921875E0,-5.603988647E0,6.436691284E0
2.569238965E1,3.658630371E0,-5.575271606E0,7.235900879E0
2.569480053E1,4.084548950E0,-5.577667236E0,8.085342407E0
2.569718091E1,4.534393311E0,-5.510665894E0,8.985046387E0
2.569959179E1,5.060821533E0,-5.501098633E0,9.796218872E0
2.570200268E1,5.493927002E0,-5.479568481E0,1.052842712E1
2.570441357E1,5.936599731E0,-5.510665894E0,1.111705017E1
2.570679394E1,6.412765503E0,-5.568099976E0,1.162911987E1
2.570920483E1,6.900894165E0,-5.630310059E0,1.198326111E1
2.571161572E1,7.393829346E0,-5.730804443E0,1.221775818E1
2.571402661E1,8.001602173E0,-5.855239868E0,1.234457397E1
2.571640698E1,8.654846191E0,-5.998809814E0,1.239721680E1
2.571881787E1,9.334396362E0,-6.197418213E0,1.237089539E1
2.572122876E1,9.978073120E0,-6.367294312E0,1.221057129E1
2.572363965E1,1.068873596E1,-6.527618408E0,1.204067993E1
2.572605053E1,1.138265991E1,-6.778869629E0,1.170808411E1
2.572843091E1,1.215553284E1,-7.037292480E0,1.138026428E1
2.573084179E1,1.292842102E1,-7.221542358E0,1.103570557E1
2.573325268E1,1.364147949E1,-7.427322388E0,1.055474854E1
2.573566357E1,1.438804626E1,-7.666610718E0,1.006660461E1
2.573804394E1,1.496710205E1,-7.905883789E0,9.552154541E0
2.574045483E1,1.551026917E1,-8.173889160E0,9.083160400E0
2.574286572E1,1.598645020E1,-8.432312012E0,8.685943604E0
2.574527661E1,1.635972595E1,-8.712265015E0,8.329421997E0
2.574765698E1,1.658226013E1,-8.997009277E0,8.130813599E0
2.575006787E1,1.667318726E1,-9.205184937E0,8.161911011E0
2.575247876E1,1.659182739E1,-9.382263184E0,8.370086670E0
2.575488965E1,1.621138000E1,-9.420547485E0,8.745773315E0
2.575730053E1,1.562034607E1,-9.389434814E0,9.176467896E0
2.575968091E1,1.481396484E1,-9.219543457E0,9.568893433E0
2.576209179E1,1.387597656E1,-9.040084839E0,9.920639038E0
2.576450268E1,1.291885376E1,-8.867797852E0,1.014796448E1
2.576691357E1,1.193778992E1,-8.743377686E0,1.025085449E1
2.576929394E1,1.095434570E1,-8.623733521E0,1.018624878E1
2.577170483E1,1.006420898E1,-8.528015137E0,9.990036011E0
2.577411572E1,9.188446045E0,-8.461029053E0,9.707687378E0
2.577652661E1,8.372482300E0,-8.382064819E0,9.372680664E0
2.577890698E1,7.645065308E0,-8.298309326E0,8.975479126E0
2.578131787E1,6.934402466E0,-8.145172119E0,8.496917725E0
2.578372876E1,6.281158447E0,-8.023132324E0,8.001602173E0
2.578613965E1,5.682952881E0,-7.910675049E0,7.415359497E0
2.578855053E1,5.204391479E0,-7.802993774E0,6.807586670E0
2.579093091E1,4.706680298E0,-7.769500732E0,6.099304199E0
2.579334179E1,4.278366089E0,-7.726425171E0,5.326416016E0
2.579575268E1,3.814163208E0,-7.721633911E0,4.567901611E0
2.579816357E1,3.354736328E0,-7.735992432E0,3.732803345E0
2.580057446E1,2.924026489E0,-7.726425171E0,2.854644775E0
2.580298535E1,2.550750732E0,-7.774276733E0,1.981262207E0
2.580539624E1,2.153533936E0,-7.802993774E0,1.131805420E0
2.580780713E1,1.797012329E0,-7.824523926E0,3.373870850E-1
2.581018750E1,1.423736572E0,-7.874786377E0,-3.493499756E-1
2.581259838E1,1.081558228E0,-7.879562378E0,-8.973083496E-1
2.581500927E1,7.776641846E-1,-7.879562378E0,-1.234695435E0
2.581742016E1,5.575256348E-1,-7.862808228E0,-1.272979736E0
2.581980053E1,3.780670166E-1,-7.865203857E0,-1.064804077E0
2.582221142E1,2.225341797E-1,-7.841278076E0,-6.197357178E-1
2.582462231E1,5.024719238E-2,-7.836486816E0,9.567260742E-3
2.582703320E1,-5.743408203E-2,-7.755142212E0,8.039855957E-1
2.582944409E1,-7.417297363E-2,-7.661819458E0,1.694122314E0
2.583182446E1,-3.588867188E-2,-7.546966553E0,2.723037720E0
2.583423535E1,1.603240967E-1,-7.460815430E0,3.763916016E0
2.583664624E1,4.546356201E-1,-7.429718018E0,4.855041504E0
2.583905713E1,9.355926514E-1,-7.448852539E0,5.953338623E0
2.584143750E1,1.679763794E0,-7.458435059E0,7.061218262E0
2.584384838E1,2.452636719E0,-7.590026855E0,8.109283447E0
2.584625927E1,3.527023315E0,-7.788635254E0,9.123840332E0
2.584867016E1,4.840682983E0,-7.977676392E0,1.009771729E1
2.585105053E1,6.340972900E0,-8.114059448E0,1.099740601E1
2.585346142E1,7.520645142E0,-8.417953491E0,1.148554993E1
2.585587231E1,8.274383545E0,-9.107086182E0,1.148315430E1
2.585828320E1,8.910873413E0,-1.001635742E1,1.102851868E1
2.586069409E1,9.437286377E0,-1.103091431E1,1.037527466E1
2.586307446E1,1.004507446E1,-1.210528564E1,9.494720459E0
2.586548535E1,1.053559875E1,-1.324188232E1,8.207382202E0
2.586789624E1,1.071984863E1,-1.423968506E1,6.762115479E0
2.587030713E1,1.048774719E1,-1.504129028E1,5.410171509E0
2.587268750E1,9.808181763E0,-1.563710022E1,3.952941895E0
2.587509838E1,8.733810425E0,-1.590509033E1,2.603393555E0
2.587750927E1,7.398605347E0,-1.583091736E1,1.409378052E0
2.587992016E1,5.893524170E0,-1.528535461E1,2.512512207E-1
2.588230053E1,4.280761719E0,-1.413679504E1,-7.920227051E-1
2.588471142E1,2.486145020E0,-1.276092529E1,-1.749160767E0
2.588712231E1,7.106628418E-1,-1.160758972E1,-2.445465088E0
2.588953320E1,-9.786682129E-1,-1.066720581E1,-3.074783325E0
2.589194409E1,-2.397613525E0,-1.000439453E1,-3.428909302E0
2.589432446E1,-3.538986206E0,-9.576080322E0,-3.527023315E0
2.589673535E1,-4.225723267E0,-9.293716431E0,-3.395416260E0
2.589914624E1,-4.252044678E0,-9.042480469E0,-2.924026489E0
2.590155713E1,-3.878768921E0,-8.843872070E0,-2.206176758E0
2.590393750E1,-3.249450684E0,-8.647659302E0,-1.430908203E0
2.590634838E1,-2.486145020E0,-8.563919067E0,-6.795654297E-1
2.590875927E1,-1.591232300E0,-8.597412109E0,2.395629883E-3
2.591117016E1,-5.790557861E-1,-8.633300781E0,5.862426758E-1
2.591355053E1,1.818542480E-1,-8.724227905E0,8.279113770E-1
2.591596142E1,6.867370605E-1,-8.939590454E0,9.667053223E-1
2.591837231E1,1.048049927E0,-9.188446045E0,1.014556885E0
2.592078320E1,1.040878296E0,-9.549758911E0,8.781585693E-1
2.592319409E1,8.207397461E-1,-9.927825928E0,8.231353760E-1
2.592557446E1,6.986999512E-1,-1.023649597E1,7.728881836E-1
2.592798535E1,6.963043213E-1,-1.048056030E1,8.614196777E-1
2.593039624E1,4.355010986E-1,-1.065763855E1,8.925170898E-1
2.593280713E1,1.651000977E-1,-1.078684998E1,9.236297607E-1
2.593518750E1,-1.220397949E-1,-1.089930725E1,8.877410889E-1
2.593759838E1,-2.967071533E-1,-1.085862732E1,9.260253906E-1
2.594000927E1,-3.852386475E-1,-1.084426880E1,9.355926514E-1
2.594242016E1,-6.077728271E-1,-1.075573730E1,9.427795410E-1
2.594480053E1,-8.446655273E-1,-1.068395996E1,1.160522461E0
2.594721142E1,-9.954071045E-1,-1.074137878E1,1.194015503E0
2.594962231E1,-1.313659668E0,-1.078205872E1,1.304092407E0
2.595203320E1,-1.194015503E0,-1.071745300E1,1.572082520E0
2.595441357E1,-1.138977051E0,-1.067199707E1,1.887939453E0
2.595682446E1,-1.045669556E0,-1.062413025E1,2.203796387E0
2.595923535E1,-8.470611572E-1,-1.056909180E1,2.589035034E0
2.596164624E1,-4.019927979E-1,-1.053559875E1,2.979064941E0
2.596405713E1,1.292114258E-1,-1.045903015E1,3.373886108E0
2.596643750E1,7.513427734E-1,-1.040638733E1,3.749557495E0
2.596884838E1,2.409576416E0,-9.690933228E0,4.271194458E0
2.597125927E1,4.591827393E0,-8.671585083E0,3.909866333E0
2.597367016E1,4.591827393E0,-8.463409424E0,3.043670654E0
2.597605053E1,3.450454712E0,-8.561523438E0,3.421737671E0
2.597846142E1,3.203994751E0,-8.626129150E0,3.469589233E0
2.598087231E1,3.235092163E0,-8.640487671E0,3.383453369E0
2.598328320E1,3.393020630E0,-8.678771973E0,3.290130615E0
2.598566357E1,3.527023315E0,-8.776870728E0,3.311660767E0
2.598807446E1,3.790237427E0,-8.879760742E0,3.189636230E0
2.599048535E1,3.948150635E0,-8.925231934E0,3.125030518E0
2.599289624E1,3.897903442E0,-8.932403564E0,3.012557983E0
2.599530713E1,3.845260620E0,-9.020935059E0,3.084350586E0
2.599768750E1,3.948150635E0,-9.085556030E0,3.115447998E0
2.600009838E1,4.185043335E0,-9.097518921E0,3.165710449E0
2.600250927E1,4.369293213E0,-9.087936401E0,3.187240601E0
2.600492016E1,4.426727295E0,-9.042480469E0,3.220733643E0
2.600730053E1,4.462615967E0,-9.011367798E0,3.414550781E0
2.600971142E1,4.618148804E0,-9.212371826E0,3.692123413E0
2.601212231E1,4.878967285E0,-9.499511719E0,4.170684814E0
2.601453320E1,5.268997192E0,-9.676574707E0,4.515258789E0
2.601691357E1,5.357528687E0,-9.717254639E0,4.886138916E0
2.601932446E1,5.034500122E0,-9.786651611E0,5.096710205E0
2.602173535E1,4.445861816E0,-9.932601929E0,5.178070068E0
2.602414624E1,3.964904785E0,-1.004267883E1,5.245071411E0
2.602655713E1,3.558120728E0,-1.026281738E1,5.379058838E0
2.602893750E1,3.153747559E0,-1.046859741E1,5.498703003E0
2.603134838E1,2.885742188E0,-1.067677307E1,5.544174194E0
2.603375927E1,2.749359131E0,-1.082752991E1,5.529815674E0
2.603617016E1,2.737396240E0,-1.099263000E1,5.436492920E0
2.603855053E1,2.852249146E0,-1.105963135E1,5.292922974E0
2.604096142E1,2.725418091E0,-1.110508728E1,5.130218506E0
2.604337231E1,2.529220581E0,-1.113380432E1,4.929214478E0
2.604578320E1,2.139190674E0,-1.112184143E1,4.661224365E0
2.604816357E1,1.816146851E0,-1.104527283E1,4.309478760E0
2.605057446E1,1.617553711E0,-1.094715881E1,3.924224854E0
2.605298535E1,1.485946655E0,-1.086341858E1,3.493515015E0
2.605539624E1,1.153335571E0,-1.078205872E1,3.294921875E0
2.605780713E1,6.628112793E-1,-1.068395996E1,3.151351929E0
2.606018750E1,1.244201660E-1,-1.060737610E1,2.964706421E0
2.606259838E1,-4.115600586E-1,-1.061456299E1,2.797210693E0
2.606500927E1,-8.159484863E-1,-1.069352722E1,2.557922363E0
2.606742016E1,-1.076766968E0,-1.082752991E1,2.318649292E0
2.606980053E1,-1.249053955E0,-1.092083740E1,2.033905029E0
2.607221142E1,-1.385437012E0,-1.108833313E1,1.715652466E0
2.607462231E1,-1.366302490E0,-1.114816284E1,1.356735229E0
2.607703320E1,-1.129409790E0,-1.100698853E1,8.997039795E-1
2.607941357E1,-1.002593994E0,-1.110269165E1,4.139556885E-1
2.608182446E1,-9.140625000E-1,-1.123190308E1,2.225341797E-1
2.608423535E1,-5.527496338E-1,-1.128454590E1,1.268157959E-1
2.608664624E1,-7.171630859E-3,-1.137309265E1,7.417297363E-2
2.608905713E1,4.235229492E-1,-1.145443726E1,1.531372070E-1
2.609146801E1,8.542327881E-1,-1.125584412E1,3.086700439E-1
2.609387890E1,1.083953857E0,-1.124865723E1,5.431671143E-1
2.609628979E1,1.282546997E0,-1.106680298E1,8.350982666E-1
2.609870068E1,1.421340942E0,-1.087298584E1,1.172485352E0
2.610108105E1,1.538589478E0,-1.066720581E1,1.469192505E0
2.610349194E1,1.624725342E0,-1.034895325E1,1.770690918E0
2.610590283E1,1.607971191E0,-9.985244751E0,2.136795044E0
2.610831372E1,1.572082520E0,-9.650253296E0,2.445465088E0
2.611069409E1,1.629516602E0,-9.276977539E0,2.742172241E0
2.611310498E1,1.674972534E0,-8.985046387E0,3.058029175E0
2.611551587E1,1.785049438E0,-8.597412109E0,3.340377808E0
2.611792676E1,1.811370850E0,-8.183456421E0,3.641876221E0
2.612030713E1,1.820938110E0,-7.771881104E0,3.799804688E0
2.612271801E1,1.770690918E0,-7.484756470E0,3.936187744E0
2.612512890E1,1.749160767E0,-7.271789551E0,4.118041992E0
2.612753979E1,1.756332397E0,-6.960723877E0,4.161117554E0
2.612995068E1,1.703689575E0,-6.678375244E0,4.201797485E0
2.613233105E1,1.682159424E0,-6.446258545E0,4.127624512E0
2.613474194E1,1.591232300E0,-6.362518311E0,4.106079102E0
2.613715283E1,1.507476807E0,-6.295516968E0,4.041473389E0
2.613956372E1,1.495513916E0,-6.254837036E0,3.969696045E0
2.614194409E1,1.529006958E0,-6.185440063E0,3.871582031E0
2.614435498E1,1.490722656E0,-6.254837036E0,3.814163208E0
2.614676587E1,1.414154053E0,-6.288345337E0,3.682556152E0
2.614917676E1,1.351943970E0,-6.352951050E0,3.500701904E0
2.615155713E1,1.337585449E0,-6.393615723E0,3.333206177E0
2.615396801E1,1.351943970E0,-6.460617065E0,3.127426147E0
2.615637890E1,1.361511230E0,-6.549148560E0,2.926422119E0
2.615878979E1,1.361511230E0,-6.678375244E0,2.701492310E0
2.616120068E1,1.440475464E0,-6.838684082E0,2.581863403E0
2.616358105E1,1.540985107E0,-6.977478027E0,2.423934937E0
2.616599194E1,1.651046753E0,-7.080368042E0,2.313858032E0
2.616840283E1,1.856826782E0,-7.233505249E0,2.273178101E0
2.617081372E1,2.048263550E0,-7.360321045E0,2.184646606E0
2.617319409E1,2.210968018E0,-7.503890991E0,2.007583618E0
2.617560498E1,2.311462402E0,-7.645065308E0,1.825729370E0
2.617801587E1,2.502899170E0,-7.786239624E0,1.639083862E0
2.618042676E1,2.694320679E0,-7.958526611E0,1.485946655E0
2.618280713E1,2.895309448E0,-8.082962036E0,1.337585449E0
2.618521801E1,3.105880737E0,-8.219345093E0,1.220336914E0
2.618762890E1,3.297302246E0,-8.317459106E0,1.093521118E0
2.619003979E1,3.505477905E0,-8.324630737E0,9.523468018E-1
2.619245068E1,3.689727783E0,-8.355743408E0,8.709869385E-1
2.619483105E1,3.847656250E0,-8.420349121E0,7.657012939E-1
2.619724194E1,3.976867676E0,-8.417953491E0,6.604156494E-1
2.619965283E1,4.086944580E0,-8.370086670E0,5.599212646E-1
2.620206372E1,4.204193115E0,-8.331802368E0,4.546356201E-1
2.620444409E1,4.285552979E0,-8.248062134E0,3.804626465E-1
2.620685498E1,4.321441650E0,-8.147567749E0,3.254241943E-1
2.620926587E1,4.335800171E0,-8.006378174E0,2.249298096E-1
2.621167676E1,4.309478760E0,-7.917846680E0,1.674957275E-1
2.621405713E1,4.304687500E0,-7.805389404E0,1.411743164E-1
2.621646801E1,4.285552979E0,-7.664215088E0,1.459655762E-1
2.621887890E1,4.333404541E0,-7.518249512E0,2.010040283E-1
2.622128979E1,4.316650391E0,-7.432113647E0,2.225341797E-1
2.622367016E1,4.254440308E0,-7.305282593E0,2.871398926E-1
2.622608105E1,4.223327637E0,-7.204788208E0,3.445739746E-1
2.622849194E1,4.208969116E0,-7.118652344E0,4.522399902E-1
2.623090283E1,4.163513184E0,-7.111465454E0,5.264282227E-1
2.623331372E1,4.144363403E0,-7.137786865E0,5.790557861E-1
2.623569409E1,4.084548950E0,-7.216751099E0,6.580200195E-1
2.623810498E1,4.003189087E0,-7.288543701E0,8.087768555E-1
2.624051587E1,3.912261963E0,-7.372283936E0,9.475555420E-1
2.624292676E1,3.830902100E0,-7.513458252E0,1.115051270E0
2.624530713E1,3.730407715E0,-7.640289307E0,1.383056641E0
2.624771801E1,3.634704590E0,-7.795822144E0,1.655838013E0
2.625012890E1,3.562911987E0,-7.999206543E0,1.954940796E0
2.625253979E1,3.443267822E0,-8.137985229E0,2.275573730E0
2.625492016E1,3.393020630E0,-8.303100586E0,2.598602295E0
2.625733105E1,3.237487793E0,-8.439483643E0,2.957534790E0
2.625974194E1,3.115447998E0,-8.530410767E0,3.347564697E0
2.626215283E1,2.995819092E0,-8.662017822E0,3.689727783E0
2.626456372E1,2.955139160E0,-8.791229248E0,4.031906128E0
2.626694409E1,2.926422119E0,-8.860626221E0,4.311859131E0
2.626935498E1,2.919250488E0,-8.927627563E0,4.589431763E0
2.627176587E1,2.761322021E0,-9.020935059E0,4.941177368E0
2.627417676E1,2.667999268E0,-9.056838989E0,5.309677124E0
2.627655713E1,2.730209351E0,-9.154937744E0,5.647064209E0
2.627896801E1,2.687133789E0,-9.183654785E0,5.915054321E0
2.628137890E1,2.579467773E0,-9.231506348E0,6.312271118E0
2.628378979E1,2.591430664E0,-9.274581909E0,6.702301025E0
2.628617016E1,2.682357788E0,-9.241088867E0,7.054046631E0
2.628858105E1,2.694320679E0,-9.217147827E0,7.401000977E0
2.629099194E1,2.646469116E0,-9.083160400E0,7.755142212E0
2.629340283E1,2.469390869E0,-8.937194824E0,8.037490845E0
2.629581372E1,2.280364990E0,-8.791229248E0,8.307876587E0
2.629819409E1,2.143966675E0,-8.597412109E0,8.489730835E0
2.630060498E1,1.902297974E0,-8.374877930E0,8.683547974E0
2.630301587E1,1.741973877E0,-8.152343750E0,8.815155029E0
2.630542676E1,1.634292603E0,-7.927429199E0,8.872589111E0
2.630780713E1,1.473983765E0,-7.688140869E0,8.946762085E0
2.631021801E1,1.182052612E0,-7.386642456E0,9.004196167E0
2.631262890E1,1.007385254E0,-7.176071167E0,9.001800537E0
2.631503979E1,7.178497314E-1,-6.967895508E0,8.973083496E0
2.631742016E1,6.197357178E-1,-6.798004150E0,8.855834961E0
2.631983105E1,5.192413330E-1,-6.642471313E0,8.654846191E0
2.632224194E1,2.249298096E-1,-6.506088257E0,8.494522095E0
2.632465283E1,-7.171630859E-3,-6.465408325E0,8.355743408E0
2.632706372E1,-9.809875488E-2,-6.510864258E0,8.111663818E0
2.632944409E1,-1.268157959E-1,-6.652053833E0,7.920242310E0
2.633185498E1,-1.627044678E-1,-6.845870972E0,7.697708130E0
2.633426587E1,-1.220397949E-1,-7.144973755E0,7.453643799E0
2.633667676E1,3.828430176E-2,-7.511077881E0,7.135391235E0
2.633905713E1,2.943115234E-1,-7.975280762E0,6.874572754E0
2.634146801E1,6.819610596E-1,-8.446670532E0,6.620941162E0
2.634387890E1,1.028915405E0,-8.934799194E0,6.568298340E0
2.634628979E1,1.241882324E0,-9.355941772E0,6.659225464E0
2.634867016E1,1.462020874E0,-9.851257324E0,6.692718506E0
2.635108105E1,1.770690918E0,-1.023410034E1,6.771682739E0
2.635349194E1,1.919036865E0,-1.056431580E1,7.039688110E0
2.635590283E1,1.983642578E0,-1.077488708E1,7.374679565E0
2.635828320E1,2.036285400E0,-1.087298584E1,7.664215088E0
2.636069409E1,1.911865234E0,-1.082991028E1,7.903488159E0
2.636310498E1,1.713256836E0,-1.068156433E1,7.953735352E0
2.636551587E1,1.576873779E0,-1.044227600E1,7.999206543E0
2.636792676E1,1.564910889E0,-1.020300293E1,7.881958008E0
2.637030713E1,1.753936768E0,-9.944564819E0,7.767105103E0
2.637271801E1,2.024322510E0,-9.681365967E0,7.582855225E0
2.637512890E1,2.483749390E0,-9.432510376E0,7.312469482E0
2.637753979E1,2.981460571E0,-9.190826416E0,7.032501221E0
2.637995068E1,3.462417603E0,-8.937194824E0,6.754943848E0
2.638236157E1,3.881164551E0,-8.702697754E0,6.506088257E0
2.638477246E1,4.235290527E0,-8.449050903E0,6.309875488E0
2.638718335E1,4.493728638E0,-8.176269531E0,6.187835693E0
2.638956372E1,4.802398682E0,-7.905883789E0,6.041870117E0
2.639197461E1,5.108673096E0,-7.688140869E0,5.891128540E0
2.639438550E1,5.426925659E0,-7.487136841E0,5.740386963E0
2.639679638E1,5.757125854E0,-7.295715332E0,5.601593018E0
2.639920727E1,6.101699829E0,-7.166503906E0,5.345565796E0
2.640158764E1,6.317047119E0,-7.049255371E0,5.039291382E0
2.640399853E1,6.396011353E0,-6.977478027E0,4.713867188E0
2.640640942E1,6.367294312E0,-6.908081055E0,4.304687500E0
2.640882031E1,6.295516968E0,-6.860229492E0,3.785446167E0
2.641120068E1,6.106491089E0,-6.848251343E0,3.321243286E0
2.641361157E1,5.888732910E0,-6.838684082E0,2.957534790E0
2.641602246E1,5.728424072E0,-6.860229492E0,2.696716309E0
2.641843335E1,5.529815674E0,-6.850646973E0,2.464614868E0
2.642081372E1,5.249847412E0,-6.855438232E0,2.292327881E0
2.642322461E1,5.053634644E0,-6.786041260E0,2.143966675E0
2.642563550E1,4.938781738E0,-6.719039917E0,2.038681030E0
2.642804638E1,4.881362915E0,-6.675979614E0,2.045867920E0
2.643045727E1,4.859817505E0,-6.675979614E0,2.100891113E0
2.643283764E1,4.823928833E0,-6.649658203E0,2.127212524E0
2.643524853E1,4.783248901E0,-6.762115479E0,2.196609497E0
2.643765942E1,4.792816162E0,-6.900894165E0,2.287536621E0
2.644007031E1,4.922042847E0,-7.137786865E0,2.328216553E0
2.644245068E1,5.108673096E0,-7.386642456E0,2.344970703E0
2.644486157E1,5.273788452E0,-7.740783691E0,2.289932251E0
2.644727246E1,5.458023071E0,-8.183456421E0,2.196609497E0
2.644968335E1,5.659027100E0,-8.664413452E0,2.033905029E0
2.645206372E1,5.919845581E0,-9.186050415E0,1.971679688E0
2.645447461E1,6.063415527E0,-9.702896118E0,1.919036865E0
2.645688550E1,6.175872803E0,-1.032025146E1,1.847259521E0
2.645929638E1,6.326629639E0,-1.101655579E1,1.639083862E0
2.646170727E1,6.362518311E0,-1.175833130E1,1.418945312E0
2.646408764E1,6.288345337E0,-1.255754089E1,1.196411133E0
2.646649853E1,6.230911255E0,-1.352183533E1,9.738769531E-1
2.646890942E1,6.118453979E0,-1.458903503E1,7.465667725E-1
2.647132031E1,5.886337280E0,-1.573280334E1,4.953155518E-1
2.647370068E1,5.781066895E0,-1.691247559E1,2.512512207E-1
2.647611157E1,5.673385620E0,-1.816152954E1,1.435852051E-2
2.647852246E1,5.544174194E0,-1.939862061E1,-1.459655762E-1
2.648093335E1,5.534591675E0,-2.051127625E1,-1.435699463E-1
2.648331372E1,5.371887207E0,-2.165983582E1,2.632141113E-2
2.648572461E1,5.199600220E0,-2.278205872E1,2.560272217E-1
2.648813550E1,4.888534546E0,-2.389712524E1,6.029968262E-1
2.649054638E1,5.051254272E0,-2.498585510E1,7.657012939E-1
2.649292676E1,5.158920288E0,-2.598605347E1,8.231353760E-1
2.649533764E1,4.919647217E0,-2.670390320E1,8.709869385E-1
2.649774853E1,4.319046021E0,-2.696711731E1,8.494567871E-1
2.650015942E1,3.732803345E0,-2.704129028E1,8.757781982E-1
2.650257031E1,3.175277710E0,-2.691447449E1,1.021728516E0
2.650495068E1,3.005386353E0,-2.673501587E1,1.249053955E0
2.650736157E1,2.811569214E0,-2.645983887E1,1.497909546E0
2.650977246E1,2.895309448E0,-2.593580627E1,1.651046753E0
2.651218335E1,3.065200806E0,-2.518446350E1,1.569686890E0
2.651456372E1,3.404983521E0,-2.424647522E1,1.335189819E0
2.651697461E1,3.883544922E0,-2.313142395E1,1.026519775E0
2.651938550E1,4.400405884E0,-2.181776428E1,8.422698975E-1
2.652179638E1,4.795211792E0,-2.040359497E1,5.934143066E-1
2.652417676E1,5.077575684E0,-1.889372253E1,4.953155518E-1
2.652658764E1,4.902893066E0,-1.730967712E1,7.944183350E-1
2.652899853E1,4.345367432E0,-1.584288025E1,1.064804077E0
2.653140942E1,3.416946411E0,-1.457229614E1,1.270584106E0
2.653382031E1,3.048461914E0,-1.352183533E1,1.473983765E0
2.653620068E1,2.857025146E0,-1.263171387E1,1.552947998E0
2.653861157E1,2.555541992E0,-1.190190125E1,1.543365479E0
2.654102246E1,2.493316650E0,-1.136830139E1,1.418945312E0
2.654343335E1,2.572280884E0,-1.098544312E1,1.208374023E0
2.654581372E1,2.548355103E0,-1.061216736E1,9.403839111E-1
2.654822461E1,2.383255005E0,-1.034178162E1,8.781585693E-1
2.655063550E1,2.263610840E0,-1.016232300E1,8.039855957E-1
2.655304638E1,2.160720825E0,-9.992431641E0,9.116668701E-1
2.655542676E1,2.170288086E0,-9.896713257E0,9.643096924E-1
2.655783764E1,2.285140991E0,-9.791427612E0,1.083953857E0
2.656024853E1,2.579467773E0,-9.650253296E0,1.270584106E0
2.656265942E1,2.813964844E0,-9.516250610E0,1.426116943E0
2.656507031E1,3.069992065E0,-9.434906006E0,1.198806763E0
2.656745068E1,3.412170410E0,-9.410964966E0,7.848510742E-1
2.656986157E1,3.519836426E0,-9.365509033E0,6.460571289E-1
2.657227246E1,3.486343384E0,-9.336791992E0,3.038940430E-1
2.657468335E1,3.582061768E0,-9.269790649E0,-4.785156250E-2
2.657706372E1,3.546157837E0,-9.044876099E0,-7.322082520E-1
2.657947461E1,3.326019287E0,-8.824737549E0,-1.344772339E0
2.658188550E1,3.309280396E0,-8.547164917E0,-1.844863892E0
2.658429638E1,3.426528931E0,-8.276779175E0,-2.438293457E0
2.658669690E1,3.744766235E0,-7.939392090E0,-3.199203491E0
2.658910779E1,3.940979004E0,-7.613967896E0,-3.996017456E0
2.659151868E1,3.862014771E0,-7.274185181E0,-4.536788940E0
2.659392957E1,3.024520874E0,-6.941574097E0,-4.630111694E0
2.659634046E1,2.768493652E0,-6.324234009E0,-4.747360229E0
2.659872083E1,4.149154663E0,-6.049057007E0,-4.321441650E0
2.660113172E1,5.075180054E0,-5.967697144E0,-4.484146118E0
2.660354260E1,5.630310059E0,-5.979660034E0,-4.436294556E0
2.660592298E1,5.912658691E0,-5.955734253E0,-4.039077759E0
2.660833386E1,5.958129883E0,-5.991622925E0,-3.474380493E0
2.661074475E1,5.821731567E0,-6.029907227E0,-2.892929077E0
2.661315564E1,5.448455811E0,-6.015548706E0,-2.196609497E0
2.661556653E1,5.015350342E0,-6.039489746E0,-1.591232300E0
2.661794690E1,4.697113037E0,-6.061019897E0,-1.060012817E0
2.662035779E1,4.398010254E0,-6.049057007E0,-5.168457031E-1
2.662276868E1,4.199401855E0,-6.044265747E0,-2.153015137E-2
2.662517957E1,3.938583374E0,-6.099304199E0,6.652069092E-1
2.662755994E1,3.579666138E0,-6.125625610E0,1.249053955E0
2.662997083E1,3.144165039E0,-6.142379761E0,1.710861206E0
2.663238172E1,2.773284912E0,-6.180664062E0,2.108078003E0
2.663479260E1,2.435897827E0,-6.175872803E0,2.359329224E0
2.663720349E1,2.124832153E0,-6.151947021E0,2.536392212E0
2.663958386E1,1.828109741E0,-6.154342651E0,2.646469116E0
2.664199475E1,1.526626587E0,-6.123229980E0,2.804382324E0
2.664440564E1,1.306488037E0,-6.151947021E0,2.902496338E0
2.664681653E1,1.134201050E0,-6.135192871E0,2.974273682E0
2.664919690E1,9.284210205E-1,-6.128021240E0,3.105880737E0
2.665160779E1,8.039855957E-1,-6.094512939E0,3.177673340E0
2.665401868E1,7.034912109E-1,-6.101699829E0,3.280563354E0
2.665642957E1,5.766754150E-1,-6.058624268E0,3.395416260E0
2.665884046E1,5.168457031E-1,-6.027526855E0,3.390625000E0
2.666125134E1,5.647125244E-1,-5.919845581E0,3.402587891E0
2.666366223E1,1.914215088E-1,-5.857635498E0,3.426528931E0
2.666607312E1,2.632141113E-2,-5.881561279E0,3.522232056E0
2.666848401E1,4.067993164E-2,-5.886337280E0,3.651443481E0
2.667086438E1,1.172485352E-1,-5.927017212E0,3.739974976E0
2.667327527E1,2.344970703E-1,-5.946166992E0,3.797409058E0
2.667568616E1,4.953155518E-1,-5.958129883E0,3.854843140E0
2.667809705E1,6.843414307E-1,-5.970092773E0,3.907485962E0
2.668047742E1,8.015899658E-1,-5.943771362E0,3.974472046E0
2.668288831E1,8.518524170E-1,-5.967697144E0,4.072586060E0
2.668529920E1,8.661956787E-1,-5.994018555E0,4.187438965E0
2.668771008E1,8.925170898E-1,-6.037094116E0,4.307083130E0
2.669009046E1,8.374938965E-1,-6.082550049E0,4.393218994E0
2.669250134E1,6.915283203E-1,-6.144775391E0,4.457824707E0
2.669491223E1,5.982055664E-1,-6.230911255E0,4.543975830E0
2.669732312E1,4.737854004E-1,-6.319442749E0,4.608581543E0
2.669973401E1,3.349914551E-1,-6.384048462E0,4.721038818E0
2.670211438E1,1.962127686E-1,-6.431915283E0,4.783248901E0
2.670452527E1,4.067993164E-2,-6.506088257E0,4.826324463E0
2.670693616E1,-1.196441650E-1,-6.558731079E0,4.843078613E0
2.670934705E1,-2.847442627E-1,-6.652053833E0,4.840682983E0
2.671172742E1,-4.163513184E-1,-6.752548218E0,4.766510010E0
2.671413831E1,-5.192413330E-1,-6.874572754E0,4.670791626E0
2.671654920E1,-5.910339355E-1,-6.982254028E0,4.546356201E0
2.671896008E1,-6.723785400E-1,-7.070785522E0,4.333404541E0
2.672134046E1,-6.508483887E-1,-7.168899536E0,4.108474731E0
2.672375134E1,-6.245269775E-1,-7.226318359E0,3.926620483E0
2.672616223E1,-6.149597168E-1,-7.269393921E0,3.723236084E0
2.672857312E1,-5.503540039E-1,-7.278961182E0,3.400207520E0
2.673098401E1,-4.713897705E-1,-7.259826660E0,3.034103394E0
2.673336438E1,-3.924255371E-1,-7.231109619E0,2.727813721E0
2.673577527E1,-2.656097412E-1,-7.185653687E0,2.404785156E0
2.673818616E1,-1.890258789E-1,-7.054046631E0,2.033905029E0
2.674059705E1,-1.052856445E-1,-6.912872314E0,1.603195190E0
2.674297742E1,3.828430176E-2,-6.774078369E0,1.198806763E0
2.674538831E1,2.129669189E-1,-6.604187012E0,8.015899658E-1
2.674779920E1,4.019927979E-1,-6.467803955E0,3.876342773E-1
2.675021008E1,6.556396484E-1,-6.360122681E0,-4.791259766E-3
2.675259046E1,9.331970215E-1,-6.226119995E0,-3.206329346E-1
2.675500134E1,1.191619873E0,-6.116058350E0,-6.245269775E-1
2.675741223E1,1.469192505E0,-6.044265747E0,-7.992095947E-1
2.675982312E1,1.785049438E0,-5.965301514E0,-8.973083496E-1
2.676220349E1,2.057830811E0,-5.941375732E0,-8.518524170E-1
2.676461438E1,2.306686401E0,-5.917449951E0,-6.580200195E-1
2.676702527E1,2.543563843E0,-5.924636841E0,-3.325958252E-1
2.676943616E1,2.687133789E0,-5.934204102E0,1.124572754E-1
2.677184705E1,2.770889282E0,-5.946166992E0,6.029968262E-1
2.677422742E1,2.754135132E0,-5.946166992E0,1.134201050E0
2.677663831E1,2.624923706E0,-5.979660034E0,1.703689575E0
2.677904920E1,2.426315308E0,-6.051452637E0,2.237289429E0
2.678146008E1,2.213363647E0,-6.139984131E0,2.811569214E0
2.678384046E1,2.057830811E0,-6.250045776E0,3.330810547E0
2.678625134E1,1.945358276E0,-6.343368530E0,3.847656250E0
2.678866223E1,1.849655151E0,-6.367294312E0,4.285552979E0
2.679107312E1,1.840087891E0,-6.422332764E0,4.723434448E0
2.679345349E1,1.890335083E0,-6.472579956E0,5.096710205E0
2.679586438E1,2.017150879E0,-6.419937134E0,5.484344482E0
2.679827527E1,2.172683716E0,-6.407974243E0,5.874374390E0
2.680068616E1,2.380859375E0,-6.407974243E0,6.250045776E0
2.680309705E1,2.684753418E0,-6.364913940E0,6.668792725E0
2.680547742E1,3.010177612E0,-6.290725708E0,7.073181152E0
2.680788831E1,3.321243286E0,-6.252441406E0,7.444076538E0
2.681029920E1,3.706481934E0,-6.195022583E0,7.843673706E0
2.681271008E1,4.141983032E0,-6.235702515E0,8.250457764E0
2.681509046E1,4.587036133E0,-6.283554077E0,8.657226562E0
2.681750134E1,5.005783081E0,-6.278762817E0,9.099899292E0
2.681991223E1,5.448455811E0,-6.281158447E0,9.518646240E0
2.682232312E1,5.917449951E0,-6.290725708E0,9.982849121E0
2.682470349E1,6.436691284E0,-6.329010010E0,1.036810303E1
2.682711438E1,6.915252686E0,-6.352951050E0,1.074617004E1
2.682952527E1,7.396209717E0,-6.355331421E0,1.107159424E1
2.683193616E1,7.850845337E0,-6.333801270E0,1.131565857E1
2.683434705E1,8.267196655E0,-6.266799927E0,1.141137695E1
2.683672742E1,8.683547974E0,-6.216552734E0,1.138983154E1
2.683913831E1,9.049652100E0,-6.135192871E0,1.128933716E1
2.684154920E1,9.439682007E0,-6.092132568E0,1.110987854E1
2.684396008E1,9.803390503E0,-6.008377075E0,1.083949280E1
2.684634046E1,1.015274048E1,-5.974884033E0,1.054039001E1
2.684875134E1,1.051406860E1,-5.950942993E0,1.021974182E1
2.685116223E1,1.080838013E1,-5.953338623E0,9.954147339E0
2.685357312E1,1.115055847E1,-5.962921143E0,9.714859009E0
2.685595349E1,1.143769836E1,-6.041870117E0,9.489929199E0
2.685836438E1,1.173200989E1,-6.199798584E0,9.339187622E0
2.686077527E1,1.199761963E1,-6.345764160E0,9.257827759E0
2.686318616E1,1.223211670E1,-6.553939819E0,9.207580566E0
2.686556653E1,1.244029236E1,-6.766906738E0,9.157333374E0
2.686797742E1,1.263410950E1,-7.054046631E0,9.157333374E0
2.687038831E1,1.273939514E1,-7.360321045E0,9.224334717E0
2.687279920E1,1.279681396E1,-7.637893677E0,9.403793335E0
2.687521008E1,1.269392395E1,-7.879562378E0,9.638290405E0
2.687759046E1,1.250727844E1,-8.037490845E0,9.937393188E0
2.688000134E1,1.219143677E1,-8.137985229E0,1.020538330E1
2.688241223E1,1.175354004E1,-8.154739380E0,1.044706726E1
2.688482312E1,1.132283020E1,-8.169097900E0,1.064088440E1
2.688720349E1,1.082752991E1,-8.183456421E0,1.069113159E1
2.688961438E1,1.032025146E1,-8.185852051E0,1.060737610E1
2.689202527E1,9.762710571E0,-8.214553833E0,1.034417725E1
2.689443616E1,9.164505005E0,-8.228912354E0,9.968505859E0
2.689681653E1,8.614166260E0,-8.248062134E0,9.461227417E0
2.689922742E1,8.056640625E0,-8.267196655E0,8.855834961E0
2.690163831E1,7.558929443E0,-8.255233765E0,8.221740723E0
2.690404920E1,7.097106934E0,-8.228912354E0,7.544570923E0
2.690642957E1,6.709472656E0,-8.195419312E0,6.905685425E0
2.690884046E1,6.410369873E0,-8.190628052E0,6.314666748E0
2.691125134E1,6.202194214E0,-8.248062134E0,5.752349854E0
2.691366223E1,6.101699829E0,-8.394027710E0,5.218750000E0
2.691607312E1,5.941375732E0,-8.590240479E0,4.730606079E0
2.691845349E1,5.814559937E0,-8.882156372E0,4.220932007E0
2.692086438E1,5.699707031E0,-9.288940430E0,3.677764893E0
2.692327527E1,5.608779907E0,-9.777069092E0,3.192031860E0
2.692568616E1,5.536987305E0,-1.028913879E1,2.746963501E0
2.692806653E1,5.489135742E0,-1.083230591E1,2.299499512E0
2.693047742E1,5.508270264E0,-1.139462280E1,1.890335083E0
2.693288831E1,5.589630127E0,-1.194258118E1,1.557723999E0
2.693529920E1,5.764312744E0,-1.244506836E1,1.316055298E0
2.693771008E1,5.998809814E0,-1.283270264E1,1.222732544E0
2.694009046E1,6.269195557E0,-1.311027527E1,1.356735229E0
2.694250134E1,6.513259888E0,-1.335673523E1,1.768295288E0
2.694491223E1,6.726226807E0,-1.351226807E1,2.498107910E0
2.694732312E1,6.920043945E0,-1.351466370E1,3.393020630E0
2.694973401E1,7.202392578E0,-1.347398376E1,4.457824707E0
2.695214490E1,7.525421143E0,-1.331127930E1,5.479568481E0
2.695455579E1,7.920242310E0,-1.306481934E1,6.491729736E0
2.695696668E1,8.276779175E0,-1.263171387E1,7.401000977E0
2.695934705E1,8.611770630E0,-1.212921143E1,7.987243652E0
2.696175794E1,8.853439331E0,-1.169372559E1,8.130813599E0
2.696416882E1,8.980270386E0,-1.127737427E1,7.733596802E0
2.696657971E1,8.829513550E0,-1.090409851E1,6.948760986E0
2.696899060E1,8.532806396E0,-1.050927734E1,5.656631470E0
2.697137097E1,8.140380859E0,-1.005464172E1,4.295120239E0
2.697378186E1,7.520645142E0,-9.628723145E0,2.931213379E0
2.697619275E1,6.642471313E0,-9.305694580E0,1.481155396E0
2.697860364E1,5.589630127E0,-9.068801880E0,1.770629883E-1
2.698098401E1,4.606185913E0,-8.884552002E0,-9.284210205E-1
2.698339490E1,3.440872192E0,-8.767303467E0,-1.883148193E0
2.698580579E1,2.313858032E0,-8.776870728E0,-2.778060913E0
2.698821668E1,1.220336914E0,-8.906082153E0,-3.364303589E0
2.699059705E1,1.004943848E-1,-9.131011963E0,-3.792617798E0
2.699300794E1,-8.590240479E-1,-9.281753540E0,-3.828521729E0
2.699541882E1,-1.787445068E0,-9.468399048E0,-3.570098877E0
2.699782971E1,-2.806777954E0,-9.856033325E0,-3.105880737E0
2.700021008E1,-3.637084961E0,-1.009292603E1,-2.459823608E0
2.700262097E1,-4.331008911E0,-1.017668152E1,-1.667800903E0
2.700503186E1,-4.670791626E0,-1.015036011E1,-5.814514160E-1
2.700744275E1,-5.067993164E0,-1.015992737E1,3.852386475E-1
2.700985364E1,-5.417343140E0,-1.014317322E1,1.277770996E0
2.701223401E1,-5.388641357E0,-1.006181335E1,2.053039551E0
2.701464490E1,-5.288131714E0,-9.937393188E0,2.565109253E0
2.701705579E1,-5.228317261E0,-9.870391846E0,2.897705078E0
2.701946668E1,-5.221145630E0,-9.877578735E0,2.919250488E0
2.702184705E1,-5.058425903E0,-9.717254639E0,2.785247803E0
2.702425794E1,-4.900497437E0,-9.681365967E0,2.744567871E0
2.702666882E1,-4.709075928E0,-9.628723145E0,2.675170898E0
2.702907971E1,-4.472183228E0,-9.609573364E0,2.498107910E0
2.703146008E1,-3.952941895E0,-9.461227417E0,2.553146362E0
2.703387097E1,-3.316452026E0,-9.279373169E0,2.646469116E0
2.703628186E1,-2.708679199E0,-9.119049072E0,2.955139160E0
2.703869275E1,-2.251647949E0,-8.927627563E0,3.069992065E0
2.704107312E1,-1.840087891E0,-8.748153687E0,3.122634888E0
2.704348401E1,-1.485946655E0,-8.566299438E0,3.302093506E0
2.704589490E1,-1.189239502E0,-8.367706299E0,3.443267822E0
2.704830579E1,-4.857482910E-1,-8.214553833E0,3.725631714E0
2.705071668E1,-3.110656738E-1,-8.159530640E0,3.905090332E0
2.705309705E1,-1.172485352E-1,-8.209777832E0,4.036697388E0
2.705550794E1,-2.632141113E-2,-8.362915039E0,4.182647705E0
2.705791882E1,4.355010986E-1,-8.405990601E0,4.350158691E0
2.706032971E1,1.395019531E0,-8.262420654E0,4.472183228E0
2.706271008E1,2.531600952E0,-8.082962036E0,4.369293213E0
2.706512097E1,3.000595093E0,-8.374877930E0,3.696914673E0
2.706753186E1,3.062820435E0,-8.604583740E0,3.720840454E0
2.706994275E1,3.720840454E0,-8.776870728E0,3.517456055E0
2.707235364E1,4.153945923E0,-8.956329346E0,3.263809204E0
2.707473401E1,4.433898926E0,-9.083160400E0,3.017349243E0
2.707714490E1,4.634902954E0,-9.209976196E0,2.811569214E0
2.707955579E1,4.768890381E0,-9.260223389E0,2.691925049E0
2.708196668E1,4.945968628E0,-9.152542114E0,2.794815063E0
2.708434705E1,5.197204590E0,-9.102294922E0,2.840286255E0
2.708675794E1,5.587234497E0,-9.056838989E0,2.737396240E0
2.708916882E1,5.793029785E0,-9.006591797E0,2.919250488E0
2.709157971E1,5.627914429E0,-9.157333374E0,3.055633545E0
2.709396008E1,5.481964111E0,-9.415756226E0,3.132202148E0
2.709637097E1,5.371887207E0,-9.633499146E0,3.136993408E0
2.709878186E1,5.405380249E0,-9.896713257E0,3.136993408E0
2.710119275E1,5.572891235E0,-1.005703735E1,3.065200806E0
2.710360364E1,5.709274292E0,-1.018385315E1,3.036499023E0
2.710598401E1,5.838485718E0,-1.030110168E1,3.072387695E0
2.710839490E1,5.941375732E0,-1.036091614E1,3.043670654E0
2.711080579E1,6.001205444E0,-1.038485718E1,2.943176270E0
2.711321668E1,6.017944336E0,-1.033699036E1,2.854644775E0
2.711559705E1,5.886337280E0,-1.031066895E1,2.830703735E0
2.711800794E1,5.635101318E0,-1.031306458E1,2.991027832E0
2.712041882E1,6.044265747E0,-1.019342041E1,3.005386353E0
2.712282971E1,5.950942993E0,-1.007617188E1,3.048461914E0
2.712521008E1,5.027313232E0,-9.990036011E0,3.177673340E0
2.712762097E1,4.680358887E0,-9.815353394E0,3.397811890E0
2.713003186E1,4.180267334E0,-9.769897461E0,3.718444824E0
2.713244275E1,3.735198975E0,-9.765106201E0,3.991226196E0
2.713485364E1,3.203994751E0,-9.781860352E0,4.335800171E0
2.713723401E1,2.825927734E0,-9.781860352E0,4.553543091E0
2.713964490E1,2.431106567E0,-9.798614502E0,4.644470215E0
2.714205579E1,1.933395386E0,-9.867996216E0,4.646865845E0
2.714446668E1,1.557723999E0,-9.915863037E0,4.587036133E0
2.714684705E1,1.325622559E0,-1.002352905E1,4.479370117E0
2.714925794E1,1.134201050E0,-1.012164307E1,4.352539062E0
2.715166882E1,9.930267334E-1,-1.020777893E1,4.244873047E0
2.715407971E1,8.709869385E-1,-1.023170471E1,4.120437622E0
2.715646008E1,8.183441162E-1,-1.027717590E1,3.991226196E0
2.715887097E1,8.685913086E-1,-1.026281738E1,3.799804688E0
2.716128186E1,9.140625000E-1,-1.021496582E1,3.510269165E0
2.716369275E1,8.781585693E-1,-1.012641907E1,3.208770752E0
2.716607312E1,8.590240479E-1,-1.000199890E1,2.907272339E0
2.716848401E1,8.183441162E-1,-9.856033325E0,2.577072144E0
2.717089490E1,7.824554443E-1,-9.779464722E0,2.143966675E0
2.717330579E1,6.723785400E-1,-9.693328857E0,1.777862549E0
2.717571668E1,4.235229492E-1,-9.619140625E0,1.378265381E0
2.717809705E1,2.010040283E-1,-9.640686035E0,1.057632446E0
2.718050794E1,-4.785156250E-2,-9.655044556E0,7.800598145E-1
2.718291882E1,-2.560272217E-1,-9.664611816E0,6.580200195E-1
2.718532971E1,-4.283142090E-1,-9.690933228E0,5.742797852E-1
2.718771008E1,-5.024871826E-1,-9.777069092E0,5.001068115E-1
2.719012097E1,-6.316986084E-1,-9.863220215E0,4.665985107E-1
2.719253186E1,-6.867370605E-1,-1.000679016E1,5.455627441E-1
2.719494275E1,-5.120697021E-1,-1.014317322E1,5.694885254E-1
2.719732312E1,-7.920227051E-1,-1.040159607E1,6.053771973E-1
2.719973401E1,-1.179656982E0,-1.064567566E1,7.417755127E-1
2.720214490E1,9.809875488E-2,-1.036091614E1,7.992095947E-1
2.720455579E1,-1.052856445E-1,-1.039682007E1,1.172485352E0
2.720696668E1,-3.637084961E-1,-1.085383606E1,1.773086548E0
2.720934705E1,1.064804077E0,-1.106680298E1,2.187042236E0
2.721175794E1,1.610366821E0,-1.109072876E1,2.667999268E0
2.721416882E1,1.572082520E0,-1.117208862E1,3.091522217E0
2.721657971E1,2.392822266E0,-1.084187317E1,3.175277710E0
2.721896008E1,3.038879395E0,-1.054039001E1,3.294921875E0
2.722137097E1,3.445663452E0,-1.019581604E1,3.553344727E0
2.722378186E1,3.527023315E0,-9.647857666E0,3.828521729E0
2.722619275E1,3.141769409E0,-9.142974854E0,4.220932007E0
2.722857312E1,2.761322021E0,-8.805587769E0,4.476974487E0
2.723098401E1,2.766098022E0,-8.554336548E0,4.429107666E0
2.723339490E1,2.919250488E0,-8.248062134E0,4.280761719E0
2.723580579E1,3.105880737E0,-8.023132324E0,4.213760376E0
2.723821668E1,3.048461914E0,-7.783859253E0,4.228118896E0
2.724062756E1,2.924026489E0,-7.573287964E0,4.201797485E0
2.724303845E1,2.792419434E0,-7.348358154E0,4.103683472E0
2.724544934E1,2.663208008E0,-7.247863770E0,3.960128784E0
2.724786023E1,2.653640747E0,-7.137786865E0,3.881164551E0
2.725024060E1,2.636886597E0,-6.994216919E0,3.677764893E0
2.725265149E1,2.591430664E0,-7.006179810E0,3.471984863E0
2.725506238E1,2.589035034E0,-6.994216919E0,3.189636230E0
2.725747327E1,2.565109253E0,-6.958328247E0,2.974273682E0
2.725985364E1,2.507675171E0,-6.936798096E0,2.730209351E0
2.726226453E1,2.483749390E0,-6.900894165E0,2.464614868E0
2.726467542E1,2.411972046E0,-6.869796753E0,2.182250977E0
2.726708631E1,2.371292114E0,-6.855438232E0,1.976470947E0
2.726949719E1,2.361709595E0,-6.865005493E0,1.765899658E0
2.727187756E1,2.366500854E0,-6.908081055E0,1.603195190E0
2.727428845E1,2.356933594E0,-6.955932617E0,1.562515259E0
2.727669934E1,2.335388184E0,-6.955932617E0,1.476364136E0
2.727911023E1,2.277969360E0,-7.051651001E0,1.404586792E0
2.728149060E1,2.177474976E0,-7.116256714E0,1.284942627E0
2.728390149E1,2.196609497E0,-7.202392578E0,1.141372681E0
2.728631238E1,2.258819580E0,-7.398605347E0,1.060012817E0
2.728872327E1,2.323425293E0,-7.513458252E0,9.475555420E-1
2.729110364E1,2.407180786E0,-7.647460938E0,8.518524170E-1
2.729351453E1,2.502899170E0,-7.724029541E0,7.848510742E-1
2.729592542E1,2.596206665E0,-7.860427856E0,7.322082520E-1
2.729833631E1,2.632110596E0,-7.987243652E0,7.058868408E-1
2.730071668E1,2.713455200E0,-8.032699585E0,7.178497314E-1
2.730312756E1,2.821136475E0,-8.087738037E0,7.561340332E-1
2.730553845E1,2.979064941E0,-8.166702271E0,7.704925537E-1
2.730794934E1,3.113067627E0,-8.188232422E0,8.374938965E-1
2.731036023E1,3.232696533E0,-8.169097900E0,9.188385010E-1
2.731274060E1,3.302093506E0,-8.145172119E0,9.882354736E-1
2.731515149E1,3.357131958E0,-8.126022339E0,1.088729858E0
2.731756238E1,3.388229370E0,-8.123626709E0,1.234695435E0
2.731997327E1,3.414550781E0,-8.066207886E0,1.337585449E0
2.732235364E1,3.419342041E0,-7.975280762E0,1.378265381E0
2.732476453E1,3.381057739E0,-7.920242310E0,1.404586792E0
2.732717542E1,3.340377808E0,-7.893920898E0,1.495513916E0
2.732958631E1,3.314056396E0,-7.819747925E0,1.514663696E0
2.733196668E1,3.225524902E0,-7.764709473E0,1.521835327E0
2.733437756E1,3.249450684E0,-7.738388062E0,1.517044067E0
2.733678845E1,3.242279053E0,-7.735992432E0,1.502685547E0
2.733919934E1,3.242279053E0,-7.649856567E0,1.514663696E0
2.734157971E1,3.223129272E0,-7.630706787E0,1.521835327E0
2.734399060E1,3.184844971E0,-7.633102417E0,1.521835327E0
2.734640149E1,3.120239258E0,-7.630706787E0,1.509872437E0
2.734881238E1,2.991027832E0,-7.654632568E0,1.545761108E0
2.735122327E1,2.854644775E0,-7.652252197E0,1.593612671E0
2.735360364E1,2.713455200E0,-7.724029541E0,1.610366821E0
2.735601453E1,2.589035034E0,-7.764709473E0,1.639083862E0
2.735842542E1,2.495712280E0,-7.869995117E0,1.684539795E0
2.736083631E1,2.392822266E0,-7.982452393E0,1.820938110E0
2.736321668E1,2.318649292E0,-8.094924927E0,1.926223755E0
2.736562756E1,2.187042236E0,-8.173889160E0,2.098510742E0
2.736803845E1,2.024322510E0,-8.322235107E0,2.368896484E0
2.737044934E1,2.048263550E0,-8.472991943E0,2.574676514E0
2.737286023E1,2.103286743E0,-8.683547974E0,2.782852173E0
2.737524060E1,2.072189331E0,-8.772094727E0,3.084350586E0
2.737765149E1,2.017150879E0,-8.815155029E0,3.407379150E0
2.738006238E1,2.079360962E0,-8.949157715E0,3.775878906E0
2.738247327E1,2.282745361E0,-9.049652100E0,4.065399170E0
2.738485364E1,2.459823608E0,-9.159729004E0,4.450653076E0
2.738726453E1,2.579467773E0,-9.214767456E0,4.876571655E0
2.738967542E1,2.706283569E0,-9.221939087E0,5.350357056E0
2.739208631E1,2.928817749E0,-9.209976196E0,5.761917114E0
2.739446668E1,3.187240601E0,-9.114257812E0,6.183059692E0
2.739687756E1,3.292526245E0,-8.956329346E0,6.680755615E0
2.739928845E1,3.474380493E0,-8.815155029E0,7.176071167E0
2.740169934E1,3.763916016E0,-8.657226562E0,7.563705444E0
2.740407971E1,3.912261963E0,-8.401199341E0,7.994415283E0
2.740649060E1,3.960128784E0,-8.106887817E0,8.355743408E0
2.740890149E1,3.852447510E0,-7.829315186E0,8.707489014E0
2.741131238E1,3.646667480E0,-7.563705444E0,9.059234619E0
2.741372327E1,3.634704590E0,-7.384246826E0,9.114257812E0
2.741610364E1,3.663406372E0,-7.226318359E0,9.111862183E0
2.741851453E1,3.658630371E0,-7.085144043E0,9.087936401E0
2.742092542E1,3.340377808E0,-6.908081055E0,9.107086182E0
2.742333631E1,2.845062256E0,-6.790832520E0,9.157333374E0
2.742571668E1,2.617752075E0,-6.826721191E0,9.071197510E0
2.742812756E1,2.287536621E0,-6.903289795E0,8.925231934E0
2.743053845E1,1.904693604E0,-7.022933960E0,8.803192139E0
2.743294934E1,1.607971191E0,-7.185653687E0,8.630905151E0
2.743532971E1,1.112655640E0,-7.288543701E0,8.518447876E0
2.743774060E1,6.963043213E-1,-7.463211060E0,8.422729492E0
2.744015149E1,3.948211670E-1,-7.637893677E0,8.202590942E0
2.744256238E1,1.674957275E-1,-7.795822144E0,8.003997803E0
2.744497327E1,4.791259766E-3,-8.003997803E0,7.829315186E0
2.744735364E1,-9.809875488E-2,-8.209777832E0,7.709671021E0
2.744976453E1,9.567260742E-3,-8.417953491E0,7.573287964E0
2.745217542E1,1.411743164E-1,-8.633300781E0,7.590026855E0
2.745458631E1,3.373870850E-1,-8.867797852E0,7.599609375E0
2.745696668E1,6.891326904E-1,-9.162124634E0,7.635498047E0
2.745937756E1,9.619140625E-1,-9.418151855E0,7.841278076E0
2.746178845E1,1.253845215E0,-9.652648926E0,7.970489502E0
2.746419934E1,1.500305176E0,-9.875183105E0,8.157135010E0
2.746657971E1,1.691726685E0,-9.968505859E0,8.348556519E0
2.746899060E1,1.641479492E0,-9.949356079E0,8.563919067E0
2.747140149E1,1.543365479E0,-9.824935913E0,8.726623535E0
2.747381238E1,1.325622559E0,-9.604797363E0,8.884552002E0
2.747619275E1,1.172485352E0,-9.355941772E0,8.982650757E0
2.747860364E1,1.091125488E0,-9.083160400E0,9.032897949E0
2.748101453E1,1.122238159E0,-8.752944946E0,8.994613647E0
2.748342542E1,1.378265381E0,-8.458633423E0,8.834304810E0
2.748583631E1,1.758728027E0,-8.140380859E0,8.650054932E0
2.748821668E1,2.277969360E0,-7.862808228E0,8.334197998E0
2.749062756E1,2.715850830E0,-7.527816772E0,8.044662476E0
2.749303845E1,3.022140503E0,-7.135391235E0,7.728820801E0
2.749544934E1,3.227920532E0,-6.826721191E0,7.432113647E0
2.749782971E1,3.412170410E0,-6.446258545E0,7.104293823E0
2.750024060E1,3.565307617E0,-6.116058350E0,6.754943848E0
2.750265149E1,3.818939209E0,-5.814559937E0,6.345764160E0
2.750506238E1,4.118041992E0,-5.572891235E0,5.950942993E0
2.750744275E1,4.438690186E0,-5.405380249E0,5.568099976E0
2.750985364E1,4.701904297E0,-5.307281494E0,5.180465698E0
2.751226453E1,4.871780396E0,-5.240280151E0,4.697113037E0
2.751467542E1,5.075180054E0,-5.242675781E0,4.180267334E0
2.751708631E1,5.280960083E0,-5.300109863E0,3.644271851E0
2.751949719E1,5.474777222E0,-5.383850098E0,3.225524902E0
2.752190808E1,5.539382935E0,-5.479568481E0,2.928817749E0
2.752431897E1,5.568099976E0,-5.599212646E0,2.636886597E0
2.752672986E1,5.596817017E0,-5.733200073E0,2.349746704E0
2.752911023E1,5.536987305E0,-5.881561279E0,2.155929565E0
2.753152112E1,5.491531372E0,-6.005981445E0,1.966903687E0
2.753393201E1,5.426925659E0,-6.195022583E0,1.854431152E0
2.753634290E1,5.527420044E0,-6.336196899E0,1.770690918E0
2.753872327E1,5.675781250E0,-6.510864258E0,1.682159424E0
2.754113416E1,5.833694458E0,-6.678375244E0,1.581649780E0
2.754354505E1,6.130416870E0,-6.872192383E0,1.505081177E0
2.754595593E1,6.453445435E0,-7.118652344E0,1.473983765E0
2.754836682E1,6.745361328E0,-7.472778320E0,1.538589478E0
2.755074719E1,7.013366699E0,-8.006378174E0,1.684539795E0
2.755315808E1,7.336395264E0,-8.712265015E0,1.698898315E0
2.755556897E1,7.630706787E0,-9.497116089E0,1.756332397E0
2.755797986E1,7.776672363E0,-1.043750000E1,1.904693604E0
2.756036023E1,7.664215088E0,-1.145443726E1,2.105682373E0
2.756277112E1,7.484756470E0,-1.252403259E1,2.115249634E0
2.756518201E1,7.377075195E0,-1.364627075E1,2.007583618E0
2.756759290E1,7.235900879E0,-1.477088928E1,1.715652466E0
2.756997327E1,7.104293823E0,-1.586680603E1,1.332809448E0
2.757238416E1,6.963119507E0,-1.698425293E1,9.571228027E-1
2.757479505E1,6.764511108E0,-1.799403381E1,5.527496338E-1
2.757720593E1,6.496520996E0,-1.897030640E1,1.698913574E-1
2.757958631E1,6.317047119E0,-1.986282349E1,-1.651000977E-1
2.758199719E1,6.053848267E0,-2.081755066E1,-3.086700439E-1
2.758440808E1,5.871994019E0,-2.173400879E1,-2.273254395E-1
2.758681897E1,5.831314087E0,-2.259303284E1,1.052856445E-1
2.758922986E1,5.615951538E0,-2.349751282E1,5.647125244E-1
2.759161023E1,5.383850098E0,-2.432064819E1,1.048049927E0
2.759402112E1,5.347961426E0,-2.495474243E1,1.387832642E0
2.759643201E1,5.213958740E0,-2.525863647E1,1.777862549E0
2.759884290E1,5.008178711E0,-2.540937805E1,1.923828125E0
2.760122327E1,4.850250244E0,-2.555773926E1,1.859222412E0
2.760363416E1,4.735397339E0,-2.557926941E1,1.761123657E0
2.760604505E1,4.622940063E0,-2.556492615E1,1.612762451E0
2.760845593E1,4.668395996E0,-2.542852783E1,1.524230957E0
2.761083631E1,4.582260132E0,-2.519403076E1,1.462020874E0
2.761324719E1,4.828720093E0,-2.481117249E1,1.536193848E0
2.761565808E1,4.876571655E0,-2.426083374E1,1.476364136E0
2.761806897E1,5.010574341E0,-2.358605957E1,1.402191162E0
2.762047986E1,5.103897095E0,-2.273660278E1,1.261016846E0
2.762286023E1,5.194824219E0,-2.183929443E1,1.131805420E0
2.762527112E1,4.847854614E0,-2.085345459E1,1.050445557E0
2.762768201E1,4.857437134E0,-1.983650208E1,1.000198364E0
2.763009290E1,4.790435791E0,-1.880519104E1,7.800598145E-1
2.763247327E1,4.405181885E0,-1.761596680E1,7.752685547E-1
2.763488416E1,3.723236084E0,-1.643391418E1,1.244262695E0
2.763729505E1,3.115447998E0,-1.537628174E1,1.674972534E0
2.763970593E1,2.811569214E0,-1.446701050E1,1.832901001E0
2.764208631E1,2.735000610E0,-1.369412231E1,1.847259521E0
2.764449719E1,2.663208008E0,-1.309114075E1,1.868789673E0
2.764690808E1,2.589035034E0,-1.259820557E1,1.904693604E0
2.764931897E1,2.464614868E0,-1.220339966E1,1.983642578E0
2.765172986E1,2.409576416E0,-1.186839294E1,2.117645264E0
2.765411023E1,2.445465088E0,-1.163629150E1,2.029113770E0
2.765652112E1,2.481353760E0,-1.146401978E1,1.966903687E0
2.765893201E1,2.600997925E0,-1.139462280E1,1.907073975E0
2.766134290E1,2.569885254E0,-1.133480835E1,1.981262207E0
2.766372327E1,2.567504883E0,-1.128454590E1,1.938186646E0
2.766613416E1,2.605789185E0,-1.121516418E1,1.574478149E0
2.766854505E1,2.919250488E0,-1.114097595E1,9.954071045E-1
2.767095593E1,3.412170410E0,-1.100938416E1,4.642028809E-1
2.767333631E1,3.921829224E0,-1.087298584E1,1.818542480E-1
2.767574719E1,4.314254761E0,-1.081794739E1,-2.919311523E-1
2.767815808E1,4.634902954E0,-1.077009583E1,-7.513427734E-1
2.768056897E1,4.577468872E0,-1.064805603E1,-1.057632446E0
2.768297986E1,4.383651733E0,-1.043750000E1,-1.194015503E0
2.768536023E1,4.364501953E0,-1.013839722E1,-1.186843872E0
2.768777112E1,4.347763062E0,-9.829711914E0,-1.220336914E0
2.769018201E1,4.486541748E0,-9.509078979E0,-1.591232300E0
2.769259290E1,4.701904297E0,-9.128616333E0,-2.533996582E0
2.769497327E1,4.572677612E0,-8.673980713E0,-3.450454712E0
2.769738416E1,3.598800659E0,-8.233703613E0,-4.283157349E0
2.769979505E1,2.388031006E0,-7.477569580E0,-4.594223022E0
2.770220593E1,3.357131958E0,-6.886550903E0,-4.517654419E0
2.770458631E1,4.309478760E0,-6.697509766E0,-4.455429077E0
2.770699719E1,5.321640015E0,-6.709472656E0,-4.800003052E0
2.770940808E1,6.025131226E0,-6.709472656E0,-4.857437134E0
2.771181897E1,6.096908569E0,-6.750152588E0,-4.670791626E0
2.771419934E1,6.029907227E0,-6.757324219E0,-4.043869019E0
2.771661023E1,5.867202759E0,-6.738189697E0,-3.383453369E0
2.771902112E1,5.503494263E0,-6.747756958E0,-2.723037720E0
2.772143201E1,5.139785767E0,-6.766906738E0,-2.074584961E0
2.772384290E1,4.733001709E0,-6.778869629E0,-1.433303833E0
2.772622327E1,4.249649048E0,-6.833908081E0,-8.494567871E-1
2.772863416E1,3.828521729E0,-6.824325562E0,-2.799530029E-1
2.773104505E1,3.407379150E0,-6.824325562E0,1.674957275E-1
2.773345593E1,3.014953613E0,-6.776473999E0,5.168457031E-1
2.773583631E1,2.675170898E0,-6.709472656E0,7.752685547E-1
2.773824719E1,2.380859375E0,-6.565902710E0,9.595184326E-1
2.774065808E1,2.098510742E0,-6.451049805E0,1.213165283E0
2.774306897E1,1.911865234E0,-6.324234009E0,1.373474121E0
2.774544934E1,1.718048096E0,-6.187835693E0,1.560119629E0
2.774786023E1,1.612762451E0,-6.080169678E0,1.732406616E0
2.775027112E1,1.383056641E0,-5.986846924E0,1.856826782E0
2.775268201E1,1.339981079E0,-5.802597046E0,1.794616699E0
2.775509290E1,1.093521118E0,-5.699707031E0,1.859222412E0
2.775747327E1,8.422698975E-1,-5.630310059E0,1.875976562E0
2.775988416E1,9.475555420E-1,-5.525024414E0,2.000396729E0
2.776229505E1,1.098312378E0,-5.469985962E0,2.129608154E0
2.776470593E1,1.119842529E0,-5.462814331E0,2.203796387E0
2.776708631E1,1.196411133E0,-5.448455811E0,2.270782471E0
2.776949719E1,1.373474121E0,-5.422134399E0,2.385650635E0
2.777190808E1,1.596008301E0,-5.331207275E0,2.445465088E0
2.777431897E1,1.751541138E0,-5.283355713E0,2.498107910E0
2.777669934E1,1.789825439E0,-5.235488892E0,2.629714966E0
2.777911023E1,1.689331055E0,-5.228317261E0,2.763717651E0
2.778152112E1,1.634292603E0,-5.254638672E0,2.909667969E0
2.778393201E1,1.567306519E0,-5.316848755E0,3.158523560E0
2.778634290E1,1.521835327E0,-5.386245728E0,3.311660767E0
2.778872327E1,1.363906860E0,-5.426925659E0,3.507873535E0
2.779113416E1,1.136596680E0,-5.510665894E0,3.759124756E0
2.779354505E1,8.566284180E-1,-5.606384277E0,3.931411743E0
2.779595593E1,5.335998535E-1,-5.678161621E0,4.098907471E0
2.779833631E1,1.818542480E-1,-5.730804443E0,4.230514526E0
2.780074719E1,-2.010040283E-1,-5.788238525E0,4.259231567E0
2.780315808E1,-6.125640869E-1,-5.862411499E0,4.405181885E0
2.780556897E1,-9.810638428E-1,-5.931808472E0,4.505691528E0
2.780797986E1,-1.215560913E0,-5.934204102E0,4.541580200E0
2.781039075E1,-1.421340942E0,-5.989242554E0,4.613357544E0
2.781280164E1,-1.588836670E0,-6.070587158E0,4.666000366E0
2.781521253E1,-1.658233643E0,-6.111267090E0,4.639678955E0
2.781762341E1,-1.715652466E0,-6.132797241E0,4.558334351E0
2.782000378E1,-1.787445068E0,-6.216552734E0,4.398010254E0
2.782241467E1,-1.856826782E0,-6.288345337E0,4.161117554E0
2.782482556E1,-1.940582275E0,-6.307479858E0,3.974472046E0
2.782723645E1,-2.021942139E0,-6.324234009E0,3.766296387E0
2.782961682E1,-2.000396729E0,-6.333801270E0,3.538986206E0
2.783202771E1,-1.974075317E0,-6.319442749E0,3.299697876E0
2.783443860E1,-1.952545166E0,-6.252441406E0,3.067596436E0
2.783684949E1,-1.895111084E0,-6.180664062E0,2.864212036E0
2.783922986E1,-1.818542480E0,-6.099304199E0,2.694320679E0
2.784164075E1,-1.655838013E0,-6.020339966E0,2.457427979E0
2.784405164E1,-1.471588135E0,-5.917449951E0,2.232498169E0
2.784646253E1,-1.249053955E0,-5.809768677E0,2.048263550E0
2.784884290E1,-9.906311035E-1,-5.706878662E0,1.818542480E0
2.785125378E1,-7.010955811E-1,-5.599212646E0,1.598403931E0
2.785366467E1,-4.331054688E-1,-5.493927002E0,1.426116943E0
2.785607556E1,-1.603240967E-1,-5.431701660E0,1.270584106E0
2.785848645E1,9.092712402E-2,-5.395812988E0,1.045669556E0
2.786086682E1,3.373870850E-1,-5.338394165E0,8.350982666E-1
2.786327771E1,5.503540039E-1,-5.352737427E0,6.819610596E-1
2.786568860E1,7.537384033E-1,-5.381454468E0,6.077728271E-1
2.786809949E1,9.762725830E-1,-5.422134399E0,6.149597168E-1
2.787047986E1,1.129409790E0,-5.455642700E0,6.963043213E-1
2.787289075E1,1.270584106E0,-5.498703003E0,8.781585693E-1
2.787530164E1,1.452438354E0,-5.587234497E0,1.153335571E0
2.787771253E1,1.555328369E0,-5.699707031E0,1.521835327E0
2.788009290E1,1.607971191E0,-5.776275635E0,1.942977905E0
2.788250378E1,1.665405273E0,-5.833694458E0,2.404785156E0
2.788491467E1,1.746765137E0,-5.893524170E0,2.947952271E0
2.788732556E1,1.830505371E0,-5.958129883E0,3.462417603E0
2.788973645E1,1.969299316E0,-6.041870117E0,3.933807373E0
2.789211682E1,2.062606812E0,-6.096908569E0,4.421936035E0
2.789452771E1,2.227722168E0,-6.156738281E0,4.931610107E0
2.789693860E1,2.435897827E0,-6.223724365E0,5.465209961E0
2.789934949E1,2.701492310E0,-6.259628296E0,6.049057007E0
2.790172986E1,3.026916504E0,-6.312271118E0,6.745361328E0
2.790414075E1,3.393020630E0,-6.338592529E0,7.456039429E0
2.790655164E1,3.795013428E0,-6.343368530E0,8.185852051E0
2.790896253E1,4.244873047E0,-6.374481201E0,8.870193481E0
2.791134290E1,4.699508667E0,-6.400802612E0,9.540191650E0
2.791375378E1,5.132598877E0,-6.424728394E0,1.015036011E1
2.791616467E1,5.596817017E0,-6.376876831E0,1.074377441E1
2.791857556E1,6.101699829E0,-6.333801270E0,1.127737427E1
2.792098645E1,6.635299683E0,-6.250045776E0,1.174397278E1
2.792336682E1,7.149749756E0,-6.206985474E0,1.212683105E1
2.792577771E1,7.661819458E0,-6.199798584E0,1.238285828E1
2.792818860E1,8.200210571E0,-6.171096802E0,1.258384705E1
2.793059949E1,8.714660645E0,-6.168701172E0,1.260299683E1
2.793297986E1,9.171691895E0,-6.247665405E0,1.248814392E1
2.793539075E1,9.705291748E0,-6.305084229E0,1.228713989E1
2.793780164E1,1.026042175E1,-6.405578613E0,1.196411133E1
2.794021253E1,1.083470154E1,-6.455841064E0,1.159562683E1
2.794259290E1,1.144247437E1,-6.556335449E0,1.119123840E1
2.794500378E1,1.199043274E1,-6.632904053E0,1.079162598E1
2.794741467E1,1.252882385E1,-6.776473999E0,1.030110168E1
2.794982556E1,1.308634949E1,-6.910476685E0,9.808181763E0
2.795223645E1,1.354815674E1,-7.022933960E0,9.315261841E0
2.795461682E1,1.394537354E1,-7.152145386E0,8.872589111E0
2.795702771E1,1.423728943E1,-7.372283936E0,8.384445190E0
2.795943860E1,1.447657776E1,-7.587646484E0,7.805389404E0
2.796184949E1,1.463690186E1,-7.807785034E0,7.271789551E0
2.796422986E1,1.463690186E1,-8.018356323E0,6.874572754E0
2.796664075E1,1.453161621E1,-8.238494873E0,6.587448120E0
2.796905164E1,1.425643921E1,-8.470596313E0,6.369689941E0
2.797146253E1,1.394297791E1,-8.549560547E0,6.281158447E0
2.797384290E1,1.342852783E1,-8.609375000E0,6.403198242E0
2.797625378E1,1.283749390E1,-8.513656616E0,6.630508423E0
2.797866467E1,1.218424988E1,-8.453842163E0,6.948760986E0
2.798107556E1,1.150947571E1,-8.384445190E0,7.298110962E0
2.798345593E1,1.080120850E1,-8.338989258E0,7.623535156E0
2.798586682E1,1.011207581E1,-8.362915039E0,7.917846680E0
2.798827771E1,9.489929199E0,-8.389236450E0,8.185852051E0
2.799068860E1,8.822341919E0,-8.427520752E0,8.382064819E0
2.799309949E1,8.188232422E0,-8.508880615E0,8.506484985E0
2.799547986E1,7.582855225E0,-8.566299438E0,8.547164917E0
2.799789075E1,6.999008179E0,-8.630905151E0,8.528015137E0
2.800030164E1,6.434295654E0,-8.642868042E0,8.420349121E0
2.800271253E1,5.886337280E0,-8.638092041E0,8.183456421E0
2.800509290E1,5.400604248E0,-8.602203369E0,7.812561035E0
2.800750378E1,4.986648560E0,-8.561523438E0,7.336395264E0
2.800991467E1,4.680358887E0,-8.508880615E0,6.759719849E0
2.801232556E1,4.405181885E0,-8.489730835E0,6.163909912E0
2.801470593E1,4.132400513E0,-8.472991943E0,5.520248413E0
2.801711682E1,3.854843140E0,-8.520843506E0,4.883758545E0
2.801952771E1,3.541381836E0,-8.614166260E0,4.287933350E0
2.802193860E1,3.211166382E0,-8.769699097E0,3.871582031E0
2.802434949E1,2.840286255E0,-8.941986084E0,3.524627686E0
2.802672986E1,2.507675171E0,-9.133407593E0,3.330810547E0
2.802914075E1,2.203796387E0,-9.298507690E0,3.227920532E0
2.803155164E1,1.969299316E0,-9.456436157E0,3.273376465E0
2.803396253E1,1.921432495E0,-9.602401733E0,3.424133301E0
2.803634290E1,1.914260864E0,-9.724426270E0,3.572479248E0
2.803875378E1,2.065002441E0,-9.822540283E0,3.622726440E0
2.804116467E1,2.294723511E0,-9.896713257E0,3.680160522E0
2.804357556E1,2.610565186E0,-9.934997559E0,3.639480591E0
2.804595593E1,2.981460571E0,-9.973281860E0,3.646667480E0
2.804836682E1,3.416946411E0,-9.944564819E0,3.696914673E0
2.805077771E1,3.936187744E0,-9.877578735E0,3.907485962E0
2.805318860E1,4.476974487E0,-9.887145996E0,4.285552979E0
2.805559949E1,5.039291382E0,-9.903900146E0,4.845458984E0
2.805797986E1,5.625518799E0,-9.908676147E0,5.455642700E0
2.806039075E1,6.195022583E0,-9.944564819E0,6.128021240E0
2.806280164E1,6.709472656E0,-9.992431641E0,6.699905396E0
2.806521253E1,7.286148071E0,-1.009532166E1,7.113861084E0
2.806759290E1,7.752746582E0,-1.035853577E1,7.204788208E0
2.807000378E1,8.035095215E0,-1.082752991E1,6.872192383E0
2.807241467E1,8.025527954E0,-1.141615295E1,6.156738281E0
2.807482556E1,7.929809570E0,-1.201196289E1,5.084747314E0
2.807720593E1,7.587646484E0,-1.251686096E1,3.950546265E0
2.807961682E1,7.128219604E0,-1.291645813E1,2.589035034E0
2.808202771E1,6.329010010E0,-1.319403076E1,1.227523804E0
2.808443860E1,5.448455811E0,-1.335194397E1,-1.914978027E-2
2.808684949E1,4.443466187E0,-1.347877502E1,-1.012161255E0
2.808926038E1,3.249450684E0,-1.347158813E1,-1.818542480E0
2.809167127E1,1.875976562E0,-1.325144958E1,-2.421539307E0
2.809408216E1,3.900299072E-1,-1.285185242E1,-2.806777954E0
2.809649304E1,-9.331970215E-1,-1.235893250E1,-2.976669312E0
2.809887341E1,-2.270782471E0,-1.183489990E1,-2.833099365E0
2.810128430E1,-3.541381836E0,-1.134915161E1,-2.557922363E0
2.810369519E1,-4.338180542E0,-1.080120850E1,-1.988433838E0
2.810610608E1,-4.938781738E0,-1.042791748E1,-1.421340942E0
2.810848645E1,-5.338394165E0,-1.012403870E1,-8.183441162E-1
2.811089734E1,-5.362319946E0,-9.906280518E0,-2.177429199E-1
2.811330823E1,-5.123031616E0,-9.789031982E0,2.273254395E-1
2.811571912E1,-4.759323120E0,-9.736389160E0,6.891326904E-1
2.811809949E1,-4.259231567E0,-9.659820557E0,1.036087036E0
2.812051038E1,-3.558120728E0,-9.540191650E0,1.411758423E0
2.812292127E1,-2.758926392E0,-9.561721802E0,1.732406616E0
2.812533216E1,-2.658432007E0,-9.729217529E0,2.012359619E0
2.812774304E1,-2.299499512E0,-9.844070435E0,2.055435181E0
2.813012341E1,-1.715652466E0,-9.887145996E0,2.060226440E0
2.813253430E1,-1.296905518E0,-9.856033325E0,2.246856689E0
2.813494519E1,-9.571228027E-1,-9.798614502E0,2.096115112E0
2.813735608E1,-4.977111816E-1,-9.714859009E0,2.127212524E0
2.813973645E1,-1.387786865E-1,-9.602401733E0,2.222930908E0
2.814214734E1,1.986083984E-1,-9.501892090E0,2.392822266E0
2.814455823E1,4.378814697E-1,-9.341583252E0,2.603393555E0
2.814696912E1,9.714813232E-1,-9.111862183E0,2.897705078E0
2.814934949E1,1.440475464E0,-8.987442017E0,2.711074829E0
2.815176038E1,1.153335571E0,-9.293716431E0,2.443069458E0
2.815417127E1,9.020996094E-1,-9.518646240E0,2.354537964E0
2.815658216E1,1.129409790E0,-9.750747681E0,2.155929565E0
2.815899304E1,1.440475464E0,-9.911071777E0,2.067398071E0
2.816137341E1,1.880752563E0,-1.009053040E1,1.983642578E0
2.816378430E1,2.316253662E0,-1.027238464E1,1.954940796E0
2.816619519E1,2.766098022E0,-1.045423889E1,1.966903687E0
2.816860608E1,3.189636230E0,-1.053799438E1,2.120040894E0
2.817098645E1,3.670593262E0,-1.065763855E1,2.220535278E0
2.817339734E1,4.264007568E0,-1.068634033E1,2.390426636E0
2.817580823E1,4.754531860E0,-1.061216736E1,2.562713623E0
2.817821912E1,5.032104492E0,-1.047578430E1,2.854644775E0
2.818059949E1,5.213958740E0,-1.032025146E1,3.196807861E0
2.818301038E1,5.290527344E0,-1.023649597E1,3.500701904E0
2.818542127E1,5.288131714E0,-1.014317322E1,3.761520386E0
2.818783216E1,5.383850098E0,-9.958923340E0,3.996017456E0
2.819024304E1,5.376678467E0,-9.911071777E0,4.077377319E0
2.819262341E1,5.343170166E0,-9.875183105E0,4.177871704E0
2.819503430E1,5.185241699E0,-9.798614502E0,4.261611938E0
2.819744519E1,5.072784424E0,-9.690933228E0,4.328613281E0
2.819985608E1,4.931610107E0,-9.549758911E0,4.350158691E0
2.820223645E1,4.797607422E0,-9.466003418E0,4.316650391E0
2.820464734E1,4.701904297E0,-9.332015991E0,4.261611938E0
2.820705823E1,4.553543091E0,-9.176467896E0,4.137191772E0
2.820946912E1,4.266403198E0,-9.075973511E0,4.139587402E0
2.821184949E1,4.386047363E0,-8.994613647E0,4.118041992E0
2.821426038E1,4.749755859E0,-8.882156372E0,4.067794800E0
2.821667127E1,4.553543091E0,-8.705093384E0,4.039077759E0
2.821908216E1,4.448257446E0,-8.499313354E0,4.098907471E0
2.822149304E1,4.302291870E0,-8.343780518E0,4.103683472E0
2.822387341E1,4.058227539E0,-8.298309326E0,4.149154663E0
2.822628430E1,3.826126099E0,-8.307876587E0,4.244873047E0
2.822869519E1,3.641876221E0,-8.336593628E0,4.407577515E0
2.823110608E1,3.237487793E0,-8.523239136E0,4.481750488E0
2.823348645E1,2.708679199E0,-8.812759399E0,4.476974487E0
2.823589734E1,2.380859375E0,-9.035293579E0,4.498504639E0
2.823830823E1,2.172683716E0,-9.231506348E0,4.520034790E0
2.824071912E1,2.031509399E0,-9.322433472E0,4.532012939E0
2.824309949E1,2.093719482E0,-9.360717773E0,4.467407227E0
2.824551038E1,1.600799561E0,-9.499511719E0,4.412368774E0
2.824792127E1,1.107879639E0,-9.640686035E0,4.292724609E0
2.825033216E1,8.638153076E-1,-9.815353394E0,4.144363403E0
2.825271253E1,7.800598145E-1,-9.944564819E0,4.036697388E0
2.825512341E1,6.149597168E-1,-9.999603271E0,3.945770264E0
2.825753430E1,6.556396484E-1,-9.968505859E0,3.840484619E0
2.825994519E1,7.537384033E-1,-9.939788818E0,3.732803345E0
2.826235608E1,8.638153076E-1,-9.844070435E0,3.565307617E0
2.826473645E1,8.757781982E-1,-9.710067749E0,3.378662109E0
2.826714734E1,8.159484863E-1,-9.571289062E0,3.227920532E0
2.826955823E1,8.135528564E-1,-9.415756226E0,3.024520874E0
2.827196912E1,7.322082520E-1,-9.209976196E0,2.840286255E0
2.827434949E1,7.537384033E-1,-9.042480469E0,2.608169556E0
2.827676038E1,6.436767578E-1,-8.836700439E0,2.411972046E0
2.827917127E1,1.028900146E-1,-8.786437988E0,2.466995239E0
2.828158216E1,-4.019927979E-1,-8.910873413E0,2.610565186E0
2.828396253E1,-6.795654297E-1,-9.066406250E0,2.591430664E0
2.828637341E1,-8.398742676E-1,-9.279373169E0,2.299499512E0
2.828878430E1,-7.992095947E-1,-9.367904663E0,2.041076660E0
2.829119519E1,-7.058868408E-1,-9.671783447E0,1.639083862E0
2.829360608E1,-3.828582764E-1,-9.961318970E0,1.509872437E0
2.829598645E1,2.799530029E-1,-1.024366760E1,1.332809448E0
2.829839734E1,1.043273926E0,-1.050448608E1,1.282546997E0
2.830080823E1,1.646255493E0,-1.070549011E1,1.373474121E0
2.830321912E1,1.622329712E0,-1.109072876E1,1.454833984E0
2.830559949E1,-7.896270752E-1,-1.189950562E1,2.117645264E0
2.830801038E1,3.170486450E0,-1.119361877E1,2.072189331E0
2.831042127E1,2.778060913E0,-1.119123840E1,3.012557983E0
2.831283216E1,2.725418091E0,-1.143290710E1,3.158523560E0
2.831521253E1,2.890533447E0,-1.147598267E1,3.371490479E0
2.831762341E1,3.371490479E0,-1.106680298E1,3.622726440E0
2.832003430E1,3.615554810E0,-1.059303284E1,3.806976318E0
2.832244519E1,3.639480591E0,-1.025325012E1,3.897903442E0
2.832485608E1,3.625122070E0,-9.846466064E0,4.139587402E0
2.832723645E1,3.541381836E0,-9.470794678E0,4.421936035E0
2.832964734E1,3.522232056E0,-9.023330688E0,4.541580200E0
2.833205823E1,3.321243286E0,-8.472991943E0,4.508071899E0
2.833446912E1,3.115447998E0,-8.126022339E0,4.429107666E0
2.833684949E1,3.117843628E0,-7.755142212E0,4.328613281E0
2.833926038E1,3.129806519E0,-7.448852539E0,4.163513184E0
2.834167127E1,3.048461914E0,-7.221542358E0,4.024734497E0
2.834408216E1,2.981460571E0,-6.924835205E0,3.881164551E0
2.834646253E1,2.873779297E0,-6.697509766E0,3.706481934E0
2.834887341E1,2.782852173E0,-6.558731079E0,3.548553467E0
2.835128430E1,2.689529419E0,-6.470199585E0,3.464813232E0
2.835369519E1,2.596206665E0,-6.350555420E0,3.359527588E0
2.835607556E1,2.452636719E0,-6.302688599E0,3.256637573E0
2.835848645E1,2.421539307E0,-6.240478516E0,3.122634888E0
2.836089734E1,2.399993896E0,-6.278762817E0,2.959915161E0
2.836330823E1,2.395217896E0,-6.369689941E0,2.835494995E0
2.836571912E1,2.440673828E0,-6.372085571E0,2.742172241E0
2.836809949E1,2.526824951E0,-6.419937134E0,2.644073486E0
2.837051038E1,2.768493652E0,-6.429519653E0,2.490921021E0
2.837292127E1,2.857025146E0,-6.364913940E0,2.356933594E0
2.837533216E1,2.524429321E0,-6.446258545E0,2.380859375E0
2.837774304E1,2.344970703E0,-6.702301025E0,2.347366333E0
2.838015393E1,2.421539307E0,-6.843475342E0,2.275573730E0
2.838256482E1,2.538787842E0,-7.015762329E0,2.208572388E0
2.838497571E1,2.735000610E0,-7.168899536E0,2.146362305E0
2.838735608E1,3.026916504E0,-7.329208374E0,2.122436523E0
2.838976697E1,3.290130615E0,-7.470397949E0,2.120040894E0
2.839217786E1,3.553344727E0,-7.602005005E0,2.076965332E0
2.839458875E1,3.742370605E0,-7.688140869E0,2.009963989E0
2.839699964E1,3.957733154E0,-7.757537842E0,1.964508057E0
2.839938001E1,4.051055908E0,-7.788635254E0,1.873580933E0
2.840179090E1,4.122833252E0,-7.798202515E0,1.758728027E0
2.840420178E1,4.177871704E0,-7.791030884E0,1.658233643E0
2.840658216E1,4.261611938E0,-7.802993774E0,1.564910889E0
2.840899304E1,4.400405884E0,-7.812561035E0,1.540985107E0
2.841140393E1,4.529617310E0,-7.834106445E0,1.514663696E0
2.841381482E1,4.618148804E0,-7.791030884E0,1.473983765E0
2.841622571E1,4.694717407E0,-7.719253540E0,1.442871094E0
2.841860608E1,4.800003052E0,-7.709671021E0,1.440475464E0
2.842101697E1,4.867004395E0,-7.635498047E0,1.459625244E0
2.842342786E1,4.929214478E0,-7.544570923E0,1.485946655E0
2.842583875E1,4.965103149E0,-7.494323730E0,1.476364136E0
2.842821912E1,5.005783081E0,-7.451248169E0,1.445266724E0
2.843063001E1,4.991424561E0,-7.408172607E0,1.452438354E0
2.843304090E1,4.929214478E0,-7.343566895E0,1.375869751E0
2.843545178E1,4.823928833E0,-7.329208374E0,1.277770996E0
2.843786267E1,4.742568970E0,-7.379470825E0,1.160522461E0
2.844024304E1,4.598999023E0,-7.372283936E0,1.093521118E0
2.844265393E1,4.417144775E0,-7.367507935E0,9.978027344E-1
2.844506482E1,4.218551636E0,-7.381851196E0,9.427795410E-1
2.844747571E1,3.967300415E0,-7.372283936E0,9.212341309E-1
2.844985608E1,3.704086304E0,-7.357925415E0,9.475555420E-1
2.845226697E1,3.498306274E0,-7.353149414E0,9.667053223E-1
2.845467786E1,3.287734985E0,-7.389038086E0,1.064804077E0
2.845708875E1,3.053237915E0,-7.427322388E0,1.186843872E0
2.845946912E1,2.854644775E0,-7.513458252E0,1.253845215E0
2.846188001E1,2.600997925E0,-7.590026855E0,1.397415161E0
2.846429090E1,2.402389526E0,-7.697708130E0,1.514663696E0
2.846670178E1,2.242080688E0,-7.824523926E0,1.653442383E0
2.846911267E1,2.072189331E0,-7.953735352E0,1.770690918E0
2.847149304E1,1.942977905E0,-8.090133667E0,1.952545166E0
2.847390393E1,1.825729370E0,-8.255233765E0,2.155929565E0
2.847631482E1,1.746765137E0,-8.403594971E0,2.352142334E0
2.847872571E1,1.653442383E0,-8.602203369E0,2.543563843E0
2.848110608E1,1.435699463E0,-8.729019165E0,2.861816406E0
2.848351697E1,1.280166626E0,-8.819946289E0,3.151351929E0
2.848592786E1,1.258621216E0,-8.927627563E0,3.428909302E0
2.848833875E1,1.227523804E0,-9.004196167E0,3.725631714E0
2.849071912E1,1.165298462E0,-9.083160400E0,4.125228882E0
2.849313001E1,1.232299805E0,-9.126220703E0,4.534393311E0
2.849554090E1,1.440475464E0,-9.135803223E0,4.862213135E0
2.849795178E1,1.545761108E0,-9.128616333E0,5.185241699E0
2.850036267E1,1.734802246E0,-9.133407593E0,5.577667236E0
2.850274304E1,1.957336426E0,-9.171691895E0,6.044265747E0
2.850515393E1,2.210968018E0,-9.142974854E0,6.489334106E0
2.850756482E1,2.536392212E0,-9.186050415E0,6.867401123E0
2.850997571E1,2.749359131E0,-9.107086182E0,7.235900879E0
2.851235608E1,2.746963501E0,-9.023330688E0,7.649856567E0
2.851476697E1,2.749359131E0,-8.886947632E0,7.982452393E0
2.851717786E1,2.758926392E0,-8.800796509E0,8.190628052E0
2.851958875E1,2.746963501E0,-8.571090698E0,8.327026367E0
2.852196912E1,2.758926392E0,-8.274383545E0,8.410766602E0
2.852438001E1,2.600997925E0,-7.872390747E0,8.506484985E0
2.852679090E1,2.500503540E0,-7.573287964E0,8.470596313E0
2.852920178E1,2.388031006E0,-7.259826660E0,8.410766602E0
2.853161267E1,2.234893799E0,-6.936798096E0,8.329421997E0
2.853399304E1,2.048263550E0,-6.692718506E0,8.195419312E0
2.853640393E1,1.942977905E0,-6.498901367E0,7.970489502E0
2.853881482E1,1.775466919E0,-6.352951050E0,7.769500732E0
2.854122571E1,1.538589478E0,-6.247665405E0,7.630706787E0
2.854360608E1,1.325622559E0,-6.281158447E0,7.511077881E0
2.854601697E1,9.427795410E-1,-6.343368530E0,7.446456909E0
2.854842786E1,7.202453613E-1,-6.474975586E0,7.338790894E0
2.855083875E1,4.618072510E-1,-6.692718506E0,7.322036743E0
2.855321912E1,3.038940430E-1,-7.027725220E0,7.444076538E0
2.855563001E1,2.129669189E-1,-7.391433716E0,7.525421143E0
2.855804090E1,2.273254395E-1,-7.853240967E0,7.616348267E0
2.856045178E1,3.900299072E-1,-8.327026367E0,7.740783691E0
2.856283216E1,5.096740723E-1,-8.815155029E0,7.860427856E0
2.856524304E1,7.417755127E-1,-9.308074951E0,8.094924927E0
2.856765393E1,1.028915405E0,-9.767501831E0,8.353347778E0
2.857006482E1,1.182052612E0,-1.006900024E1,8.654846191E0
2.857247571E1,1.378265381E0,-1.029393005E1,8.985046387E0
2.857485608E1,1.560119629E0,-1.040878296E1,9.284149170E0
2.857726697E1,1.521835327E0,-1.036810303E1,9.401397705E0
2.857967786E1,1.397415161E0,-1.021974182E1,9.430114746E0
2.858208875E1,1.117446899E0,-9.980468750E0,9.408584595E0
2.858446912E1,9.284210205E-1,-9.717254639E0,9.336791992E0
2.858688001E1,8.518524170E-1,-9.420547485E0,9.195617676E0
2.858929090E1,8.446655273E-1,-9.150161743E0,8.999404907E0
2.859170178E1,9.379882812E-1,-8.831909180E0,8.743377686E0
2.859408216E1,1.129409790E0,-8.499313354E0,8.417953491E0
2.859649304E1,1.473983765E0,-8.140380859E0,8.056640625E0
2.859890393E1,1.878372192E0,-7.822143555E0,7.661819458E0
2.860131482E1,2.349746704E0,-7.470397949E0,7.262222290E0
2.860372571E1,2.802001953E0,-7.123428345E0,6.908081055E0
2.860610608E1,3.144165039E0,-6.783645630E0,6.601791382E0
2.860851697E1,3.414550781E0,-6.412765503E0,6.319442749E0
2.861092786E1,3.658630371E0,-6.068191528E0,6.058624268E0
2.861333875E1,3.945770264E0,-5.752349854E0,5.776275635E0
2.861571912E1,4.228118896E0,-5.426925659E0,5.515457153E0
2.861813001E1,4.527221680E0,-5.166107178E0,5.237884521E0
2.862054090E1,4.847854614E0,-4.986648560E0,4.924423218E0
2.862295178E1,5.046463013E0,-4.890930176E0,4.625320435E0
2.862533216E1,5.213958740E0,-4.833496094E0,4.376480103E0
2.862774304E1,5.369491577E0,-4.797607422E0,4.007980347E0
2.863015393E1,5.560913086E0,-4.797607422E0,3.651443481E0
2.863256482E1,5.716461182E0,-4.850250244E0,3.366699219E0
2.863497571E1,5.862411499E0,-4.895721436E0,3.144165039E0
2.863735608E1,5.845672607E0,-4.960327148E0,3.086746216E0
2.863976697E1,5.730804443E0,-5.125427246E0,3.084350586E0
2.864217786E1,5.584854126E0,-5.268997192E0,3.074783325E0
2.864458875E1,5.493927002E0,-5.460418701E0,2.938385010E0
2.864696912E1,5.369491577E0,-5.644668579E0,2.912063599E0
2.864938001E1,5.314453125E0,-5.857635498E0,2.895309448E0
2.865179090E1,5.309677124E0,-6.099304199E0,2.854644775E0
2.865420178E1,5.335998535E0,-6.338592529E0,2.785247803E0
2.865658216E1,5.522628784E0,-6.556335449E0,2.663208008E0
2.865899304E1,5.848052979E0,-6.857833862E0,2.510070801E0
2.866140393E1,6.235702515E0,-7.290924072E0,2.289932251E0
2.866381482E1,6.597015381E0,-7.905883789E0,2.048263550E0
2.866622571E1,6.884155273E0,-8.693130493E0,1.976470947E0
2.866863660E1,7.113861084E0,-9.585647583E0,2.093719482E0
2.867104749E1,7.111465454E0,-1.054277039E1,2.266006470E0
2.867345838E1,6.932006836E0,-1.157647705E1,2.380859375E0
2.867586926E1,6.867401123E0,-1.263410950E1,2.450256348E0
2.867824964E1,6.857833862E0,-1.377548218E1,2.404785156E0
2.868066052E1,6.848251343E0,-1.498385620E1,2.318649292E0
2.868307141E1,6.805191040E0,-1.624008179E1,2.120040894E0
2.868548230E1,6.819549561E0,-1.756332397E1,1.792221069E0
2.868786267E1,6.829116821E0,-1.888415527E1,1.380661011E0
2.869027356E1,6.666397095E0,-2.013560486E1,9.523468018E-1
2.869268445E1,6.283554077E0,-2.146839905E1,5.216369629E-1
2.869509534E1,6.089736938E0,-2.280360413E1,-5.264282227E-2
2.869747571E1,5.871994019E0,-2.399522400E1,-5.096740723E-1
2.869988660E1,5.424530029E0,-2.485424805E1,-5.431671143E-1
2.870229749E1,4.811965942E0,-2.538784790E1,-6.316986084E-1
2.870470838E1,4.079757690E0,-2.589512634E1,-8.374938965E-1
2.870711926E1,3.605987549E0,-2.649093628E1,-7.585296631E-1
2.870949964E1,3.270996094E0,-2.684268188E1,-6.029968262E-1
2.871191052E1,3.196807861E0,-2.697668457E1,-4.905242920E-1
2.871432141E1,2.943176270E0,-2.700061035E1,-3.445739746E-1
2.871673230E1,2.928817749E0,-2.690251160E1,-2.201385498E-1
2.871911267E1,3.261413574E0,-2.669911194E1,-2.297058105E-1
2.872152356E1,3.720840454E0,-2.640000916E1,-2.416687012E-1
2.872393445E1,4.132400513E0,-2.582095337E1,-1.316070557E-1
2.872634534E1,4.352539062E0,-2.505285645E1,2.871704102E-2
2.872872571E1,4.797607422E0,-2.411486816E1,2.823486328E-1
2.873113660E1,5.300109863E0,-2.306202698E1,6.532440186E-1
2.873354749E1,5.465209961E0,-2.186082458E1,8.997039795E-1
2.873595838E1,5.544174194E0,-2.055674744E1,1.098312378E0
2.873836926E1,5.237884521E0,-1.924786377E1,1.418945312E0
2.874074964E1,4.950744629E0,-1.797967529E1,1.739578247E0
2.874316052E1,4.603790283E0,-1.671386719E1,1.859222412E0
2.874557141E1,4.204193115E0,-1.552941895E1,1.878372192E0
2.874798230E1,3.857223511E0,-1.458903503E1,1.911865234E0
2.875036267E1,3.471984863E0,-1.376829529E1,1.933395386E0
2.875277356E1,3.280563354E0,-1.311267090E1,2.000396729E0
2.875518445E1,3.172882080E0,-1.250250244E1,1.990829468E0
2.875759534E1,3.177673340E0,-1.204067993E1,1.964508057E0
2.875997571E1,3.220733643E0,-1.164347839E1,1.952545166E0
2.876238660E1,3.244674683E0,-1.122952271E1,1.895111084E0
2.876479749E1,3.316452026E0,-1.095674133E1,1.849655151E0
2.876720838E1,3.381057739E0,-1.073898315E1,1.875976562E0
2.876961926E1,3.424133301E0,-1.060020447E1,1.854431152E0
2.877199964E1,3.378662109E0,-1.044467163E1,1.663009644E0
2.877441052E1,3.390625000E0,-1.032502747E1,1.196411133E0
2.877682141E1,3.622726440E0,-1.020060730E1,7.968139648E-1
2.877923230E1,3.900299072E0,-1.011685181E1,3.995971680E-1
2.878161267E1,3.972091675E0,-1.004267883E1,-5.981445312E-2
2.878402356E1,3.926620483E0,-9.913467407E0,-1.938171387E-1
2.878643445E1,3.893127441E0,-9.643081665E0,-1.555328369E-1
2.878884534E1,3.897903442E0,-9.303298950E0,-1.028900146E-1
2.879122571E1,3.974472046E0,-8.906082153E0,-2.033843994E-1
2.879363660E1,4.067794800E0,-8.511276245E0,-4.402770996E-1
2.879604749E1,4.139587402E0,-8.080566406E0,-5.742797852E-1
2.879845838E1,4.022338867E0,-7.712066650E0,-5.958099365E-1
2.880083875E1,3.493515015E0,-7.463211060E0,-4.139556885E-1
2.880324964E1,3.007781982E0,-7.001403809E0,-2.823486328E-1
2.880566052E1,3.926620483E0,-7.025329590E0,4.307556152E-2
2.880807141E1,4.443466187E0,-7.190429688E0,-5.216369629E-1
2.881048230E1,5.008178711E0,-7.247863770E0,-1.363906860E0
2.881286267E1,5.795410156E0,-7.101898193E0,-2.050643921E0
2.881527356E1,6.508483887E0,-6.881759644E0,-2.888137817E0
2.881768445E1,6.829116821E0,-6.714263916E0,-3.897903442E0
2.882009534E1,7.075576782E0,-6.494125366E0,-4.668395996E0
2.882247571E1,7.238281250E0,-6.250045776E0,-5.187637329E0
2.882488660E1,7.348358154E0,-5.943771362E0,-5.788238525E0
2.882729749E1,7.266998291E0,-5.704483032E0,-5.721237183E0
2.882970838E1,7.133010864E0,-5.558532715E0,-5.233108521E0
2.883208875E1,6.850646973E0,-5.565704346E0,-4.467407227E0
2.883449964E1,6.336196899E0,-5.682952881E0,-3.553344727E0
2.883691052E1,6.061019897E0,-5.843276978E0,-2.593826294E0
2.883932141E1,5.711669922E0,-6.077774048E0,-1.780258179E0
2.884173230E1,5.178070068E0,-6.302688599E0,-1.057632446E0
2.884411267E1,4.694717407E0,-6.501296997E0,-4.809570312E-1
2.884652356E1,4.335800171E0,-6.604187012E0,5.743408203E-2
2.884893445E1,4.106079102E0,-6.668792725E0,5.168457031E-1
2.885134534E1,3.840484619E0,-6.707077026E0,8.614196777E-1
2.885372571E1,3.610763550E0,-6.723831177E0,1.167694092E0
2.885613660E1,3.412170410E0,-6.716659546E0,1.392623901E0
2.885854749E1,3.218353271E0,-6.752548218E0,1.581649780E0
2.886095838E1,3.074783325E0,-6.740585327E0,1.761123657E0
2.886333875E1,2.840286255E0,-6.738189697E0,1.911865234E0
2.886574964E1,2.639282227E0,-6.740585327E0,2.100891113E0
2.886816052E1,2.399993896E0,-6.759719849E0,2.275573730E0
2.887057141E1,2.225326538E0,-6.707077026E0,2.428710938E0
2.887298230E1,2.091323853E0,-6.664016724E0,2.495712280E0
2.887536267E1,1.950149536E0,-6.616149902E0,2.648849487E0
2.887777356E1,1.840087891E0,-6.522827148E0,2.706283569E0
2.888018445E1,1.720443726E0,-6.467803955E0,2.864212036E0
2.888259534E1,1.572082520E0,-6.403198242E0,2.947952271E0
2.888497571E1,1.339981079E0,-6.343368530E0,3.038879395E0
2.888738660E1,1.150955200E0,-6.254837036E0,3.103485107E0
2.888979749E1,9.427795410E-1,-6.183059692E0,3.203994751E0
2.889220838E1,6.029968262E-1,-6.154342651E0,3.323623657E0
2.889458875E1,3.278198242E-1,-6.135192871E0,3.433700562E0
2.889699964E1,7.656860352E-2,-6.168701172E0,3.586837769E0
2.889941052E1,-1.124572754E-1,-6.226119995E0,3.809371948E0
2.890182141E1,-2.368927002E-1,-6.290725708E0,3.998413086E0
2.890423230E1,-4.115600586E-1,-6.417556763E0,4.161117554E0
2.890661267E1,-5.694885254E-1,-6.498901367E0,4.297515869E0
2.890902356E1,-7.202453613E-1,-6.575469971E0,4.460220337E0
2.891143445E1,-8.087768555E-1,-6.563507080E0,4.613357544E0
2.891384534E1,-9.308013916E-1,-6.632904053E0,4.654037476E0
2.891622571E1,-1.045669556E0,-6.711868286E0,4.737792969E0
2.891863660E1,-1.203582764E0,-6.754943848E0,4.792816162E0
2.892104749E1,-1.363906860E0,-6.805191040E0,4.816757202E0
2.892345838E1,-1.526626587E0,-6.853042603E0,4.843078613E0
2.892583875E1,-1.643875122E0,-6.857833862E0,4.821533203E0
2.892824964E1,-1.739578247E0,-6.862609863E0,4.725830078E0
2.893066052E1,-1.847259521E0,-6.862609863E0,4.589431763E0
2.893307141E1,-1.931015015E0,-6.848251343E0,4.431503296E0
2.893545178E1,-2.000396729E0,-6.821945190E0,4.295120239E0
2.893786267E1,-2.007583618E0,-6.762115479E0,4.096511841E0
2.894027356E1,-1.990829468E0,-6.711868286E0,3.842880249E0
2.894268445E1,-1.950149536E0,-6.611373901E0,3.594024658E0
2.894509534E1,-1.854431152E0,-6.518051147E0,3.373886108E0
2.894750623E1,-1.737182617E0,-6.384048462E0,3.098709106E0
2.894991712E1,-1.653442383E0,-6.297912598E0,2.818740845E0
2.895232800E1,-1.533798218E0,-6.185440063E0,2.555541992E0
2.895473889E1,-1.433303833E0,-6.075378418E0,2.292327881E0
2.895711926E1,-1.229904175E0,-5.917449951E0,1.983642578E0
2.895953015E1,-1.031311035E0,-5.776275635E0,1.686935425E0
2.896194104E1,-8.207397461E-1,-5.670989990E0,1.392623901E0
2.896435193E1,-5.431671143E-1,-5.580062866E0,1.162918091E0
2.896673230E1,-2.847442627E-1,-5.472381592E0,9.188385010E-1
2.896914319E1,4.791259766E-3,-5.438888550E0,7.393798828E-1
2.897155408E1,2.033843994E-1,-5.388641357E0,5.790557861E-1
2.897396497E1,4.378814697E-1,-5.400604248E0,4.665985107E-1
2.897637586E1,6.245269775E-1,-5.388641357E0,4.139556885E-1
2.897875623E1,7.752685547E-1,-5.388641357E0,4.187469482E-1
2.898116712E1,9.355926514E-1,-5.395812988E0,5.503540039E-1
2.898357800E1,1.100692749E0,-5.450851440E0,7.369842529E-1
2.898598889E1,1.220336914E0,-5.491531372E0,9.954071045E-1
2.898836926E1,1.275375366E0,-5.544174194E0,1.282546997E0
2.899078015E1,1.292129517E0,-5.544174194E0,1.615158081E0
2.899319104E1,1.342376709E0,-5.558532715E0,1.976470947E0
2.899560193E1,1.361511230E0,-5.599212646E0,2.380859375E0
2.899798230E1,1.373474121E0,-5.584854126E0,2.778060913E0
2.900039319E1,1.335189819E0,-5.556137085E0,3.175277710E0
2.900280408E1,1.361511230E0,-5.541778564E0,3.627517700E0
2.900521497E1,1.414154053E0,-5.508270264E0,4.084548950E0
2.900762586E1,1.466796875E0,-5.477172852E0,4.543975830E0
2.901000623E1,1.588836670E0,-5.472381592E0,5.094314575E0
2.901241712E1,1.756332397E0,-5.431701660E0,5.735595703E0
2.901482800E1,1.971679688E0,-5.393417358E0,6.427124023E0
2.901723889E1,2.297103882E0,-5.374282837E0,7.085144043E0
2.901961926E1,2.691925049E0,-5.350357056E0,7.771881104E0
2.902203015E1,3.122634888E0,-5.324035645E0,8.537597656E0
2.902444104E1,3.548553467E0,-5.340774536E0,9.262619019E0
2.902685193E1,4.022338867E0,-5.357528687E0,9.925430298E0
2.902923230E1,4.491333008E0,-5.426925659E0,1.065524292E1
2.903164319E1,4.974685669E0,-5.481964111E0,1.133958435E1
2.903405408E1,5.472381592E0,-5.522628784E0,1.197846985E1
2.903646497E1,5.979660034E0,-5.553741455E0,1.251924133E1
2.903887586E1,6.532409668E0,-5.522628784E0,1.288774109E1
2.904125623E1,7.044464111E0,-5.517852783E0,1.303849792E1
2.904366712E1,7.549362183E0,-5.513061523E0,1.298823547E1
2.904607800E1,8.027923584E0,-5.517852783E0,1.279441833E1
2.904848889E1,8.626129150E0,-5.515457153E0,1.242353821E1
2.905086926E1,9.200408936E0,-5.541778564E0,1.196411133E1
2.905328015E1,9.793823242E0,-5.565704346E0,1.141375732E1
2.905569104E1,1.036091614E1,-5.594421387E0,1.089691162E1
2.905810193E1,1.101416016E1,-5.673385620E0,1.043510437E1
2.906048230E1,1.168176270E1,-5.726028442E0,1.006660461E1
2.906289319E1,1.236370850E1,-5.840881348E0,9.750747681E0
2.906530408E1,1.303370667E1,-5.972488403E0,9.482757568E0
2.906771497E1,1.359123230E1,-6.108871460E0,9.233901978E0
2.907009534E1,1.409611511E1,-6.297912598E0,9.064010620E0
2.907250623E1,1.453401184E1,-6.496520996E0,8.882156372E0
2.907491712E1,1.486421204E1,-6.719039917E0,8.726623535E0
2.907732800E1,1.509631348E1,-7.034896851E0,8.539978027E0
2.907973889E1,1.528295898E1,-7.348358154E0,8.408386230E0
2.908211926E1,1.532124329E1,-7.676177979E0,8.233703613E0
2.908453015E1,1.535713196E1,-7.992034912E0,7.788635254E0
2.908694104E1,1.524946594E1,-8.324630737E0,6.939178467E0
2.908935193E1,1.508914185E1,-8.575881958E0,6.668792725E0
2.909173230E1,1.481156921E1,-8.700302124E0,6.752548218E0
2.909414319E1,1.438565063E1,-8.688339233E0,7.044464111E0
2.909655408E1,1.378984070E1,-8.635696411E0,7.482360840E0
2.909896497E1,1.307199097E1,-8.539978027E0,8.006378174E0
2.910134534E1,1.227517700E1,-8.487335205E0,8.403594971E0
2.910375623E1,1.143290710E1,-8.463409424E0,8.705093384E0
2.910616712E1,1.057627869E1,-8.492126465E0,8.831909180E0
2.910857800E1,9.774673462E0,-8.535202026E0,8.755340576E0
2.911098889E1,8.975479126E0,-8.578262329E0,8.504089355E0
2.911336926E1,8.250457764E0,-8.573486328E0,8.118850708E0
2.911578015E1,7.573287964E0,-8.518447876E0,7.666610718E0
2.911819104E1,6.924835205E0,-8.453842163E0,7.219146729E0
2.912060193E1,6.348159790E0,-8.386840820E0,6.754943848E0
2.912298230E1,5.771484375E0,-8.310272217E0,6.348159790E0
2.912539319E1,5.268997192E0,-8.233703613E0,5.979660034E0
2.912780408E1,4.792816162E0,-8.173889160E0,5.632705688E0
2.913021497E1,4.331008911E0,-8.169097900E0,5.367095947E0
2.913259534E1,3.931411743E0,-8.224136353E0,5.048858643E0
2.913500623E1,3.553344727E0,-8.303100586E0,4.768890381E0
2.913741712E1,3.168090820E0,-8.434707642E0,4.369293213E0
2.913982800E1,2.804382324E0,-8.604583740E0,3.986450195E0
2.914223889E1,2.445465088E0,-8.784057617E0,3.505477905E0
2.914461926E1,2.103286743E0,-8.932403564E0,3.007781982E0
2.914703015E1,1.816146851E0,-9.097518921E0,2.545959473E0
2.914944104E1,1.555328369E0,-9.243469238E0,2.100891113E0
2.915185193E1,1.356735229E0,-9.399002075E0,1.753936768E0
2.915423230E1,1.251449585E0,-9.566513062E0,1.526626587E0
2.915664319E1,1.155731201E0,-9.726821899E0,1.495513916E0
2.915905408E1,1.112655640E0,-9.899108887E0,1.646255493E0
2.916146497E1,1.232299805E0,-9.987640381E0,2.045867920E0
2.916384534E1,1.359130859E0,-1.009292603E1,2.744567871E0
2.916625623E1,1.579269409E0,-1.023170471E1,3.672988892E0
2.916866712E1,1.993225098E0,-1.030827332E1,4.800003052E0
2.917107800E1,2.462219238E0,-1.032025146E1,6.151947021E0
2.917348889E1,3.031707764E0,-1.024845886E1,7.690536499E0
2.917586926E1,3.653839111E0,-1.020060730E1,9.198013306E0
2.917828015E1,4.491333008E0,-1.018385315E1,1.054516602E1
2.918069104E1,5.422134399E0,-1.010009766E1,1.175833130E1
2.918310193E1,6.149551392E0,-1.017668152E1,1.235893250E1
2.918548230E1,6.865005493E0,-1.044706726E1,1.253359985E1
2.918789319E1,7.487136841E0,-1.079162598E1,1.228236389E1
2.919030408E1,7.939392090E0,-1.120797729E1,1.161715698E1
2.919271497E1,8.228912354E0,-1.152622986E1,1.041117859E1
2.919509534E1,8.121246338E0,-1.168655396E1,8.721832275E0
2.919750623E1,7.628311157E0,-1.168893433E1,6.647262573E0
2.919991712E1,6.881759644E0,-1.146640015E1,4.529617310E0
2.920232800E1,5.867202759E0,-1.110987854E1,2.414352417E0
2.920470838E1,4.840682983E0,-1.071505737E1,4.713897705E-1
2.920711926E1,3.847656250E0,-1.026521301E1,-1.112655640E0
2.920953015E1,2.916854858E0,-9.800994873E0,-2.347366333E0
2.921194104E1,1.978866577E0,-9.382263184E0,-3.218353271E0
2.921435193E1,1.024124146E0,-9.109481812E0,-3.826126099E0
2.921673230E1,1.435699463E-1,-8.980270386E0,-4.118041992E0
2.921914319E1,-6.173553467E-1,-8.927627563E0,-4.065399170E0
2.922155408E1,-1.368698120E0,-9.030517578E0,-3.716049194E0
2.922396497E1,-2.050643921E0,-9.154937744E0,-3.285339355E0
2.922634534E1,-2.399993896E0,-9.317657471E0,-2.589035034E0
2.922875623E1,-2.476577759E0,-9.509078979E0,-1.847259521E0
2.923116712E1,-2.565109253E0,-9.717254639E0,-1.083953857E0
2.923357800E1,-2.531600952E0,-9.856033325E0,-4.713897705E-1
2.923598889E1,-2.419143677E0,-9.987640381E0,1.363983154E-1
2.923839978E1,-2.220535278E0,-1.014317322E1,4.474639893E-1
2.924081067E1,-1.804183960E0,-1.032263184E1,6.508483887E-1
2.924322156E1,-1.540985107E0,-1.046620178E1,4.977111816E-1
2.924560193E1,-1.107879639E0,-1.060020447E1,2.297058105E-1
2.924801282E1,-7.992095947E-1,-1.071028137E1,-5.743408203E-2
2.925042371E1,-1.435699463E-1,-1.076290894E1,-2.010040283E-1
2.925283460E1,1.794586182E-1,-1.080358887E1,-1.340026855E-1
2.925524549E1,4.331054688E-1,-1.086341858E1,-3.828430176E-2
2.925762586E1,9.499511719E-1,-1.082991028E1,1.914978027E-2
2.926003674E1,1.497909546E0,-1.075813293E1,3.756713867E-1
2.926244763E1,1.916656494E0,-1.063131714E1,6.628112793E-1
2.926485852E1,2.218139648E0,-1.051884460E1,9.308013916E-1
2.926723889E1,2.560317993E0,-1.037049866E1,1.246658325E0
2.926964978E1,2.768493652E0,-1.028195190E1,1.605590820E0
2.927206067E1,3.153747559E0,-1.017189026E1,1.854431152E0
2.927447156E1,3.402587891E0,-1.016949463E1,2.055435181E0
2.927688245E1,3.285339355E0,-1.026998901E1,2.330612183E0
2.927926282E1,3.493515015E0,-1.028674316E1,2.557922363E0
2.928167371E1,3.728012085E0,-1.025564575E1,2.818740845E0
2.928408460E1,3.881164551E0,-1.024606323E1,3.079559326E0
2.928649549E1,4.039077759E0,-1.017428589E1,3.294921875E0
2.928887586E1,4.290328979E0,-1.012164307E1,3.505477905E0
2.929128674E1,4.460220337E0,-1.011445618E1,3.605987549E0
2.929369763E1,4.472183228E0,-1.012641907E1,3.711273193E0
2.929610852E1,4.663604736E0,-1.008575439E1,3.806976318E0
2.929848889E1,4.529617310E0,-1.014317322E1,3.806976318E0
2.930089978E1,4.409973145E0,-1.010728455E1,3.955337524E0
2.930331067E1,4.610961914E0,-1.005703735E1,3.940979004E0
2.930572156E1,4.402786255E0,-1.002592468E1,3.950546265E0
2.930810193E1,4.211364746E0,-9.908676147E0,3.919448853E0
2.931051282E1,4.170684814E0,-9.784255981E0,3.871582031E0
2.931292371E1,4.130004883E0,-9.674179077E0,3.823730469E0
2.931533460E1,4.237686157E0,-9.521041870E0,3.845260620E0
2.931774549E1,5.180465698E0,-8.678771973E0,4.151550293E0
2.932012586E1,6.149551392E0,-8.250457764E0,2.919250488E0
2.932253674E1,5.132598877E0,-8.472991943E0,2.486145020E0
2.932494763E1,4.584655762E0,-8.693130493E0,2.474182129E0
2.932735852E1,4.283157349E0,-8.681167603E0,2.383255005E0
2.932973889E1,3.979263306E0,-8.709869385E0,2.129608154E0
2.933214978E1,3.629913330E0,-8.886947632E0,2.098510742E0
2.933456067E1,3.369094849E0,-9.035293579E0,2.184646606E0
2.933697156E1,3.256637573E0,-9.195617676E0,2.261215210E0
2.933935193E1,3.117843628E0,-9.269790649E0,2.419143677E0
2.934176282E1,2.835494995E0,-9.334396362E0,2.548355103E0
2.934417371E1,2.526824951E0,-9.430114746E0,2.842666626E0
2.934658460E1,2.385650635E0,-9.399002075E0,3.101104736E0
2.934899549E1,2.349746704E0,-9.367904663E0,3.452850342E0
2.935137586E1,2.330612183E0,-9.329620361E0,3.622726440E0
2.935378674E1,2.239685059E0,-9.387039185E0,3.718444824E0
2.935619763E1,2.344970703E0,-9.468399048E0,3.787841797E0
2.935860852E1,2.526824951E0,-9.635894775E0,3.976867676E0
2.936098889E1,2.852249146E0,-9.745971680E0,4.213760376E0
2.936339978E1,3.029312134E0,-9.810577393E0,4.376480103E0
2.936581067E1,3.034103394E0,-9.791427612E0,4.551147461E0
2.936822156E1,2.969497681E0,-9.753143311E0,4.625320435E0
2.937060193E1,2.823532104E0,-9.803390503E0,4.603790283E0
2.937301282E1,2.565109253E0,-9.930221558E0,4.515258789E0
2.937542371E1,2.373687744E0,-1.002592468E1,4.419540405E0
2.937783460E1,2.218139648E0,-1.014556885E1,4.283157349E0
2.938021497E1,2.153533936E0,-1.025325012E1,4.043869019E0
2.938262586E1,2.136795044E0,-1.030827332E1,3.833297729E0
2.938503674E1,2.029113770E0,-1.044227600E1,3.689727783E0
2.938744763E1,1.619934082E0,-1.054039001E1,3.519836426E0
2.938985852E1,1.299301147E0,-1.058824158E1,3.328414917E0
2.939223889E1,1.198806763E0,-1.051167297E1,3.062820435E0
2.939464978E1,1.148559570E0,-1.035853577E1,2.821136475E0
2.939706067E1,9.403839111E-1,-1.034657288E1,2.667999268E0
2.939947156E1,8.829498291E-1,-1.020538330E1,2.388031006E0
2.940185193E1,7.657012939E-1,-1.009053040E1,2.108078003E0
2.940426282E1,8.781585693E-1,-9.879959106E0,1.820938110E0
2.940667371E1,8.877410889E-1,-9.573684692E0,1.521835327E0
2.940908460E1,3.613128662E-1,-9.530609131E0,1.775466919E0
2.941146497E1,-4.857482910E-1,-9.439682007E0,2.356933594E0
2.941387586E1,-9.212341309E-1,-9.446868896E0,2.581863403E0
2.941628674E1,-8.231353760E-1,-9.260223389E0,2.711074829E0
2.941869763E1,-8.997039795E-1,-9.186050415E0,2.883346558E0
2.942110852E1,-7.848510742E-1,-9.178863525E0,3.093917847E0
2.942348889E1,-5.144500732E-1,-9.200408936E0,3.316452026E0
2.942589978E1,-1.531372070E-1,-9.233901978E0,3.582061768E0
2.942831067E1,2.679901123E-1,-9.303298950E0,3.713653564E0
2.943072156E1,5.670928955E-1,-9.317657471E0,3.905090332E0
2.943310193E1,7.752685547E-1,-9.291336060E0,4.110870361E0
2.943551282E1,9.331970215E-1,-9.437286377E0,4.074981689E0
2.943792371E1,9.403839111E-1,-9.523437500E0,4.017547607E0
2.944033460E1,1.055236816E0,-9.559326172E0,4.000793457E0
2.944271497E1,1.229904175E0,-9.616760254E0,3.988830566E0
2.944512586E1,1.277770996E0,-9.671783447E0,3.943374634E0
2.944753674E1,1.244262695E0,-9.772293091E0,3.993621826E0
2.944994763E1,1.375869751E0,-9.946960449E0,3.938583374E0
2.945235852E1,1.718048096E0,-9.891921997E0,3.897903442E0
2.945473889E1,2.098510742E0,-9.616760254E0,3.838088989E0
2.945714978E1,2.486145020E0,-9.473190308E0,3.826126099E0
2.945956067E1,2.852249146E0,-9.224334717E0,3.787841797E0
2.946197156E1,3.074783325E0,-8.870193481E0,3.706481934E0
2.946435193E1,3.247055054E0,-8.547164917E0,3.658630371E0
2.946676282E1,3.314056396E0,-8.264816284E0,3.543777466E0
2.946917371E1,3.359527588E0,-7.951354980E0,3.335601807E0
2.947158460E1,3.352340698E0,-7.700103760E0,3.165710449E0
2.947396497E1,3.354736328E0,-7.408172607E0,2.895309448E0
2.947637586E1,3.366699219E0,-7.190429688E0,2.684753418E0
2.947878674E1,3.342773438E0,-7.010971069E0,2.421539307E0
2.948119763E1,3.369094849E0,-6.862609863E0,2.146362305E0
2.948360852E1,3.330810547E0,-6.776473999E0,1.952545166E0
2.948598889E1,3.337982178E0,-6.709472656E0,1.749160767E0
2.948839978E1,3.419342041E0,-6.709472656E0,1.629516602E0
2.949081067E1,3.536590576E0,-6.644866943E0,1.502685547E0
2.949322156E1,3.598800659E0,-6.594619751E0,1.414154053E0
2.949560193E1,3.649047852E0,-6.592224121E0,1.366302490E0
2.949801282E1,3.661026001E0,-6.551544189E0,1.301696777E0
2.950042371E1,3.608383179E0,-6.498901367E0,1.296905518E0
2.950283460E1,3.632308960E0,-6.441482544E0,1.277770996E0
2.950521497E1,3.641876221E0,-6.419937134E0,1.284942627E0
2.950762586E1,3.622726440E0,-6.453445435E0,1.339981079E0
2.951003674E1,3.658630371E0,-6.434295654E0,1.445266724E0
2.951244763E1,3.706481934E0,-6.467803955E0,1.552947998E0
2.951482800E1,3.732803345E0,-6.498901367E0,1.686935425E0
2.951723889E1,3.711273193E0,-6.527618408E0,1.734802246E0
2.951964978E1,3.730407715E0,-6.558731079E0,1.787445068E0
2.952206067E1,3.720840454E0,-6.565902710E0,1.785049438E0
2.952447156E1,3.682556152E0,-6.565902710E0,1.797012329E0
2.952688245E1,3.658630371E0,-6.587448120E0,1.768295288E0
2.952929334E1,3.591629028E0,-6.652053833E0,1.746765137E0
2.953170423E1,3.510269165E0,-6.721435547E0,1.741973877E0
2.953411511E1,3.455230713E0,-6.778869629E0,1.720443726E0
2.953649549E1,3.479156494E0,-6.819549561E0,1.744369507E0
2.953890637E1,3.469589233E0,-6.848251343E0,1.792221069E0
2.954131726E1,3.438491821E0,-6.857833862E0,1.885543823E0
2.954372815E1,3.378662109E0,-6.860229492E0,1.909469604E0
2.954610852E1,3.345169067E0,-6.812362671E0,1.988433838E0
2.954851941E1,3.333206177E0,-6.841079712E0,2.024322510E0
2.955093030E1,3.275772095E0,-6.879364014E0,2.084152222E0
2.955334119E1,3.244674683E0,-6.953536987E0,2.160720825E0
2.955575208E1,3.259017944E0,-7.018142700E0,2.215759277E0
2.955813245E1,3.192031860E0,-7.042083740E0,2.321044922E0
2.956054334E1,3.148956299E0,-7.106689453E0,2.383255005E0
2.956295423E1,3.115447998E0,-7.190429688E0,2.462219238E0
2.956536511E1,3.026916504E0,-7.221542358E0,2.498107910E0
2.956774549E1,3.012557983E0,-7.276580811E0,2.548355103E0
2.957015637E1,2.931213379E0,-7.300506592E0,2.577072144E0
2.957256726E1,2.823532104E0,-7.374679565E0,2.577072144E0
2.957497815E1,2.735000610E0,-7.434494019E0,2.620147705E0
2.957735852E1,2.627319336E0,-7.532608032E0,2.617752075E0
2.957976941E1,2.545959473E0,-7.606781006E0,2.624923706E0
2.958218030E1,2.510070801E0,-7.716857910E0,2.677566528E0
2.958459119E1,2.399993896E0,-7.922637939E0,2.746963501E0
2.958700208E1,2.294723511E0,-8.054244995E0,2.806777954E0
2.958938245E1,2.266006470E0,-8.228912354E0,2.861816406E0
2.959179334E1,2.182250977E0,-8.372482300E0,2.955139160E0
2.959420423E1,2.096115112E0,-8.551940918E0,3.091522217E0
2.959661511E1,1.957336426E0,-8.640487671E0,3.182449341E0
2.959899549E1,1.921432495E0,-8.788833618E0,3.302093506E0
2.960140637E1,1.883148193E0,-8.992233276E0,3.409774780E0
2.960381726E1,1.902297974E0,-9.166900635E0,3.457626343E0
2.960622815E1,1.842468262E0,-9.272186279E0,3.558120728E0
2.960860852E1,1.823333740E0,-9.358322144E0,3.661026001E0
2.961101941E1,1.919036865E0,-9.427719116E0,3.661026001E0
2.961343030E1,2.038681030E0,-9.482757568E0,3.639480591E0
2.961584119E1,2.155929565E0,-9.578475952E0,3.651443481E0
2.961822156E1,2.311462402E0,-9.631118774E0,3.680160522E0
2.962063245E1,2.555541992E0,-9.690933228E0,3.670593262E0
2.962304334E1,2.900100708E0,-9.738784790E0,3.694519043E0
2.962545423E1,3.156127930E0,-9.760330200E0,3.730407715E0
2.962786511E1,3.395416260E0,-9.762710571E0,3.787841797E0
2.963024549E1,3.613159180E0,-9.695724487E0,3.926620483E0
2.963265637E1,3.835693359E0,-9.602401733E0,4.106079102E0
2.963506726E1,3.919448853E0,-9.509078979E0,4.249649048E0
2.963747815E1,3.919448853E0,-9.308074951E0,4.412368774E0
2.963985852E1,3.952941895E0,-9.032897949E0,4.479370117E0
2.964226941E1,3.948150635E0,-8.803192139E0,4.603790283E0
2.964468030E1,3.778274536E0,-8.525634766E0,4.740188599E0
2.964709119E1,3.476776123E0,-8.212173462E0,4.883758545E0
2.964947156E1,3.397811890E0,-7.982452393E0,4.960327148E0
2.965188245E1,3.302093506E0,-7.702499390E0,4.986648560E0
2.965429334E1,3.153747559E0,-7.518249512E0,5.003387451E0
2.965670423E1,2.821136475E0,-7.348358154E0,5.170883179E0
2.965911511E1,2.529220581E0,-7.233505249E0,5.290527344E0
2.966149549E1,2.206176758E0,-7.190429688E0,5.486740112E0
2.966390637E1,1.797012329E0,-7.171295166E0,5.709274292E0
2.966631726E1,1.182052612E0,-7.173675537E0,6.099304199E0
2.966872815E1,6.795654297E-1,-7.290924072E0,6.539581299E0
2.967110852E1,4.785614014E-1,-7.405792236E0,6.982254028E0
2.967351941E1,3.732757568E-1,-7.625930786E0,7.470397949E0
2.967593030E1,2.153472900E-1,-7.826919556E0,7.927429199E0
2.967834119E1,1.268157959E-1,-8.099700928E0,8.484954834E0
2.968072156E1,2.416687012E-1,-8.405990601E0,8.927627563E0
2.968313245E1,2.416687012E-1,-8.695510864E0,9.578475952E0
2.968554334E1,3.972015381E-1,-8.992233276E0,9.963714600E0
2.968795423E1,6.723785400E-1,-9.310470581E0,1.027478027E1
2.969036511E1,9.020996094E-1,-9.535400391E0,1.057388306E1
2.969274549E1,1.016952515E0,-9.628723145E0,1.084906006E1
2.969515637E1,1.004989624E0,-9.609573364E0,1.093998718E1
2.969756726E1,9.212341309E-1,-9.497116089E0,1.093759155E1
2.969997815E1,6.316986084E-1,-9.279373169E0,1.085145569E1
2.970235852E1,3.900299072E-1,-9.018554688E0,1.068156433E1
2.970476941E1,1.531372070E-1,-8.697906494E0,1.051406860E1
2.970718030E1,-9.332275391E-2,-8.365310669E0,1.035134888E1
2.970959119E1,-1.674957275E-1,-7.982452393E0,1.009053040E1
2.971197156E1,-1.076812744E-1,-7.599609375E0,9.683746338E0
2.971438245E1,2.129669189E-1,-7.195220947E0,9.250656128E0
2.971679334E1,7.034912109E-1,-6.831512451E0,8.874984741E0
2.971920423E1,1.263412476E0,-6.427124023E0,8.623733521E0
2.972161511E1,1.844863892E0,-6.051452637E0,8.379669189E0
2.972399549E1,2.301895142E0,-5.618347168E0,8.190628052E0
2.972640637E1,2.727813721E0,-5.240280151E0,7.977676392E0
2.972881726E1,3.101104736E0,-4.881362915E0,7.743179321E0
2.973122815E1,3.500701904E0,-4.570297241E0,7.463211060E0
2.973360852E1,3.840484619E0,-4.307083130E0,7.161712646E0
2.973601941E1,4.242477417E0,-4.077377319E0,6.853042603E0
2.973843030E1,4.625320435E0,-3.914657593E0,6.580261230E0
2.974084119E1,4.898101807E0,-3.826126099E0,6.295516968E0
2.974322156E1,5.142181396E0,-3.792617798E0,6.005981445E0
2.974563245E1,5.388641357E0,-3.795013428E0,5.589630127E0
2.974804334E1,5.632705688E0,-3.854843140E0,5.120635986E0
2.975045423E1,5.840881348E0,-3.979263306E0,4.625320435E0
2.975283460E1,6.027526855E0,-4.182647705E0,4.165908813E0
2.975524549E1,6.161514282E0,-4.460220337E0,3.725631714E0
2.975765637E1,6.056228638E0,-4.795211792E0,3.347564697E0
2.976006726E1,5.910278320E0,-5.180465698E0,2.971893311E0
2.976247815E1,5.807388306E0,-5.673385620E0,2.579467773E0
2.976485852E1,5.728424072E0,-6.195022583E0,2.280364990E0
2.976726941E1,5.682952881E0,-6.776473999E0,1.981262207E0
2.976968030E1,5.623138428E0,-7.369888306E0,1.691726685E0
2.977209119E1,5.714065552E0,-8.008773804E0,1.325622559E0
2.977447156E1,6.008377075E0,-8.791229248E0,7.944183350E-1
2.977688245E1,6.314666748E0,-9.781860352E0,1.674957275E-1
2.977929334E1,6.515655518E0,-1.095434570E1,-4.474639893E-1
2.978170423E1,6.731002808E0,-1.226800537E1,-8.255310059E-1
2.978408460E1,6.862609863E0,-1.361515808E1,-9.116668701E-1
2.978649549E1,6.922439575E0,-1.491445923E1,-7.800598145E-1
2.978890637E1,6.951156616E0,-1.626640320E1,-6.388854980E-1
2.979131726E1,7.030120850E0,-1.767098999E1,-5.024871826E-1
2.979372815E1,7.111465454E0,-1.907557678E1,-3.517456055E-1
2.979610852E1,7.106689453E0,-2.046342468E1,-1.962127686E-1
2.979851941E1,7.228713989E0,-2.173880005E1,-3.373870850E-1
2.980093030E1,7.176071167E0,-2.288734436E1,-6.125640869E-1
2.980334119E1,7.209579468E0,-2.391865540E1,-8.279113770E-1
2.980575208E1,7.740783691E0,-2.478247070E1,-8.590240479E-1
2.980816296E1,7.779067993E0,-2.554338074E1,-9.714813232E-1
2.981057385E1,7.281356812E0,-2.629951477E1,-9.834442139E-1
2.981298474E1,6.766906738E0,-2.702693176E1,-7.106628418E-1
2.981536511E1,6.149551392E0,-2.757728577E1,-2.871398926E-1
2.981777600E1,5.472381592E0,-2.782135010E1,1.244201660E-1
2.982018689E1,4.955535889E0,-2.778067017E1,5.910339355E-1
2.982259778E1,4.488937378E0,-2.757489014E1,1.057632446E0
2.982500867E1,4.376480103E0,-2.737150574E1,1.395019531E0
2.982738904E1,4.618148804E0,-2.710110474E1,1.622329712E0
2.982979993E1,5.032104492E0,-2.672782898E1,1.737182617E0
2.983221082E1,5.649459839E0,-2.621575928E1,1.763504028E0
2.983462171E1,6.221343994E0,-2.554098511E1,1.648651123E0
2.983700208E1,7.202392578E0,-2.470590210E1,1.328018188E0
2.983941296E1,8.063812256E0,-2.379423523E1,9.092712402E-1
2.984182385E1,8.786437988E0,-2.274139404E1,3.828582764E-1
2.984423474E1,9.241088867E0,-2.140379333E1,4.791259766E-3
2.984661511E1,9.250656128E0,-1.988674927E1,-3.182525635E-1
2.984902600E1,8.817550659E0,-1.835774231E1,-4.618072510E-1
2.985143689E1,8.013565063E0,-1.679522705E1,-4.689941406E-1
2.985384778E1,7.221542358E0,-1.540020752E1,-4.618072510E-1
2.985622815E1,6.563507080E0,-1.428515625E1,-5.575256348E-1
2.985863904E1,6.051452637E0,-1.330888367E1,-5.910339355E-1
2.986104993E1,5.685348511E0,-1.256950378E1,-5.024871826E-1
2.986346082E1,5.613555908E0,-1.191386414E1,-4.665985107E-1
2.986587171E1,5.575271606E0,-1.136112976E1,-4.067840576E-1
2.986825208E1,5.570495605E0,-1.095674133E1,-3.876342773E-1
2.987066296E1,5.501098633E0,-1.054039001E1,-3.302154541E-1
2.987307385E1,5.316848755E0,-1.014796448E1,-3.589172363E-1
2.987548474E1,5.063217163E0,-9.829711914E0,-3.182525635E-1
2.987786511E1,4.898101807E0,-9.561721802E0,-2.392883301E-1
2.988027600E1,4.816757202E0,-9.305694580E0,-1.172485352E-1
2.988268689E1,4.850250244E0,-9.114257812E0,-1.196441650E-1
2.988509778E1,4.847854614E0,-9.004196167E0,-2.560272217E-1
2.988747815E1,4.749755859E0,-8.896514893E0,-3.278198242E-1
2.988988904E1,4.608581543E0,-8.810379028E0,-3.445739746E-1
2.989229993E1,4.589431763E0,-8.807983398E0,-4.235229492E-1
2.989471082E1,4.505691528E0,-8.786437988E0,-5.455627441E-1
2.989712171E1,4.539184570E0,-8.654846191E0,-5.455627441E-1
2.989950208E1,4.572677612E0,-8.539978027E0,-5.312042236E-1
2.990191296E1,4.498504639E0,-8.372482300E0,-4.378814697E-1
2.990432385E1,4.383651733E0,-8.245666504E0,-4.163513184E-1
2.990670423E1,4.247253418E0,-8.059020996E0,-4.785614014E-1
2.990911511E1,4.187438965E0,-7.886749268E0,-4.689941406E-1
2.991152600E1,4.091720581E0,-7.690536499E0,-4.929199219E-1
2.991393689E1,4.058227539E0,-7.468002319E0,-4.139556885E-1
2.991634778E1,4.007980347E0,-7.264602661E0,-3.110656738E-1
2.991872815E1,3.847656250E0,-7.152145386E0,-3.876342773E-1
2.992113904E1,3.273376465E0,-7.125823975E0,-4.355010986E-1
2.992354993E1,3.127426147E0,-6.891326904E0,-4.139556885E-1
2.992596082E1,3.806976318E0,-7.020538330E0,-1.196289062E-2
2.992837171E1,4.575073242E0,-7.101898193E0,-6.508483887E-1
2.993075208E1,5.245071411E0,-7.046859741E0,-1.258621216E0
2.993316296E1,5.740386963E0,-7.013366699E0,-1.651046753E0
2.993557385E1,6.049057007E0,-6.960723877E0,-1.964508057E0
2.993798474E1,6.163909912E0,-6.951156616E0,-2.277969360E0
2.994036511E1,6.206985474E0,-6.884155273E0,-2.426315308E0
2.994277600E1,6.175872803E0,-6.814758301E0,-2.524429321E0
2.994518689E1,6.084945679E0,-6.750152588E0,-2.423934937E0
2.994759778E1,5.862411499E0,-6.709472656E0,-2.074584961E0
2.994997815E1,5.615951538E0,-6.661621094E0,-1.639083862E0
2.995238904E1,5.498703003E0,-6.635299683E0,-1.043273926E0
2.995479993E1,5.347961426E0,-6.616149902E0,-4.570312500E-1
2.995721082E1,5.190032959E0,-6.597015381E0,1.986083984E-1
2.995962171E1,4.953140259E0,-6.549148560E0,7.944183350E-1
2.996200208E1,4.637283325E0,-6.520446777E0,1.313659668E0
2.996441296E1,4.252044678E0,-6.522827148E0,1.813766479E0
2.996682385E1,3.883544922E0,-6.486938477E0,2.213363647E0
2.996923474E1,3.567703247E0,-6.448654175E0,2.569885254E0
2.997161511E1,3.292526245E0,-6.388839722E0,2.857025146E0
2.997402600E1,3.034103394E0,-6.336196899E0,3.091522217E0
2.997643689E1,2.787643433E0,-6.290725708E0,3.266204834E0
2.997884778E1,2.567504883E0,-6.218948364E0,3.436096191E0
2.998122815E1,2.313858032E0,-6.120834351E0,3.493515015E0
2.998363904E1,2.031509399E0,-6.058624268E0,3.560516357E0
2.998604993E1,1.691726685E0,-6.013168335E0,3.615554810E0
2.998846082E1,1.371093750E0,-5.989242554E0,3.629913330E0
2.999084119E1,1.127014160E0,-5.950942993E0,3.675369263E0
2.999325208E1,8.518524170E-1,-5.929412842E0,3.766296387E0
2.999566296E1,6.197357178E-1,-5.938980103E0,3.785446167E0
2.999807385E1,3.780670166E-1,-5.929412842E0,3.818939209E0
3.000048474E1,1.316070557E-1,-5.919845581E0,3.835693359E0
3.000286511E1,-5.503845215E-2,-5.922241211E0,3.835693359E0
3.000527600E1,-2.033843994E-1,-5.895919800E0,3.859619141E0
3.000768689E1,-3.828582764E-1,-5.905487061E0,3.929016113E0
3.001009778E1,-5.072784424E-1,-5.898315430E0,3.988830566E0
3.001247815E1,-6.867370605E-1,-5.895919800E0,4.039077759E0
3.001488904E1,-8.733825684E-1,-5.929412842E0,4.158721924E0
3.001729993E1,-1.016952515E0,-6.029907227E0,4.220932007E0
3.001971082E1,-1.170089722E0,-6.132797241E0,4.237686157E0
3.002209119E1,-1.146163940E0,-6.242874146E0,4.213760376E0
3.002450208E1,-9.762725830E-1,-6.319442749E0,4.170684814E0
3.002691296E1,-1.045669556E0,-6.451049805E0,4.115661621E0
3.002932385E1,-1.100692749E0,-6.613769531E0,4.122833252E0
3.003173474E1,-1.196411133E0,-6.793228149E0,4.070190430E0
3.003411511E1,-1.325622559E0,-6.989440918E0,3.962509155E0
3.003652600E1,-1.366302490E0,-7.199996948E0,3.833297729E0
3.003893689E1,-1.380661011E0,-7.401000977E0,3.778274536E0
3.004134778E1,-1.442871094E0,-7.539779663E0,3.649047852E0
3.004372815E1,-1.521835327E0,-7.731216431E0,3.584442139E0
3.004613904E1,-1.526626587E0,-7.860427856E0,3.467193604E0
3.004854993E1,-1.581649780E0,-7.951354980E0,3.306884766E0
3.005096082E1,-1.603195190E0,-8.011169434E0,3.177673340E0
3.005334119E1,-1.660614014E0,-8.049453735E0,2.998199463E0
3.005575208E1,-1.670196533E0,-8.056640625E0,2.837890625E0
3.005816296E1,-1.641479492E0,-8.037490845E0,2.663208008E0
3.006057385E1,-1.603195190E0,-7.972885132E0,2.519638062E0
3.006298474E1,-1.562515259E0,-7.881958008E0,2.333007812E0
3.006536511E1,-1.524230957E0,-7.795822144E0,2.155929565E0
3.006777600E1,-1.500305176E0,-7.673782349E0,1.945358276E0
3.007018689E1,-1.469192505E0,-7.566101074E0,1.739578247E0
3.007259778E1,-1.476364136E0,-7.417755127E0,1.533798218E0
3.007497815E1,-1.375869751E0,-7.312469482E0,1.318450928E0
3.007738904E1,-1.294509888E0,-7.159332275E0,1.119842529E0
3.007979993E1,-1.203582764E0,-6.989440918E0,8.255310059E-1
3.008221082E1,-1.012161255E0,-6.850646973E0,6.412811279E-1
3.008459119E1,-8.398742676E-1,-6.683151245E0,3.469543457E-1
3.008700208E1,-5.814514160E-1,-6.577865601E0,1.172485352E-1
3.008941296E1,-3.493499756E-1,-6.384048462E0,-1.459655762E-1
3.009182385E1,-1.244201660E-1,-6.242874146E0,-4.785614014E-1
3.009423474E1,1.340026855E-1,-6.142379761E0,-8.159484863E-1
3.009664563E1,3.708801270E-1,-6.041870117E0,-1.088729858E0
3.009905652E1,6.556396484E-1,-5.996414185E0,-1.256225586E0
3.010146741E1,8.853454590E-1,-5.912658691E0,-1.371093750E0
3.010387830E1,1.162918091E0,-5.857635498E0,-1.349548340E0
3.010625867E1,1.433303833E0,-5.843276978E0,-1.191619873E0
3.010866956E1,1.622329712E0,-5.804992676E0,-9.140625000E-1
3.011108045E1,1.744369507E0,-5.812164307E0,-5.335998535E-1
3.011349133E1,1.820938110E0,-5.812164307E0,-7.417297363E-2
3.011587171E1,1.837692261E0,-5.826522827E0,4.785614014E-1
3.011828259E1,1.794616699E0,-5.824127197E0,1.093521118E0
3.012069348E1,1.765899658E0,-5.819351196E0,1.703689575E0
3.012310437E1,1.780258179E0,-5.843276978E0,2.318649292E0
3.012548474E1,1.820938110E0,-5.871994019E0,2.969497681E0
3.012789563E1,1.868789673E0,-5.900695801E0,3.653839111E0
3.013030652E1,1.950149536E0,-5.888732910E0,4.345367432E0
3.013271741E1,2.060226440E0,-5.879165649E0,5.087142944E0
3.013512830E1,2.199005127E0,-5.891128540E0,5.886337280E0
3.013750867E1,2.361709595E0,-5.886337280E0,6.714263916E0
3.013991956E1,2.610565186E0,-5.881561279E0,7.578063965E0
3.014233045E1,2.931213379E0,-5.879165649E0,8.516052246E0
3.014474133E1,3.261413574E0,-5.848052979E0,9.489929199E0
3.014712171E1,3.728012085E0,-5.888732910E0,1.047816467E1
3.014953259E1,4.230514526E0,-5.888732910E0,1.150947571E1
3.015194348E1,4.754531860E0,-5.917449951E0,1.253359985E1
3.015435437E1,5.326416016E0,-5.879165649E0,1.347398376E1
3.015673474E1,5.888732910E0,-5.934204102E0,1.430668640E1
3.015914563E1,6.486938477E0,-5.931808472E0,1.487857056E1
3.016155652E1,7.025329590E0,-5.881561279E0,1.514656067E1
3.016396741E1,7.587646484E0,-5.807388306E0,1.515853882E1
3.016634778E1,8.209777832E0,-5.694915771E0,1.479960632E1
3.016875867E1,8.901306152E0,-5.541778564E0,1.434017944E1
3.017116956E1,9.477966309E0,-5.414962769E0,1.370368958E1
3.017358045E1,1.005464172E1,-5.338394165E0,1.303849792E1
3.017599133E1,1.068395996E1,-5.297714233E0,1.240438843E1
3.017837171E1,1.126541138E1,-5.268997192E0,1.185165405E1
3.018078259E1,1.181814575E1,-5.273788452E0,1.139462280E1
3.018319348E1,1.234457397E1,-5.321640015E0,1.097109985E1
3.018560437E1,1.282792664E1,-5.393417358E0,1.055952454E1
3.018798474E1,1.328973389E1,-5.529815674E0,1.022213745E1
3.019039563E1,1.367736816E1,-5.721237183E0,9.879959106E0
3.019280652E1,1.400758362E1,-5.929412842E0,9.638290405E0
3.019521741E1,1.423011780E1,-6.151947021E0,9.473190308E0
3.019759778E1,1.439761353E1,-6.400802612E0,9.387039185E0
3.020000867E1,1.444786072E1,-6.690338135E0,9.415756226E0
3.020241956E1,1.439044189E1,-6.989440918E0,9.489929199E0
3.020483045E1,1.422532654E1,-7.286148071E0,9.489929199E0
3.020724133E1,1.387837219E1,-7.537399292E0,9.497116089E0
3.020962171E1,1.350987244E1,-7.721633911E0,9.511474609E0
3.021203259E1,1.300978088E1,-7.869995117E0,9.528213501E0
3.021444348E1,1.253839111E1,-7.972885132E0,9.509078979E0
3.021685437E1,1.201914978E1,-8.056640625E0,9.466003418E0
3.021923474E1,1.149990845E1,-8.114059448E0,9.434906006E0
3.022164563E1,1.093998718E1,-8.157135010E0,9.363113403E0
3.022405652E1,1.042314148E1,-8.207382202E0,9.047256470E0
3.022646741E1,9.896713257E0,-8.216949463E0,8.535202026E0
3.022884778E1,9.365509033E0,-8.188232422E0,8.166702271E0
3.023125867E1,8.846267700E0,-8.154739380E0,7.680953979E0
3.023366956E1,8.274383545E0,-8.066207886E0,7.247863770E0
3.023608045E1,7.697708130E0,-8.018356323E0,6.857833862E0
3.023849133E1,7.173675537E0,-7.946563721E0,6.441482544E0
3.024087171E1,6.697509766E0,-7.896316528E0,5.962921143E0
3.024328259E1,6.233306885E0,-7.891525269E0,5.505889893E0
3.024569348E1,5.821731567E0,-7.850845337E0,5.036895752E0
3.024810437E1,5.453247070E0,-7.843673706E0,4.486541748E0
3.025048474E1,5.032104492E0,-7.889129639E0,3.895507812E0
3.025289563E1,4.685150146E0,-7.970489502E0,3.237487793E0
3.025530652E1,4.350158691E0,-8.142776489E0,2.502899170E0
3.025771741E1,4.055831909E0,-8.432312012E0,1.751541138E0
3.026009778E1,3.775878906E0,-8.834304810E0,1.055236816E0
3.026250867E1,3.570098877E0,-9.396621704E0,5.886383057E-1
3.026491956E1,3.385848999E0,-9.906280518E0,3.254241943E-1
3.026733045E1,3.259017944E0,-1.035614014E1,2.895355225E-1
3.026974133E1,3.201599121E0,-1.077726746E1,4.235229492E-1
3.027212171E1,3.270996094E0,-1.114816284E1,7.680969238E-1
3.027453259E1,3.402587891E0,-1.147598267E1,1.232299805E0
3.027694348E1,3.634704590E0,-1.177986145E1,1.789825439E0
3.027932385E1,3.905090332E0,-1.205503845E1,2.514862061E0
3.028173474E1,4.153945923E0,-1.232542419E1,3.431304932E0
3.028414563E1,4.421936035E0,-1.251446533E1,4.625320435E0
3.028655652E1,4.651641846E0,-1.260778809E1,6.034698486E0
3.028896741E1,4.945968628E0,-1.263410950E1,7.535003662E0
3.029134778E1,5.271392822E0,-1.261495972E1,8.918045044E0
3.029375867E1,5.642272949E0,-1.252163696E1,1.006660461E1
3.029616956E1,6.072982788E0,-1.242114258E1,1.087777710E1
3.029858045E1,6.620941162E0,-1.221057129E1,1.127258301E1
3.030096082E1,7.262222290E0,-1.187797546E1,1.118405151E1
3.030337171E1,7.795822144E0,-1.145922852E1,1.060977173E1
3.030578259E1,8.104492188E0,-1.094955444E1,9.542572021E0
3.030819348E1,7.948959351E0,-1.043270874E1,8.023132324E0
3.031060437E1,7.357925415E0,-9.973281860E0,6.297912598E0
3.031298474E1,6.446258545E0,-9.384643555E0,4.541580200E0
3.031539563E1,5.410171509E0,-8.815155029E0,2.907272339E0
3.031780652E1,4.467407227E0,-8.362915039E0,1.512268066E0
3.032021741E1,3.428909302E0,-7.970489502E0,3.134613037E-1
3.032259778E1,2.469390869E0,-7.642669678E0,-6.843414307E-1
3.032500867E1,1.715652466E0,-7.436889648E0,-1.459625244E0
3.032741956E1,8.877410889E-1,-7.357925415E0,-1.933395386E0
3.032983045E1,4.547119141E-2,-7.355529785E0,-2.270782471E0
3.033221082E1,-6.986999512E-1,-7.456039429E0,-2.340179443E0
3.033462171E1,-1.282546997E0,-7.637893677E0,-2.208572388E0
3.033703259E1,-1.706085205E0,-7.881958008E0,-2.017150879E0
3.033944348E1,-1.966903687E0,-8.245666504E0,-1.672576904E0
3.034185437E1,-2.163116455E0,-8.633300781E0,-1.368698120E0
3.034423474E1,-2.392822266E0,-8.886947632E0,-1.045669556E0
3.034664563E1,-2.708679199E0,-9.171691895E0,-8.422698975E-1
3.034905652E1,-2.967102051E0,-9.523437500E0,-7.369842529E-1
3.035146741E1,-3.122634888E0,-9.860824585E0,-6.484527588E-1
3.035384778E1,-3.103485107E0,-1.021734619E1,-6.125640869E-1
3.035625867E1,-3.122634888E0,-1.057867432E1,-6.939239502E-1
3.035866956E1,-2.998199463E0,-1.085145569E1,-8.159484863E-1
3.036108045E1,-2.749359131E0,-1.107637024E1,-7.537384033E-1
3.036346082E1,-2.268402100E0,-1.123669434E1,-5.359954834E-1
3.036587171E1,-1.763504028E0,-1.138505554E1,-3.230285645E-1
3.036828259E1,-1.004989624E0,-1.136112976E1,-2.632141113E-2
3.037069348E1,-5.407714844E-1,-1.137547302E1,5.359954834E-1
3.037310437E1,-1.962127686E-1,-1.133958435E1,9.810638428E-1
3.037548474E1,2.656097412E-1,-1.121276855E1,1.347152710E0
3.037789563E1,5.001068115E-1,-1.108833313E1,1.710861206E0
3.038030652E1,9.571228027E-1,-1.092323303E1,2.141571045E0
3.038271741E1,1.292129517E0,-1.070788574E1,2.572280884E0
3.038512830E1,1.564910889E0,-1.055474854E1,2.847457886E0
3.038753919E1,1.782653809E0,-1.046620178E1,3.046066284E0
3.038995007E1,1.770690918E0,-1.051884460E1,3.187240601E0
3.039236096E1,1.887939453E0,-1.045423889E1,3.443267822E0
3.039474133E1,2.191818237E0,-1.045423889E1,3.682556152E0
3.039715222E1,2.694320679E0,-1.049252319E1,3.830902100E0
3.039956311E1,3.029312134E0,-1.057388306E1,3.919448853E0
3.040197400E1,3.445663452E0,-1.055952454E1,3.986450195E0
3.040438489E1,3.914657593E0,-1.046142578E1,4.089340210E0
3.040676526E1,4.213760376E0,-1.043750000E1,4.089340210E0
3.040917615E1,4.637283325E0,-1.040159607E1,4.058227539E0
3.041158704E1,4.957931519E0,-1.034417725E1,3.988830566E0
3.041399793E1,5.278564453E0,-1.028195190E1,3.948150635E0
3.041637830E1,5.503494263E0,-1.019104004E1,3.914657593E0
3.041878919E1,5.651840210E0,-1.012881470E1,3.869201660E0
3.042120007E1,5.749954224E0,-9.990036011E0,3.845260620E0
3.042361096E1,5.694915771E0,-9.829711914E0,3.850051880E0
3.042599133E1,5.714065552E0,-9.623931885E0,3.945770264E0
3.042840222E1,5.946166992E0,-9.482757568E0,3.917053223E0
3.043081311E1,6.001205444E0,-9.430114746E0,3.931411743E0
3.043322400E1,5.898315430E0,-9.401397705E0,3.850051880E0
3.043560437E1,5.893524170E0,-9.288940430E0,3.775878906E0
3.043801526E1,5.927017212E0,-9.142974854E0,3.699310303E0
3.044042615E1,6.118453979E0,-8.855834961E0,3.749557495E0
3.044283704E1,7.111465454E0,-8.032699585E0,3.873977661E0
3.044524793E1,7.563705444E0,-8.195419312E0,2.735000610E0
3.044762830E1,6.283554077E0,-8.319839478E0,2.878570557E0
3.045003919E1,5.625518799E0,-8.374877930E0,2.742172241E0
3.045245007E1,5.017745972E0,-8.413162231E0,2.679962158E0
3.045486096E1,4.472183228E0,-8.575881958E0,2.617752075E0
3.045724133E1,3.964904785E0,-8.750549316E0,2.780456543E0
3.045965222E1,3.694519043E0,-8.714660645E0,2.782852173E0
3.046206311E1,3.275772095E0,-8.719451904E0,3.014953613E0
3.046447400E1,2.962310791E0,-8.736190796E0,3.211166382E0
3.046685437E1,2.591430664E0,-8.805587769E0,3.395416260E0
3.046926526E1,2.187042236E0,-8.879760742E0,3.596405029E0
3.047167615E1,1.990829468E0,-8.961120605E0,3.792617798E0
3.047408704E1,1.787445068E0,-8.982650757E0,3.931411743E0
3.047649793E1,1.603195190E0,-8.918045044E0,3.850051880E0
3.047887830E1,1.404586792E0,-8.798416138E0,3.670593262E0
3.048128919E1,1.301696777E0,-8.724227905E0,3.558120728E0
3.048370007E1,1.194015503E0,-8.726623535E0,3.371490479E0
3.048611096E1,1.081558228E0,-8.867797852E0,3.323623657E0
3.048849133E1,1.052841187E0,-9.075973511E0,3.393020630E0
3.049090222E1,1.205978394E0,-9.202789307E0,3.500701904E0
3.049331311E1,1.277770996E0,-9.418151855E0,3.534194946E0
3.049572400E1,1.249053955E0,-9.590438843E0,3.448059082E0
3.049810437E1,1.287338257E0,-9.705291748E0,3.314056396E0
3.050051526E1,1.021728516E0,-9.858428955E0,3.072387695E0
3.050292615E1,4.713897705E-1,-1.009053040E1,2.866607666E0
3.050533704E1,7.177734375E-2,-1.027957153E1,2.667999268E0
3.050774793E1,-1.651000977E-1,-1.044706726E1,2.486145020E0
3.051012830E1,-2.967071533E-1,-1.057148743E1,2.289932251E0
3.051253919E1,-3.613128662E-1,-1.067916870E1,2.096115112E0
3.051495007E1,-1.411743164E-1,-1.056671143E1,1.811370850E0
3.051736096E1,-1.268157959E-1,-1.047099304E1,1.574478149E0
3.051974133E1,-9.332275391E-2,-1.023410034E1,1.351943970E0
3.052215222E1,-2.536315918E-1,-1.007617188E1,1.284942627E0
3.052456311E1,-6.747741699E-1,-9.968505859E0,1.497909546E0
3.052697400E1,-8.494567871E-1,-9.810577393E0,1.579269409E0
3.052935437E1,-9.619140625E-1,-9.650253296E0,1.823333740E0
3.053176526E1,-9.978027344E-1,-9.449264526E0,1.966903687E0
3.053417615E1,-9.260253906E-1,-9.193222046E0,2.017150879E0
3.053658704E1,-8.685913086E-1,-9.075973511E0,2.072189331E0
3.053896741E1,-6.340942383E-1,-8.901306152E0,2.263610840E0
3.054137830E1,-3.397827148E-1,-8.803192139E0,2.510070801E0
3.054378919E1,7.171630859E-3,-8.841476440E0,2.778060913E0
3.054620007E1,3.661041260E-1,-8.719451904E0,3.211166382E0
3.054861096E1,5.240325928E-1,-8.709869385E0,3.577270508E0
3.055099133E1,9.308013916E-1,-8.700302124E0,3.517456055E0
3.055340222E1,1.354339600E0,-8.834304810E0,3.407379150E0
3.055581311E1,1.564910889E0,-9.188446045E0,3.483947754E0
3.055822400E1,1.799407959E0,-9.494720459E0,3.510269165E0
3.056060437E1,2.029113770E0,-9.602401733E0,3.713653564E0
3.056301526E1,2.256439209E0,-9.839294434E0,3.840484619E0
3.056542615E1,2.565109253E0,-9.925430298E0,4.031906128E0
3.056783704E1,2.871383667E0,-1.000199890E1,4.232910156E0
3.057021741E1,3.058029175E0,-1.010728455E1,4.388442993E0
3.057262830E1,3.196807861E0,-9.970886230E0,4.462615967E0
3.057503919E1,3.242279053E0,-9.832107544E0,4.517654419E0
3.057745007E1,3.208770752E0,-9.736389160E0,4.610961914E0
3.057986096E1,3.156127930E0,-9.561721802E0,4.721038818E0
3.058224133E1,3.158523560E0,-9.420547485E0,4.747360229E0
3.058465222E1,3.187240601E0,-9.334396362E0,4.788040161E0
3.058706311E1,3.366699219E0,-9.162124634E0,4.898101807E0
3.058947400E1,3.304489136E0,-8.913269043E0,4.855041504E0
3.059185437E1,3.058029175E0,-8.760131836E0,4.620544434E0
3.059426526E1,3.074783325E0,-8.652450562E0,4.381256104E0
3.059667615E1,3.168090820E0,-8.592620850E0,4.103683472E0
3.059908704E1,3.357131958E0,-8.386840820E0,3.696914673E0
3.060146741E1,3.299697876E0,-8.338989258E0,3.263809204E0
3.060387830E1,3.220733643E0,-8.248062134E0,2.868988037E0
3.060628919E1,3.299697876E0,-8.066207886E0,2.435897827E0
3.060870007E1,3.273376465E0,-8.025527954E0,2.048263550E0
3.061111096E1,3.235092163E0,-8.003997803E0,1.715652466E0
3.061349133E1,3.213562012E0,-7.881958008E0,1.454833984E0
3.061590222E1,3.141769409E0,-7.807785034E0,1.227523804E0
3.061831311E1,3.105880737E0,-7.764709473E0,9.738769531E-1
3.062072400E1,3.093917847E0,-7.661819458E0,7.633056641E-1
3.062310437E1,3.062820435E0,-7.578063965E0,6.245269775E-1
3.062551526E1,3.041275024E0,-7.587646484E0,4.642028809E-1
3.062792615E1,3.017349243E0,-7.604385376E0,2.895355225E-1
3.063033704E1,3.086746216E0,-7.673782349E0,1.914215088E-1
3.063271741E1,3.196807861E0,-7.714462280E0,9.092712402E-2
3.063512830E1,3.381057739E0,-7.800598145E0,-1.196289062E-2
3.063753919E1,3.565307617E0,-7.927429199E0,-3.588867188E-2
3.063995007E1,3.756729126E0,-8.018356323E0,-8.613586426E-2
3.064236096E1,3.969696045E0,-8.126022339E0,-1.124572754E-1
3.064474133E1,4.168304443E0,-8.204986572E0,-1.674957275E-1
3.064715222E1,4.352539062E0,-8.176269531E0,-2.201385498E-1
3.064956311E1,4.457824707E0,-8.228912354E0,-2.703857422E-1
3.065197400E1,4.505691528E0,-8.260025024E0,-2.967071533E-1
3.065435437E1,4.575073242E0,-8.310272217E0,-3.517456055E-1
3.065676526E1,4.644470215E0,-8.286346436E0,-3.517456055E-1
3.065917615E1,4.673187256E0,-8.231307983E0,-4.067840576E-1
3.066158704E1,4.632507324E0,-8.133209229E0,-3.589172363E-1
3.066396741E1,4.620544434E0,-8.003997803E0,-2.823486328E-1
3.066637830E1,4.500900269E0,-7.874786377E0,-1.387786865E-1
3.066878919E1,4.386047363E0,-7.750350952E0,1.196289062E-2
3.067120007E1,4.266403198E0,-7.606781006E0,2.273254395E-1
3.067361096E1,4.067794800E0,-7.477569580E0,4.570312500E-1
3.067602185E1,3.888336182E0,-7.345962524E0,6.388854980E-1
3.067843274E1,3.646667480E0,-7.152145386E0,8.327026367E-1
3.068084363E1,3.433700562E0,-7.037292480E0,1.024124146E0
3.068325452E1,3.206375122E0,-6.960723877E0,1.251449585E0
3.068563489E1,2.979064941E0,-6.881759644E0,1.507476807E0
3.068804578E1,2.813964844E0,-6.881759644E0,1.773086548E0
3.069045667E1,2.660812378E0,-6.905685425E0,1.983642578E0
3.069286756E1,2.555541992E0,-6.951156616E0,2.249252319E0
3.069524793E1,2.505279541E0,-7.030120850E0,2.433502197E0
3.069765882E1,2.313858032E0,-7.154541016E0,2.677566528E0
3.070006970E1,2.194213867E0,-7.338790894E0,2.921630859E0
3.070248059E1,2.096115112E0,-7.544570923E0,3.050842285E0
3.070486096E1,2.009963989E0,-7.731216431E0,3.156127930E0
3.070727185E1,2.139190674E0,-8.018356323E0,3.316452026E0
3.070968274E1,2.127212524E0,-8.178665161E0,3.488739014E0
3.071209363E1,1.923828125E0,-8.331802368E0,3.739974976E0
3.071450452E1,1.789825439E0,-8.453842163E0,4.012756348E0
3.071688489E1,1.880752563E0,-8.590240479E0,4.177871704E0
3.071929578E1,1.856826782E0,-8.717056274E0,4.493728638E0
3.072170667E1,1.911865234E0,-8.781661987E0,4.838287354E0
3.072411756E1,2.038681030E0,-8.839080811E0,5.106277466E0
3.072649793E1,2.280364990E0,-8.836700439E0,5.369491577E0
3.072890882E1,2.404785156E0,-8.812759399E0,5.749954224E0
3.073131970E1,2.337783813E0,-8.736190796E0,6.137588501E0
3.073373059E1,2.529220581E0,-8.690734863E0,6.455841064E0
3.073611096E1,2.818740845E0,-8.590240479E0,6.726226807E0
3.073852185E1,3.026916504E0,-8.444274902E0,7.034896851E0
3.074093274E1,3.397811890E0,-8.336593628E0,7.176071167E0
3.074334363E1,3.582061768E0,-8.190628052E0,7.470397949E0
3.074572400E1,3.603591919E0,-8.006378174E0,7.759918213E0
3.074813489E1,3.605987549E0,-7.858032227E0,7.968093872E0
3.075054578E1,3.806976318E0,-7.743179321E0,8.090133667E0
3.075295667E1,3.711273193E0,-7.599609375E0,8.367706299E0
3.075536756E1,3.553344727E0,-7.532608032E0,8.520843506E0
3.075774793E1,3.347564697E0,-7.463211060E0,8.719451904E0
3.076015882E1,3.012557983E0,-7.384246826E0,8.851058960E0
3.076256970E1,2.809173584E0,-7.369888306E0,8.903686523E0
3.076498059E1,2.632110596E0,-7.379470825E0,8.891723633E0
3.076736096E1,2.225326538E0,-7.384246826E0,8.831909180E0
3.076977185E1,1.701293945E0,-7.436889648E0,8.755340576E0
3.077218274E1,1.330413818E0,-7.558929443E0,8.549560547E0
3.077459363E1,9.044799805E-1,-7.652252197E0,8.350952148E0
3.077697400E1,4.546356201E-1,-7.769500732E0,8.135604858E0
3.077938489E1,6.460571289E-2,-7.932205200E0,7.891525269E0
3.078179578E1,-2.153472900E-1,-8.075775146E0,7.604385376E0
3.078420667E1,-5.001068115E-1,-8.260025024E0,7.401000977E0
3.078661756E1,-6.532440186E-1,-8.499313354E0,7.142578125E0
3.078899793E1,-6.867370605E-1,-8.793624878E0,6.953536987E0
3.079140882E1,-6.269226074E-1,-9.085556030E0,6.790832520E0
3.079381970E1,-4.235229492E-1,-9.461227417E0,6.652053833E0
3.079623059E1,-7.417297363E-2,-9.877578735E0,6.541976929E0
3.079861096E1,3.421783447E-1,-1.026998901E1,6.486938477E0
3.080102185E1,6.867370605E-1,-1.067437744E1,6.498901367E0
3.080343274E1,1.036087036E0,-1.105723572E1,6.637695312E0
3.080584363E1,1.466796875E0,-1.136112976E1,6.786041260E0
3.080822400E1,1.768295288E0,-1.155494690E1,7.070785522E0
3.081063489E1,1.978866577E0,-1.164587402E1,7.355529785E0
3.081304578E1,2.062606812E0,-1.153100586E1,7.609176636E0
3.081545667E1,1.993225098E0,-1.132762146E1,7.781463623E0
3.081786756E1,1.885543823E0,-1.101176453E1,7.812561035E0
3.082024793E1,1.883148193E0,-1.063131714E1,7.783859253E0
3.082265882E1,2.014755249E0,-1.027478027E1,7.680953979E0
3.082506970E1,2.356933594E0,-9.903900146E0,7.592422485E0
3.082748059E1,2.794815063E0,-9.554534912E0,7.422531128E0
3.082986096E1,3.275772095E0,-9.226730347E0,7.231109619E0
3.083227185E1,3.730407715E0,-8.819946289E0,7.006179810E0
3.083468274E1,4.125228882E0,-8.434707642E0,6.733398438E0
3.083709363E1,4.421936035E0,-8.068603516E0,6.506088257E0
3.083947400E1,4.606185913E0,-7.726425171E0,6.271591187E0
3.084188489E1,4.819152832E0,-7.436889648E0,6.058624268E0
3.084429578E1,5.044067383E0,-7.094726562E0,5.833694458E0
3.084670667E1,5.278564453E0,-6.790832520E0,5.603988647E0
3.084908704E1,5.481964111E0,-6.508483887E0,5.383850098E0
3.085149793E1,5.644668579E0,-6.242874146E0,5.134994507E0
3.085390882E1,5.776275635E0,-6.003585815E0,4.874176025E0
3.085631970E1,5.919845581E0,-5.831314087E0,4.625320435E0
3.085873059E1,6.010772705E0,-5.764312744E0,4.321441650E0
3.086111096E1,6.087341309E0,-5.699707031E0,3.986450195E0
3.086352185E1,6.118453979E0,-5.675781250E0,3.603591919E0
3.086593274E1,6.204589844E0,-5.670989990E0,3.208770752E0
3.086834363E1,6.223724365E0,-5.692520142E0,2.947952271E0
3.087072400E1,6.230911255E0,-5.692520142E0,2.854644775E0
3.087313489E1,6.154342651E0,-5.656631470E0,2.847457886E0
3.087554578E1,6.034698486E0,-5.654235840E0,2.852249146E0
3.087795667E1,5.898315430E0,-5.649459839E0,2.849853516E0
3.088033704E1,5.737991333E0,-5.687744141E0,2.816345215E0
3.088274793E1,5.649459839E0,-5.711669922E0,2.739776611E0
3.088515882E1,5.529815674E0,-5.726028442E0,2.624923706E0
3.088756970E1,5.498703003E0,-5.769088745E0,2.431106567E0
3.088998059E1,5.525024414E0,-5.867202759E0,2.251647949E0
3.089236096E1,5.594421387E0,-6.025131226E0,2.065002441E0
3.089477185E1,5.737991333E0,-6.345764160E0,1.897506714E0
3.089718274E1,5.898315430E0,-6.702301025E0,1.808975220E0
3.089959363E1,6.116058350E0,-7.178466797E0,1.710861206E0
3.090197400E1,6.343368530E0,-7.740783691E0,1.512268066E0
3.090438489E1,6.364913940E0,-8.472991943E0,1.304092407E0
3.090679578E1,6.271591187E0,-9.358322144E0,1.064804077E0
3.090920667E1,6.216552734E0,-1.027478027E1,7.992095947E-1
3.091158704E1,6.108871460E0,-1.118165588E1,6.293182373E-1
3.091399793E1,6.077774048E0,-1.212443542E1,4.953155518E-1
3.091640882E1,6.032302856E0,-1.307678223E1,3.589172363E-1
3.091881970E1,6.005981445E0,-1.403630066E1,3.110656738E-1
3.092123059E1,5.986846924E0,-1.495753479E1,3.325958252E-1
3.092361096E1,6.020339966E0,-1.593141174E1,3.493499756E-1
3.092602185E1,6.049057007E0,-1.698185730E1,2.081756592E-1
3.092843274E1,5.934204102E0,-1.807060242E1,1.244201660E-1
3.093084363E1,6.015548706E0,-1.908036804E1,1.555328369E-1
3.093322400E1,6.056228638E0,-2.018585205E1,2.584228516E-1
3.093563489E1,6.173477173E0,-2.132722473E1,5.001068115E-1
3.093804578E1,6.147155762E0,-2.241835022E1,8.590240479E-1
3.094045667E1,6.348159790E0,-2.333480835E1,1.217941284E0
3.094283704E1,6.597015381E0,-2.402873230E1,1.536193848E0
3.094524793E1,6.608978271E0,-2.454318237E1,1.765899658E0
3.094765882E1,6.448654175E0,-2.499064636E1,1.878372192E0
3.095006970E1,5.994018555E0,-2.538305664E1,1.785049438E0
3.095248059E1,5.398208618E0,-2.562953186E1,1.744369507E0
3.095489148E1,4.510467529E0,-2.577070618E1,1.883148193E0
3.095730237E1,3.981658936E0,-2.585205078E1,2.155929565E0
3.095971326E1,3.747161865E0,-2.582812500E1,2.457427979E0
3.096212415E1,3.579666138E0,-2.562953186E1,2.641677856E0
3.096450452E1,3.859619141E0,-2.521795654E1,2.723037720E0
3.096691541E1,4.151550293E0,-2.456950378E1,2.694320679E0
3.096932630E1,4.661224365E0,-2.363630676E1,2.608169556E0
3.097173718E1,5.264205933E0,-2.240638733E1,2.641677856E0
3.097411756E1,5.759521484E0,-2.097787476E1,2.744567871E0
3.097652844E1,6.051452637E0,-1.955892944E1,2.835494995E0
3.097893933E1,5.955734253E0,-1.816152954E1,2.816345215E0
3.098135022E1,5.575271606E0,-1.686940002E1,2.689529419E0
3.098373059E1,4.974685669E0,-1.567538452E1,2.581863403E0
3.098614148E1,4.259231567E0,-1.467039490E1,2.368896484E0
3.098855237E1,3.653839111E0,-1.385684204E1,2.433502197E0
3.099096326E1,3.309280396E0,-1.317727661E1,2.352142334E0
3.099337415E1,3.089126587E0,-1.264128113E1,2.251647949E0
3.099575452E1,2.967102051E0,-1.222253418E1,2.160720825E0
3.099816541E1,2.770889282E0,-1.187797546E1,2.230117798E0
3.100057630E1,2.904891968E0,-1.156211853E1,2.289932251E0
3.100298718E1,3.163314819E0,-1.124388123E1,2.342575073E0
3.100536756E1,3.275772095E0,-1.097827148E1,2.246856689E0
